# t    rho at centre
0.000	0.8553
5.000	0.8604
10.000	0.8952
15.000	0.9076
20.000	1.0660
25.000	1.3256
30.000	1.6333
35.000	2.3574
40.000	2.8638
45.000	4.1664
50.000	5.1972
55.000	6.8510
60.000	8.8926
65.000	10.3790
70.000	13.7539
75.000	14.5109
80.000	19.2518
85.000	18.6472
90.000	24.3690
95.000	22.3567
100.000	29.0064
105.000	25.8857
110.000	33.3264
115.000	29.8552
120.000	37.6268
125.000	34.8859
130.000	42.3150
135.000	41.4202
140.000	47.4971
145.000	49.4310
150.000	52.4945
155.000	58.1586
160.000	56.1618
165.000	65.9952
170.000	58.1773
175.000	73.1536
180.000	60.0960
185.000	79.5054
190.000	63.5796
195.000	85.5151
200.000	70.6383
205.000	91.2679
210.000	82.3995
215.000	96.4632
220.000	98.3224
225.000	101.2904
230.000	117.0502
235.000	103.9863
240.000	133.2146
245.000	108.0309
250.000	145.8172
255.000	115.6974
260.000	152.8464
265.000	127.9824
270.000	152.7785
275.000	145.1486
280.000	147.3653
285.000	163.2314
290.000	141.4624
295.000	179.5908
300.000	140.0058
305.000	187.7980
310.000	144.9113
315.000	185.2938
320.000	159.9989
325.000	178.1475
330.000	182.1445
335.000	167.2152
340.000	205.6107
345.000	164.0994
350.000	222.6524
355.000	172.3711
360.000	226.8718
365.000	194.0947
370.000	219.9444
375.000	222.4149
380.000	204.5379
385.000	248.3416
390.000	195.5593
395.000	265.8359
400.000	202.2778
405.000	264.0917
410.000	225.7028
415.000	248.4179
420.000	258.8913
425.000	228.8162
430.000	289.9092
435.000	222.6873
440.000	305.5811
445.000	238.0592
450.000	297.4113
455.000	273.7850
460.000	278.4745
465.000	322.6712
470.000	263.4925
475.000	355.2647
480.000	269.2399
485.000	365.3528
490.000	303.6656
495.000	351.4341
500.000	359.3625
505.000	329.8975
510.000	416.5929
515.000	321.4631
520.000	445.6397
525.000	347.0662
530.000	443.5632
535.000	411.5569
540.000	419.3730
545.000	485.5759
550.000	396.8496
555.000	539.0247
560.000	404.3000
565.000	548.9935
570.000	456.2892
575.000	522.6450
580.000	536.2828
585.000	475.3596
590.000	600.1338
595.000	454.1908
600.000	629.2194
605.000	478.1445
610.000	593.9164
615.000	541.0502
620.000	531.7087
625.000	614.7142
630.000	480.5159
635.000	646.0570
640.000	478.7102
645.000	630.6695
650.000	524.4156
655.000	562.8409
660.000	591.9096
665.000	496.5758
670.000	641.5523
675.000	466.3400
680.000	629.9662
685.000	491.3155
690.000	561.6076
695.000	545.9754
700.000	478.1768
705.000	593.3368
710.000	434.3824
715.000	591.7042
720.000	443.6539
725.000	527.2136
730.000	503.8870
735.000	453.1413
740.000	552.0918
745.000	405.4043
750.000	560.1616
755.000	428.3605
760.000	518.4065
765.000	494.8529
770.000	452.4447
775.000	576.2443
780.000	427.0529
785.000	598.6603
790.000	462.4041
795.000	566.0669
800.000	554.5728
805.000	501.4985
810.000	641.1244
815.000	473.3053
820.000	669.7593
825.000	518.7620
830.000	624.3591
835.000	624.3848
840.000	564.4265
845.000	731.0788
850.000	536.8190
855.000	764.2578
860.000	603.3420
865.000	728.7863
870.000	724.0755
875.000	649.9422
880.000	856.0847
885.000	632.1534
890.000	902.0897
895.000	699.6916
900.000	855.4082
905.000	855.1946
910.000	768.0347
915.000	987.8440
920.000	731.1152
925.000	1039.8861
930.000	801.5186
935.000	973.0818
940.000	959.3275
945.000	864.0396
950.000	1111.5441
955.000	810.2325
960.000	1163.2244
965.000	894.5284
970.000	1095.2873
975.000	1063.9414
980.000	973.0843
985.000	1245.3125
990.000	913.0106
995.000	1287.8518
1000.000	980.8812
1005.000	1222.6748
1010.000	1175.6157
1015.000	1075.0877
1020.000	1337.8243
1025.000	989.6936
1030.000	1406.3720
1035.000	1037.1577
1040.000	1301.0092
1045.000	1211.5874
1050.000	1118.5729
1055.000	1373.2746
1060.000	998.3755
1065.000	1413.6574
1070.000	1033.2594
1075.000	1296.5064
1080.000	1188.3397
1085.000	1105.9214
1090.000	1347.6938
1095.000	977.0549
1100.000	1377.1892
1105.000	992.3862
1110.000	1242.7038
1115.000	1109.0262
1120.000	1020.2182
1125.000	1241.3358
1130.000	885.1186
1135.000	1238.3514
1140.000	878.5742
1145.000	1083.0118
1150.000	980.2022
1155.000	876.2506
1160.000	1072.1923
1165.000	745.1332
1170.000	1048.6814
1175.000	756.7459
1180.000	894.7077
1185.000	861.6657
1190.000	720.7368
1195.000	937.9317
1200.000	636.2737
1205.000	889.9900
1210.000	684.2933
1215.000	746.8525
1220.000	795.0276
1225.000	613.9320
1230.000	846.0518
1235.000	580.1617
1240.000	789.0049
1245.000	674.0853
1250.000	650.5648
1255.000	788.3836
1260.000	557.4247
1265.000	816.2710
1270.000	600.2294
1275.000	741.5695
1280.000	751.5067
1285.000	644.8945
1290.000	901.5191
1295.000	632.5833
1300.000	925.4121
1305.000	761.9985
1310.000	834.4477
1315.000	963.4437
1320.000	740.9582
1325.000	1095.9845
1330.000	780.5071
1335.000	1079.8825
1340.000	965.6719
1345.000	954.7298
1350.000	1218.4587
1355.000	888.7500
1360.000	1344.8174
1365.000	990.9688
1370.000	1295.1842
1375.000	1261.6462
1380.000	1150.7133
1385.000	1545.9809
1390.000	1096.2107
1395.000	1662.0166
1400.000	1259.1717
1405.000	1555.3672
1410.000	1580.8995
1415.000	1362.6685
1420.000	1875.6902
1425.000	1300.0461
1430.000	1941.7017
1435.000	1483.9941
1440.000	1748.7650
1445.000	1824.6737
1450.000	1493.5980
1455.000	2094.6773
1460.000	1422.4548
1465.000	2100.2214
1470.000	1646.9805
1475.000	1870.2720
1480.000	2037.8582
1485.000	1598.1740
1490.000	2299.3496
1495.000	1543.9049
1500.000	2235.8022
1505.000	1797.3943
1510.000	1919.5021
1515.000	2174.4086
1520.000	1625.8843
1525.000	2397.5967
1530.000	1610.4270
1535.000	2268.9309
1540.000	1899.4003
1545.000	1887.2877
1550.000	2254.6733
1555.000	1598.6242
1560.000	2407.1070
1565.000	1640.2845
1570.000	2237.0608
1575.000	2009.0301
1580.000	1879.9568
1585.000	2406.7318
1590.000	1637.0740
1595.000	2491.0337
1600.000	1733.6695
1605.000	2226.0068
1610.000	2111.1229
1615.000	1823.9908
1620.000	2466.1016
1625.000	1633.7771
1630.000	2503.6211
1635.000	1811.3266
1640.000	2174.8052
1645.000	2208.9071
1650.000	1773.5483
1655.000	2521.8904
1660.000	1629.4025
1665.000	2475.6023
1670.000	1873.6310
1675.000	2123.7946
1680.000	2301.3350
1685.000	1730.7610
1690.000	2544.0616
1695.000	1619.2735
1700.000	2407.1063
1705.000	1869.0994
1710.000	1948.0535
1715.000	2225.5673
1720.000	1566.2014
1725.000	2373.8225
1730.000	1509.0694
1735.000	2160.5192
1740.000	1770.0036
1745.000	1739.1758
1750.000	2104.3862
1755.000	1378.6731
1760.000	2139.2115
1765.000	1368.3633
1770.000	1854.4720
1775.000	1614.6501
1780.000	1416.9379
1785.000	1822.9363
1790.000	1135.9932
1795.000	1770.8929
1800.000	1146.5509
1805.000	1419.1732
1810.000	1372.4581
1815.000	1064.0183
1820.000	1526.6796
1825.000	903.5559
1830.000	1413.1566
1835.000	1017.7665
1840.000	1084.0521
1845.000	1200.2495
1850.000	807.8501
1855.000	1271.3902
1860.000	763.9888
1865.000	1082.4237
1870.000	912.6981
1875.000	805.1629
1880.000	1102.4439
1885.000	653.7501
1890.000	1114.0093
1895.000	767.0763
1900.000	945.1210
1905.000	1019.9983
1910.000	713.9170
1915.000	1175.9572
1920.000	695.8996
1925.000	1125.1935
1930.000	914.4515
1935.000	916.3631
1940.000	1218.2124
1945.000	745.4070
1950.000	1333.1077
1955.000	837.5583
1960.000	1268.0982
1965.000	1173.1898
1970.000	1048.8562
1975.000	1546.9898
1980.000	907.0528
1985.000	1687.3712
1990.000	1033.3286
1995.000	1571.4840
2000.000	1419.8942
2005.000	1272.8877
2010.000	1859.5534
2015.000	1095.2978
2020.000	2150.6746
2025.000	1201.9998
2030.000	2107.2717
2035.000	1624.5743
2040.000	1815.0767
2045.000	2238.3171
2050.000	1474.0820
2055.000	2732.6930
2060.000	1379.4215
2065.000	3106.2220
2070.000	1652.0655
2075.000	3136.6261
2080.000	2224.5322
2085.000	2992.6544
2090.000	2988.4909
2095.000	2888.8980
2100.000	3705.5640
2105.000	3307.0091
2110.000	3868.9109
2115.000	5434.8690
2120.000	1800.5471
2125.000	3892.2563
2130.000	998.0408
2135.000	4282.5110
2140.000	-81.0060
2145.000	1502.6195
2150.000	4.2851
2155.000	641.5246
2160.000	288.0727
2165.000	62.1873
2170.000	951.5333
2175.000	36.0334
