#          t             r = ...
   0.0000000    1.7141400000e+00    1.7191400000e+00    4.4500000000e+02    4.5000000000e+02    4.5500000000e+02
   0.0000000    3.4457544783e-03    3.4510256470e-03    1.6178058625e-03    1.6177109117e-03    1.6176180666e-03
   2.5000000    7.0137140938e-04    7.0072716833e-04   -3.4850655629e-03   -3.5011862821e-03   -3.5015018171e-03
   5.0000000    9.3633216663e-03    9.3442931974e-03   -4.1281638200e-03   -4.1575856852e-03   -4.1721720979e-03
   7.5000000    8.6538887441e-03    8.6680766620e-03   -3.9081737140e-03   -3.9389248192e-03   -3.9547358977e-03
  10.0000000    6.3400631734e-03    6.3447913387e-03   -8.9036822351e-03   -8.9353621715e-03   -8.9512691638e-03
  12.5000000    1.2884969943e-02    1.2882184654e-02   -1.0447448678e-02   -1.0479715274e-02   -1.0496091005e-02
  15.0000000    1.0321544378e-02    1.0353261494e-02   -9.5973552839e-03   -9.6314728802e-03   -9.6495773838e-03
  17.5000000    8.4908329060e-03    8.5065606835e-03   -1.4188438620e-02   -1.4223694011e-02   -1.4242828532e-02
  20.0000000    1.3448166269e-02    1.3458246639e-02   -1.6701011676e-02   -1.6736125465e-02   -1.6755025811e-02
  22.5000000    1.1182956215e-02    1.1223420941e-02   -1.5470569781e-02   -1.5500325728e-02   -1.5521166538e-02
  25.0000000    8.9339853157e-03    8.9600982896e-03   -1.9410696680e-02   -1.9442229682e-02   -1.9453843571e-02
  27.5000000    1.2932262209e-02    1.2949181982e-02   -2.2828010556e-02   -2.2856945227e-02   -2.2855591882e-02
  30.0000000    1.1563811125e-02    1.1607680664e-02   -2.1482302801e-02   -2.1513100737e-02   -2.1513504207e-02
  32.5000000    8.7939302687e-03    8.8284452064e-03   -2.4577451607e-02   -2.4610999761e-02   -2.4614012447e-02
  35.0000000    1.1992587809e-02    1.2013176395e-02   -2.8818240639e-02   -2.8850514863e-02   -2.8852206327e-02
  37.5000000    1.1765006584e-02    1.1808738010e-02   -2.7657395809e-02   -2.7690905641e-02   -2.7693743270e-02
  40.0000000    8.6684250239e-03    8.7095899425e-03   -2.9795446494e-02   -2.9832723844e-02   -2.9839166290e-02
  42.5000000    1.0980083035e-02    1.1003505276e-02   -3.4604935561e-02   -3.4630429405e-02   -3.4630848007e-02
  45.0000000    1.1913046941e-02    1.1954546150e-02   -3.3953594630e-02   -3.3990141665e-02   -3.3996407491e-02
  47.5000000    8.8300726019e-03    8.8764067518e-03   -3.5112427466e-02   -3.5144825779e-02   -3.5155370290e-02
  50.0000000    1.0091356472e-02    1.0118301954e-02   -4.0325644092e-02   -4.0358225150e-02   -4.0368899040e-02
  52.5000000    1.2033689895e-02    1.2072089949e-02   -4.0321271323e-02   -4.0370816728e-02   -4.0383214692e-02
  55.0000000    9.3646946939e-03    9.4147674008e-03   -4.0471671346e-02   -4.0507180037e-02   -4.0532760695e-02
  57.5000000    9.4986153012e-03    9.5303344253e-03   -5.6360922309e-02   -4.3630252604e-02   -4.3342754618e-02
  60.0000000    1.2115440641e-02    1.2150921282e-02   -1.5999720581e-01   -1.5836931922e-01   -1.6469537192e-01
  62.5000000    1.0237441745e-02    1.0289754648e-02   -4.4307940232e-02   -4.3974172642e-02   -4.3689959454e-02
  65.0000000    9.2751392263e-03    9.3130318133e-03   -4.9318592081e-02   -4.8981167035e-02   -4.8698211122e-02
  67.5000000    1.2134845873e-02    1.2168551510e-02   -5.1200432469e-02   -5.0859515517e-02   -5.0573115382e-02
  70.0000000    1.1360063046e-02    1.1413036644e-02   -5.1823726622e-02   -5.1862622758e-02   -5.1887505872e-02
  72.5000000    9.5024506006e-03    9.5474338301e-03   -5.6380259687e-02   -5.6425437955e-02   -5.6456463728e-02
  75.0000000    1.2114148643e-02    1.2147945414e-02   -6.1014910204e-02   -6.0675883143e-02   -6.0008681517e-02
  77.5000000    1.2584905114e-02    1.2637213800e-02   -5.7765337045e-02   -5.7807998568e-02   -5.7836513903e-02
  80.0000000    1.0193633814e-02    1.0245946420e-02   -4.8027278552e+00   -5.6414766423e+00   -5.5674644390e+00
  82.5000000    1.2107323217e-02    1.2143548199e-02   -4.8065369755e+00   -5.6452804495e+00   -5.5712629879e+00
  85.0000000    1.3782163722e-02    1.3832903978e-02   -4.8055916518e+00   -5.6437807954e+00   -5.5697634273e+00
  87.5000000    1.1329529875e-02    1.1388589697e-02   -4.8078415271e+00   -5.6465898142e+00   -5.5725793104e+00
  90.0000000    1.2191788498e-02    1.2232992844e-02   -7.1196110871e-02   -7.1249455875e-02   -7.1269471495e-02
  92.5000000    1.4828003985e-02    1.4877036397e-02   -6.9932932625e-02   -6.9976934876e-02   -7.0000360571e-02
  95.0000000    1.2828656301e-02    1.2893177985e-02   -7.1760165005e-02   -7.1797331254e-02   -7.1829972700e-02
  97.5000000    1.2488233120e-02    1.2536655196e-02   -7.6936506400e-02   -7.6986362125e-02   -7.7018930513e-02
 100.0000000    1.5658739553e-02    1.5706781436e-02   -7.6329644889e-02   -7.6366506786e-02   -7.6325725077e-02
 102.5000000    1.4584624495e-02    1.4652818799e-02   -7.7154193261e-02   -7.7186758656e-02   -7.7157225477e-02
 105.0000000    1.3102020664e-02    1.3159266511e-02   -8.2602629549e-02   -8.2638827241e-02   -8.2615223544e-02
 107.5000000    1.6291692177e-02    1.6340265367e-02   -8.2758029742e-02   -8.2802171674e-02   -8.2768567498e-02
 110.0000000    1.6440224534e-02    1.6510260156e-02   -8.2581760828e-02   -8.2621678142e-02   -8.2614280723e-02
 112.5000000    1.4105916485e-02    1.4172808540e-02   -8.7955318321e-02   -8.7993134749e-02   -8.7951517984e-02
 115.0000000    1.6746763661e-02    1.6798180225e-02   -8.9018598777e-02   -8.9047858470e-02   -8.9013580103e-02
 117.5000000    1.8254319065e-02    1.8324660826e-02   -8.8197610604e-02   -8.8239400107e-02   -8.8198508893e-02
 120.0000000    1.5553891579e-02    1.5630171549e-02   -9.3259133306e-02   -9.3302529047e-02   -9.3279257158e-02
 122.5000000    1.7167491465e-02    1.7224386187e-02   -9.5429693351e-02   -9.5461785313e-02   -9.5438105240e-02
 125.0000000    1.9885325306e-02    1.9955112645e-02   -9.3943908769e-02   -9.3970277909e-02   -9.3945922957e-02
 127.5000000    1.7386708132e-02    1.7471328350e-02   -9.8368769420e-02   -9.8405123999e-02   -9.8395606475e-02
 130.0000000    1.7706870541e-02    1.7771821596e-02   -1.0159753854e-01   -1.0161774713e-01   -1.0158482195e-01
 132.5000000    2.1268818823e-02    2.1338065331e-02   -9.9916357485e-02   -9.9954532923e-02   -9.9936524388e-02
 135.0000000    1.9549830773e-02    1.9640818198e-02   -1.0341639425e-01   -1.0346092775e-01   -1.0344772945e-01
 137.5000000    1.8483301374e-02    1.8558549214e-02   -1.1079603215e-01   -1.1442938337e-01   -1.0766029070e-01
 140.0000000    2.2369712482e-02    2.2439540038e-02   -1.0609999155e-01   -1.0614053122e-01   -1.0611948320e-01
 142.5000000    2.1894068134e-02    2.1989202719e-02   -1.0857730045e-01   -1.0862944181e-01   -1.0862168143e-01
 145.0000000    1.9638458885e-02    1.9725397841e-02   -1.1574886401e-01   -1.1367031861e-01   -8.1560303109e-02
 147.5000000    2.3215806181e-02    2.3288275112e-02   -1.1453521756e-01   -1.1245843969e-01   -8.0339938721e-02
 150.0000000    2.4259706651e-02    2.4356869973e-02   -1.1381271535e-01   -1.1389961715e-01   -1.1394524260e-01
 152.5000000    2.1253703953e-02    2.1352674069e-02   -1.1923919022e-01   -1.1932775761e-01   -1.1937003351e-01
 155.0000000    2.3905637521e-02    2.3983631789e-02   -1.1882057524e-01   -1.1887417217e-01   -1.1893031338e-01
 157.5000000    2.6483093014e-02    2.6580753858e-02   -1.1903766293e-01   -1.1911047987e-01   -1.1915284663e-01
 160.0000000    2.3345561864e-02    2.3455757982e-02   -1.2476535168e-01   -1.2483013349e-01   -1.2490210587e-01
 162.5000000    2.4622893661e-02    2.4709382043e-02   -1.2516602602e-01   -1.2521647802e-01   -1.2527735604e-01
 165.0000000    2.8447552766e-02    2.8545070720e-02   -1.2458768830e-01   -1.2464538551e-01   -1.2470594832e-01
 167.5000000    2.5859602638e-02    2.5979230460e-02   -1.3006305879e-01   -1.3013987373e-01   -1.3022707490e-01
 170.0000000    2.5512187952e-02    2.5610111859e-02   -1.3147912386e-01   -1.3150359995e-01   -1.3158482057e-01
 172.5000000    3.0167257585e-02    3.0265661100e-02   -1.3015207277e-01   -1.3020422044e-01   -1.3025358643e-01
 175.0000000    2.8688235306e-02    2.8814688098e-02   -1.3521681130e-01   -1.3529022740e-01   -1.3539615537e-01
 177.5000000    2.6768646364e-02    2.6880078212e-02   -1.3783297883e-01   -1.3788538346e-01   -1.3795310170e-01
 180.0000000    3.1372658277e-02    3.1472829406e-02   -1.4498125088e-01   -1.3168328125e-01   -1.3624727357e-01
 182.5000000    3.1625425074e-02    3.1756046778e-02   -1.4925798585e-01   -1.3598215261e-01   -1.4053988389e-01
 185.0000000    2.8484131137e-02    2.8610227253e-02   -1.5294768669e-01   -1.3965544794e-01   -1.4422323242e-01
 187.5000000    3.2410899783e-02    3.2516106254e-02   -1.4216039288e-01   -1.4222866871e-01   -1.4229825635e-01
 190.0000000    3.4480636386e-02    3.4613507451e-02   -1.4541407272e-01   -1.4554134519e-01   -1.4563445699e-01
 192.5000000    3.0758238810e-02    3.0898750092e-02   -1.5272606623e-01   -1.4971885397e-01   -1.4975715363e-01
