#          t             r = ...
   0.0000000    1.7141400000e+00    4.5000000000e+02
   0.0000000   -5.7176777551e-05   -9.9885028475e-07
   2.5000000    2.1757115094e-03    3.8642575037e-07
   5.0000000    5.0009968571e-03    6.1219122798e-07
   7.5000000    5.4910203266e-03   -1.0811294845e-06
  10.0000000    5.7948439383e-03   -4.8637320482e-08
  12.5000000    8.2315777421e-03    6.3796751989e-07
  15.0000000    7.4920392214e-03   -9.9869952086e-07
  17.5000000    7.5010313671e-03   -3.0200761354e-07
  20.0000000    9.2267175093e-03    8.0355299628e-07
  22.5000000    8.3585539308e-03   -7.6593284608e-07
  25.0000000    7.8725837863e-03   -6.1887733631e-07
  27.5000000    9.2805348169e-03    7.7935803289e-07
  30.0000000    8.5624075905e-03   -5.4722353023e-07
  32.5000000    7.7491132393e-03   -1.0682663594e-06
  35.0000000    8.9373089312e-03    6.1454837164e-07
  37.5000000    8.5702184791e-03   -3.9092864238e-07
  40.0000000    7.5268464740e-03   -1.1857827907e-06
  42.5000000    8.4913773393e-03    4.5914132559e-07
  45.0000000    8.5665716906e-03   -1.6169474693e-07
  47.5000000    7.4403983452e-03   -1.4303770374e-06
  50.0000000    8.0962305075e-03    2.0159854277e-07
  52.5000000    8.6189951205e-03    8.0165112959e-08
  55.0000000    7.5651845625e-03   -1.4365488769e-06
  57.5000000    7.8667663872e-03   -1.8829839361e-07
  60.0000000    8.7318657698e-03    1.9303164725e-07
  62.5000000    7.9181669521e-03   -1.5203324113e-06
  65.0000000    7.8327059923e-03   -6.0606917327e-07
  67.5000000    8.8633531767e-03    2.9298710867e-07
  70.0000000    8.4077733753e-03   -1.4415673917e-06
  72.5000000    7.9639015553e-03   -9.3847520067e-07
  75.0000000    9.0987543845e-03    2.9986455903e-07
  77.5000000    9.0984233325e-03   -1.2645203208e-06
  80.0000000    8.3914961329e-03   -1.2253187443e-06
  82.5000000    9.4424483585e-03    2.8853413539e-07
  85.0000000    9.9363626007e-03   -1.0854855877e-06
  87.5000000    9.1161382527e-03   -1.4962789105e-06
  90.0000000    9.7929217262e-03    1.4793371997e-07
  92.5000000    1.0722941871e-02   -8.1667221751e-07
  95.0000000    9.9769248719e-03   -1.7701615012e-06
  97.5000000    1.0240741803e-02   -1.4191598867e-07
 100.0000000    1.1459850125e-02   -6.4944598633e-07
 102.5000000    1.0993788613e-02   -1.9218940059e-06
 105.0000000    1.0819571764e-02   -4.6226776012e-07
 107.5000000    1.2199817490e-02   -1.2685148233e-05
 110.0000000    1.2127179955e-02   -2.0627746165e-06
 112.5000000    1.1563885665e-02   -8.2945863842e-07
 115.0000000    1.2869403314e-02   -3.5066934322e-07
 117.5000000    1.3314784537e-02   -2.0823632051e-06
 120.0000000    1.2509981249e-02   -1.1791599087e-06
 122.5000000    1.3536547106e-02   -3.6110092054e-07
 125.0000000    1.4487297712e-02   -2.0089707321e-06
 127.5000000    1.3647237863e-02   -1.5944084310e-06
 130.0000000    1.4246194847e-02   -3.2205998248e-07
 132.5000000    1.5624691933e-02   -1.8070408069e-06
 135.0000000    1.4956774305e-02   -8.3279246718e-05
 137.5000000    1.5031438254e-02   -7.6072191465e-07
 140.0000000    1.6669033157e-02   -1.5732025750e-06
 142.5000000    1.6387062326e-02   -2.1881290343e-06
 145.0000000    1.5978400453e-02   -2.1512451140e-08
 147.5000000    1.7647845874e-02   -8.0140941388e-07
 150.0000000    1.7909184463e-02   -2.3871701369e-06
 152.5000000    1.7112912387e-02   -9.7099695613e-07
 155.0000000    1.8573551046e-02   -1.2350265885e-06
 157.5000000    1.9449019968e-02   -4.4175786932e-05
 160.0000000    1.8474654129e-02   -9.3682305610e-07
 162.5000000    1.9510655223e-02   -1.4732384842e-06
 165.0000000    2.0941012626e-02   -4.3142297574e-05
 167.5000000    2.0035598132e-02   -4.6696753220e-05
 170.0000000    2.0492198019e-02   -4.1647770368e-05
 172.5000000    2.2349476618e-02   -4.3337749233e-05
 175.0000000    2.1777200054e-02   -4.2551497765e-05
 177.5000000    2.1640329920e-02   -4.8933008009e-07
 180.0000000    2.3666902414e-02   -2.6285068450e-06
 182.5000000    2.3640978516e-02   -2.2318337615e-06
 185.0000000    2.2958719905e-02   -8.5153045908e-07
 187.5000000    2.4917678515e-02   -2.9456713285e-05
 190.0000000    2.5554306831e-02   -2.8686974406e-06
 192.5000000    2.4499682299e-02   -9.2215845885e-07
 195.0000000    2.6096679100e-02   -2.0941335457e-06
 197.5000000    2.7443175841e-02   -1.5026649174e-05
 200.0000000    2.6300809140e-02   -1.0497101953e-06
 202.5000000    2.7310140219e-02   -2.0917144259e-06
 205.0000000    2.9255301188e-02   -3.1846783131e-06
 207.5000000    2.8308981543e-02   -4.9821008732e-05
 210.0000000    2.8630499881e-02   -2.4966805898e-06
 212.5000000    3.0981635283e-02   -3.2739512083e-06
 215.0000000    3.0531086363e-02   -2.0011396910e-06
 217.5000000    3.0125939139e-02   -1.8704506880e-06
 220.0000000    3.2568774144e-02   -1.8763013154e-06
 222.5000000    3.2816924449e-02   -1.1189653700e-05
 225.0000000    3.1852335649e-02   -1.1315437921e-05
 227.5000000    3.4073602949e-02   -1.3229833525e-05
 230.0000000    3.5140860610e-02   -4.3462174509e-05
 232.5000000    3.3838505616e-02   -4.1993241308e-05
 235.0000000    3.5543816433e-02   -5.5994543247e-05
 237.5000000    3.7395373406e-02   -4.3326370714e-05
 240.0000000    3.6095831132e-02   -1.2962498511e-06
 242.5000000    3.7062763136e-02   -4.8451304809e-05
 245.0000000    3.9558129901e-02   -1.5430979877e-05
 247.5000000    3.8591727981e-02   -4.2014757660e-05
 250.0000000    3.8733810507e-02   -4.3342186830e-05
 252.5000000    4.1584526418e-02   -4.5817339769e-05
 255.0000000    4.1277455078e-02   -8.2077962692e-05
 257.5000000    4.0607850449e-02   -8.2532578317e-05
 260.0000000    4.3439912201e-02   -5.6778132937e-05
 262.5000000    4.4019164516e-02   -1.4839657467e-05
 265.0000000    4.2762192207e-02   -1.2956041484e-05
 267.5000000    4.5247514266e-02   -1.6301575870e-05
 270.0000000    4.6743280708e-02   -3.8712816594e-05
 272.5000000    4.5219580550e-02   -2.5753125658e-06
 275.0000000    4.6976548860e-02   -4.3174505925e-06
 277.5000000    4.9382069688e-02   -4.3222412461e-05
 280.0000000    4.7927288674e-02   -4.2386667595e-05
 282.5000000    4.8837521292e-02   -5.5422719714e-08
 285.0000000    5.1872998600e-02   -2.9358510598e-06
 287.5000000    5.0930761294e-02   -3.7834923612e-06
 290.0000000    5.0821385295e-02   -3.1887737175e-06
 292.5000000    5.4178613799e-02   -3.3786053826e-06
 295.0000000    5.4051994305e-02   -2.0937520689e-06
 297.5000000    5.3064512250e-02   -4.3925557931e-05
 300.0000000    5.6336387080e-02   -4.4947187971e-05
 302.5000000    5.7236533039e-02   -2.4703814378e-06
 305.0000000    5.5672436715e-02   -3.3389226546e-06
 307.5000000    5.8379483389e-02   -4.2672781849e-06
 310.0000000    6.0362013802e-02   -3.2099606241e-06
 312.5000000    5.8534850939e-02   -3.4072217571e-06
 315.0000000    6.0401075252e-02   -4.4330969397e-06
 317.5000000    6.3332492284e-02   -3.2423604137e-06
 320.0000000    6.1749925146e-02   -3.6709460832e-06
 322.5000000    6.2560065919e-02   -4.5203012298e-06
 325.0000000    6.6117658592e-02   -3.2709294803e-06
 327.5000000    6.5196941426e-02   -2.9112151384e-06
 330.0000000    6.4881156557e-02   -9.2109171154e-06
 332.5000000    6.8734798376e-02   -8.2578259294e-06
 335.0000000    6.8696839611e-02   -3.0556192168e-06
 337.5000000    6.7483691753e-02   -4.6799397700e-06
 340.0000000    7.1093511974e-02   -4.8216579646e-06
 342.5000000    7.2320749453e-02   -3.1417414680e-06
 345.0000000    7.0451156244e-02   -5.0449968739e-06
 347.5000000    7.3380604317e-02   -4.4302706748e-06
 350.0000000    7.5788682563e-02    3.8632181954e-07
 352.5000000    7.3753280374e-02   -4.2096459231e-06
 355.0000000    7.5675524233e-02   -4.2400034489e-06
 357.5000000    7.9027352222e-02   -2.9091178233e-06
 360.0000000    7.7308123264e-02   -3.2678293045e-06
 362.5000000    7.8018477125e-02   -7.6623912857e-07
 365.0000000    8.2098638795e-02   -2.8286805901e-06
 367.5000000    8.1002455689e-02   -3.2715282657e-06
 370.0000000    8.0662213016e-02   -4.5166731007e-06
 372.5000000    8.4892837795e-02   -3.0804820710e-06
 375.0000000    8.5021351961e-02   -2.9189004265e-06
 377.5000000    8.3581286383e-02   -5.0372186303e-06
 380.0000000    8.7489251810e-02   -3.7660759598e-06
 382.5000000    8.8915957297e-02   -2.9775341632e-05
 385.0000000    8.6821544381e-02   -1.3465035820e-05
 387.5000000    8.9932105744e-02   -6.1844274320e-06
 390.0000000    9.2640862902e-02   -2.7464082620e-06
 392.5000000    9.0414747873e-02   -6.7797165459e-05
 395.0000000    9.2427266858e-02   -5.5609594201e-06
 397.5000000    9.6194934243e-02   -3.8697380930e-06
 400.0000000    9.4350973631e-02   -3.8641741927e-07
 402.5000000    9.4949390567e-02   -4.7468036033e-06
 405.0000000    9.9399522861e-02   -4.9802751221e-06
 407.5000000    9.8396031815e-02   -3.9358665308e-06
 410.0000000    9.7733720692e-02   -4.5911385829e-06
 412.5000000    1.0229349583e-01   -3.0578741252e-06
 415.0000000    1.0256678494e-01   -5.4052765058e-06
 417.5000000    1.0092053280e-01   -3.2076676851e-05
 420.0000000    1.0492859290e-01   -3.6102581844e-06
 422.5000000    1.0673544943e-01   -3.8858984079e-06
 425.0000000    1.0437676101e-01   -2.4470342076e-05
 427.5000000    1.0768955551e-01   -1.6351236155e-05
 430.0000000    1.1055660964e-01   -1.6058417507e-05
 432.5000000    1.0808360073e-01   -1.0448918178e-05
 435.0000000    1.1015112873e-01   -6.1048772730e-05
 437.5000000    1.1427703918e-01   -5.1561357599e-05
 440.0000000    1.1221121234e-01   -1.0396870351e-05
 442.5000000    1.1281138018e-01   -4.9077853222e-05
 445.0000000    1.1760456513e-01   -7.0593836132e-06
 447.5000000    1.1651328992e-01   -8.7081393907e-06
 450.0000000    1.1574249960e-01   -8.6828870141e-06
 452.5000000    1.2059991305e-01   -3.4076469914e-05
 455.0000000    1.2075406431e-01   -3.8180568623e-05
 457.5000000    1.1895837250e-01   -3.8075095606e-05
 460.0000000    1.2333057028e-01   -3.2954184120e-05
 462.5000000    1.2508555755e-01   -3.3972727829e-05
 465.0000000    1.2252878565e-01   -3.7275024762e-05
 467.5000000    1.2591443936e-01   -3.3871360721e-05
 470.0000000    1.2904740717e-01   -4.3339680606e-05
 472.5000000    1.2641491046e-01   -4.4348034576e-05
 475.0000000    1.2848668777e-01   -3.7627793820e-05
 477.5000000    1.3271640485e-01   -3.5306703476e-05
