#          t             r = ...
   0.0000000    1.7141400000e+00    4.5000000000e+02
   0.0000000   -3.8638906403e-04   -3.5435840138e-06
   2.5000000   -6.1182033636e-04    1.4457246064e-06
   5.0000000    1.1909092336e-03    2.3401524457e-06
   7.5000000   -7.9466541814e-04   -3.4443858222e-06
  10.0000000   -3.4602500026e-03    4.1133837926e-07
  12.5000000    1.0311436327e-03    3.0137942009e-06
  15.0000000    1.7106885351e-03   -3.0416424618e-06
  17.5000000   -5.7360659918e-03   -6.8153166635e-07
  20.0000000   -2.7809562229e-03    3.4285294055e-06
  22.5000000    4.5788885875e-03   -2.3685157382e-06
  25.0000000   -4.3045341700e-03   -1.7379571683e-06
  27.5000000   -8.6768596555e-03    3.5416755645e-06
  30.0000000    4.2124510768e-03   -1.4835177748e-06
  32.5000000    7.9486923606e-04   -2.6655586342e-06
  35.0000000   -1.2993781650e-02    3.3364413126e-06
  37.5000000   -9.8115160400e-04   -4.6326184804e-07
  40.0000000    6.6741819965e-03   -3.3848025167e-06
  42.5000000   -1.2665950506e-02    2.8218070832e-06
  45.0000000   -9.6171247099e-03    6.0175328053e-07
  47.5000000    9.5491452163e-03   -3.8304283845e-06
  50.0000000   -7.0187194829e-03    2.0366180962e-06
  52.5000000   -1.8211252728e-02    1.6153756544e-06
  55.0000000    6.7959796689e-03   -3.9620751987e-06
  57.5000000    1.9227725497e-03    1.0433530204e-06
  60.0000000   -2.2960041871e-02    2.4862422559e-06
  62.5000000   -1.7220279656e-03   -3.7649631530e-06
  65.0000000    1.0424811327e-02   -7.7383516417e-08
  67.5000000   -2.1451164109e-02    3.1311824782e-06
  70.0000000   -1.3747539820e-02   -3.2543564031e-06
  72.5000000    1.4652993882e-02   -1.2299434037e-06
  75.0000000   -1.3590152135e-02    3.4882042243e-06
  77.5000000   -2.5389071726e-02   -2.4733456211e-06
  80.0000000    1.2175358377e-02   -2.3170484076e-06
  82.5000000   -1.7597846830e-03    3.5184050474e-06
  85.0000000   -3.2743517923e-02   -1.4884999085e-06
  87.5000000    2.7904448603e-03   -3.2441406933e-06
  90.0000000    1.0264711295e-02    3.2113054168e-06
  92.5000000   -3.3129388130e-02   -3.8643638544e-07
  95.0000000   -1.1412864330e-02   -3.9287836050e-06
  97.5000000    1.8435125338e-02    2.5863505616e-06
 100.0000000   -2.5981393293e-02    7.3568297403e-07
 102.5000000   -2.6731279493e-02   -4.3104542229e-06
 105.0000000    1.9698304620e-02    1.6911939973e-06
 107.5000000   -1.2962243426e-02    1.7755450867e-06
 110.0000000   -3.9000852899e-02   -4.3532587714e-06
 112.5000000    1.2896660905e-02    1.6722904550e-06
 115.0000000    2.5056056161e-03   -3.2156709845e-06
 117.5000000   -4.4790989577e-02   -4.0511416371e-06
 120.0000000   -8.0129369286e-04   -6.0064696917e-07
 122.5000000    1.6265281306e-02    3.0491725705e-06
 125.0000000   -4.2290977299e-02   -3.5364195920e-06
 127.5000000   -1.8567835514e-02   -1.8065504957e-06
 130.0000000    2.4454938132e-02    3.5299059198e-06
 132.5000000   -3.1756700131e-02   -2.5362188374e-06
 135.0000000   -3.6306050040e-02   -2.8301350294e-06
 137.5000000    2.4541300819e-02    3.4396850771e-06
 140.0000000   -1.5450022306e-02   -1.6346224246e-06
 142.5000000   -4.9922682307e-02   -6.7489382875e-06
 145.0000000    1.5791275066e-02    2.2294548083e-06
 147.5000000    2.9112553863e-03   -3.7786978001e-06
 150.0000000   -5.6094613285e-02   -9.2505623211e-06
 152.5000000   -3.4379224409e-04    2.5865947263e-06
 155.0000000    1.9076381971e-02    9.3281816346e-07
 157.5000000   -5.3149793811e-02   -4.9725308980e-06
 160.0000000   -2.0794029767e-02   -1.4065621647e-05
 162.5000000    2.9141309781e-02    1.9929681246e-06
 165.0000000   -4.1450876657e-02   -5.0155494929e-06
 167.5000000   -4.1416756873e-02   -1.4680853337e-05
 170.0000000    3.0496241137e-02    2.7814589773e-06
 172.5000000   -2.3201504419e-02   -4.2977969728e-06
 175.0000000   -5.7972847559e-02   -1.0909192432e-06
 177.5000000    2.2257680488e-02    3.3633358578e-06
 180.0000000   -2.0481698912e-03   -3.4585952033e-06
 182.5000000   -6.6928970874e-02   -2.3364799278e-06
 185.0000000    5.5047865690e-03    3.4775206507e-06
 187.5000000    1.7592680210e-02   -2.5551527278e-06
 190.0000000   -6.6220518193e-02   -3.1663518156e-06
 192.5000000   -1.6833451348e-02    3.3706398370e-06
 195.0000000    3.1617967946e-02   -1.6985427379e-06
 197.5000000   -5.5670168214e-02   -4.0121101508e-06
 200.0000000   -4.0721435809e-02   -9.8368036582e-06
 202.5000000    3.6850313872e-02   -1.2850619469e-07
 205.0000000   -3.7026742932e-02   -4.9870074269e-06
 207.5000000   -6.1687558674e-02   -1.3044928656e-05
 210.0000000    3.1727793253e-02   -1.1802387857e-05
 212.5000000   -1.3696324083e-02   -2.0069402465e-05
 215.0000000   -7.5736760830e-02   -1.4161196321e-05
 217.5000000    1.6602780684e-02   -1.2867422188e-05
 220.0000000    1.0062775753e-02   -1.9881294085e-05
 222.5000000   -7.9960971215e-02   -1.6183191409e-05
 225.0000000   -6.1766991709e-03   -1.1889765554e-05
 227.5000000    2.9553340774e-02   -1.9745987072e-05
 230.0000000   -7.3298815559e-02   -1.6968953681e-05
 232.5000000   -3.2822703069e-02   -1.2353112212e-05
 235.0000000    4.1021286557e-02   -1.8661335253e-05
 237.5000000   -5.6642144894e-02   -1.8257496214e-05
 240.0000000   -5.8824109806e-02   -1.5516208416e-05
 242.5000000    4.1831328574e-02   -1.7734735239e-05
 245.0000000   -3.2669225921e-02   -1.9463891963e-05
 247.5000000   -7.9550929543e-02   -1.1899909055e-05
 250.0000000    3.1238707913e-02   -1.6300736311e-05
 252.5000000   -5.5493311545e-03   -2.0425658383e-05
 255.0000000   -9.1195221426e-02   -9.8870721131e-06
 257.5000000    1.0659831577e-02   -1.1575851286e-05
 260.0000000    1.9979913633e-02   -2.0464030345e-05
 262.5000000   -9.1476313936e-02   -1.3406524138e-05
 265.0000000   -1.6938665616e-02   -1.4010162443e-05
 267.5000000    3.9352891065e-02   -2.0688981012e-05
 270.0000000   -7.9988883316e-02   -1.4520210140e-05
 272.5000000   -4.7114191480e-02   -1.2708388035e-05
 275.0000000    4.8666751756e-02   -2.0817192161e-05
 277.5000000   -5.8402246958e-02   -1.6491543438e-05
 280.0000000   -7.4893548095e-02   -1.1952798208e-05
 282.5000000    4.6006994254e-02   -1.9706437479e-05
 285.0000000   -3.0058518722e-02   -1.8109366198e-05
 287.5000000   -9.5672320570e-02   -1.1135954573e-05
 290.0000000    3.1140751826e-02   -2.2638260097e-05
 292.5000000    3.8927453865e-04   -2.2770567764e-05
 295.0000000   -1.0571740208e-01   -1.5602882966e-05
 297.5000000    6.0177682141e-03   -6.5372412445e-06
 300.0000000    2.7815678364e-02   -8.8465030229e-06
 302.5000000   -1.0307034161e-01   -7.6102813450e-07
 305.0000000   -2.5680775941e-02   -5.9177328145e-06
 307.5000000    4.7496582804e-02   -5.5528917434e-06
 310.0000000   -8.7815208486e-02    6.6044995717e-06
 312.5000000   -5.9129323607e-02    3.5450122409e-07
 315.0000000    5.5699477523e-02   -6.3941382332e-06
 317.5000000   -6.2158099700e-02    1.4844774746e-06
 320.0000000   -8.9024861670e-02    1.6050302865e-06
 322.5000000    5.0659925047e-02   -5.7142462888e-06
 325.0000000   -2.9917863767e-02    1.5799748316e-07
 327.5000000   -1.1051808060e-01    1.4521507482e-06
 330.0000000    3.2628621953e-02   -5.8154074523e-06
 332.5000000    3.7612447825e-03   -1.6180106186e-06
 335.0000000   -1.1999193693e-01    3.1285068947e-06
 337.5000000    3.7827416180e-03   -4.8313291569e-06
 340.0000000    3.3490916872e-02   -3.0589836953e-06
 342.5000000   -1.1562594273e-01   -9.7055580394e-06
 345.0000000   -3.1636371832e-02    3.4165620952e-07
 347.5000000    5.4346980650e-02   -4.2394077952e-07
 350.0000000   -9.7706486906e-02    3.8146830168e-06
 352.5000000   -6.8431144926e-02   -2.4195241203e-06
 355.0000000    6.2582349476e-02   -5.9789137919e-06
 357.5000000   -6.8801800510e-02    2.9694620429e-06
 360.0000000   -1.0092169923e-01   -8.6523304180e-07
 362.5000000    5.6450509469e-02   -6.0402450671e-06
 365.0000000   -3.3057297294e-02    2.0570913784e-06
 367.5000000   -1.2417970971e-01    5.3599239228e-07
 370.0000000    3.6280028775e-02   -6.3635383886e-06
 372.5000000    4.0638615739e-03    8.3358639250e-07
 375.0000000   -1.3432588595e-01   -4.5093751935e-07
 377.5000000    4.6287070836e-03   -8.3054360870e-06
 380.0000000    3.6799343504e-02   -2.6040878238e-06
 382.5000000   -1.2951703368e-01   -8.6997366607e-08
 385.0000000   -3.4067080017e-02   -8.8920282644e-06
 387.5000000    5.9898313652e-02   -3.5002989022e-06
 390.0000000   -1.1014122190e-01    8.5711023505e-07
 392.5000000   -7.4389037647e-02    8.2407183586e-06
 395.0000000    6.9505293580e-02   -1.7042582548e-05
 397.5000000   -7.8808865828e-02   -9.1618161932e-06
 400.0000000   -1.1023866278e-01   -1.7112927945e-05
 402.5000000    6.3695268601e-02   -1.8583931723e-05
 405.0000000   -3.9953255489e-02   -1.0303128210e-05
 407.5000000   -1.3631530183e-01   -1.5840229447e-05
 410.0000000    4.2630941828e-02   -2.0616988584e-05
 412.5000000    7.0542095582e-04   -1.0794148032e-05
 415.0000000   -1.4854592033e-01   -1.2674412019e-05
 417.5000000    9.0926028756e-03   -1.8986856401e-05
 420.0000000    3.7131873289e-02   -1.1182023067e-05
 422.5000000   -1.4478569081e-01   -1.2826736508e-05
 425.0000000   -3.2514627316e-02   -2.0128937313e-05
 427.5000000    6.3706936401e-02   -1.2313576257e-05
 430.0000000   -1.2525172563e-01   -1.0641962373e-05
 432.5000000   -7.6438186628e-02   -1.9352222967e-05
 435.0000000    7.6089644665e-02   -1.4051471159e-05
 437.5000000   -9.2485050259e-02   -9.9014181184e-06
 440.0000000   -1.1625947924e-01   -1.8735774377e-05
 442.5000000    7.2056882138e-02   -2.8457351483e-06
 445.0000000   -5.1069223712e-02    3.4290108956e-06
 447.5000000   -1.4632640794e-01   -4.2126812830e-06
