#          t             r = ...
   0.0000000    1.1410600000e+00    4.5000000000e+02
   0.0000000    6.6731628908e-04    7.9872497110e-09
   2.5000000    5.3880222618e-03   -1.7350542210e-08
   5.0000000    1.2053146174e-02   -2.0433291744e-08
   7.5000000    1.1365095722e-02   -1.9023386839e-08
  10.0000000    1.4756282974e-02   -3.6081261926e-07
  12.5000000    1.7520846759e-02   -5.1852123254e-08
  15.0000000    1.4790119175e-02   -4.7468770366e-08
  17.5000000    1.6901812331e-02   -6.9900161825e-08
  20.0000000    1.5005202274e-02   -8.2009129784e-08
  22.5000000    1.1508304071e-02   -7.6378295749e-08
  25.0000000    1.1325176648e-02   -9.5467867837e-08
  27.5000000    7.6140794038e-03   -1.1290200439e-07
  30.0000000    5.7909711778e-03   -1.0625188370e-07
  32.5000000    5.3494827416e-03   -1.2147520734e-07
  35.0000000    2.8036901110e-03   -1.4248574419e-07
  37.5000000    2.4338395491e-03   -1.3684246027e-07
  40.0000000    2.0753275624e-03   -1.4734705266e-07
  42.5000000    1.2850952258e-03   -1.7101109765e-07
  45.0000000    1.8690874212e-03   -1.6790399726e-07
  47.5000000    1.4007951291e-03   -1.7330322281e-07
  50.0000000    1.3553469573e-03   -1.9895261024e-07
  52.5000000    2.0638523808e-03   -1.9934664381e-07
  55.0000000    1.6645024746e-03   -2.0056598950e-07
  57.5000000    1.9848352805e-03   -2.2585559515e-07
  60.0000000    2.1472952420e-03   -2.3005323151e-07
  62.5000000    1.3149241472e-03   -2.2753376223e-07
  65.0000000    1.5260882862e-03   -2.5245884290e-07
  67.5000000    1.5011613510e-03   -2.6130402586e-07
  70.0000000    7.8472504478e-04   -2.5572721733e-07
  72.5000000    8.4483908423e-04   -2.7832441177e-07
  75.0000000    5.8845573310e-04   -2.9213549005e-07
  77.5000000    1.7228514710e-05   -2.8495131043e-07
  80.0000000    3.7779675869e-05   -3.0369179579e-07
  82.5000000   -5.9035297042e-05   -3.2255197538e-07
  85.0000000   -2.3493586719e-04   -3.1577692403e-07
  87.5000000   -1.7084605575e-04   -3.2959075638e-07
  90.0000000   -7.2413525768e-05   -3.5169660016e-07
  92.5000000   -5.4653132772e-06   -3.4565508024e-07
  95.0000000   -1.0686031395e-04   -3.5460290441e-07
  97.5000000    2.1100984852e-05   -4.0606293857e-07
 100.0000000    3.1142238655e-04   -4.0319067097e-07
 102.5000000    2.3444833691e-04   -4.0696876531e-07
 105.0000000    3.8000430039e-04   -5.6079441043e-07
 107.5000000    6.0376732146e-04   -1.3779609211e-05
 110.0000000    2.5356784600e-04   -1.3699655777e-05
 112.5000000    2.1973714800e-04   -5.5159571966e-07
 115.0000000    4.8465020860e-04   -5.5859357386e-07
 117.5000000    2.6332525948e-04   -4.0475684607e-08
 120.0000000    1.9492277821e-04   -4.2733796707e-06
 122.5000000    3.7746136552e-04   -7.6832080432e-07
 125.0000000    1.1327477433e-04   -7.5111515310e-07
 127.5000000   -1.0423185914e-04   -7.7291525968e-07
 130.0000000    9.2197819808e-05   -7.7705780463e-07
 132.5000000    1.0390379305e-04   -5.2207868128e-07
 135.0000000   -2.5604435720e-05   -7.5744434623e-07
 137.5000000    1.4787395583e-04   -6.7683285418e-07
 140.0000000    2.3131038191e-04   -5.8588862586e-07
 142.5000000   -4.3648948125e-05   -6.9521919297e-07
 145.0000000    1.6214088688e-05   -6.8492617764e-07
 147.5000000    3.0067733511e-04   -9.2345568275e-06
 150.0000000    1.8781558464e-04   -4.4708709350e-06
 152.5000000    2.0772737118e-04   -9.2013078297e-06
 155.0000000    4.6955552182e-04   -9.2661808001e-06
 157.5000000    2.2814779336e-04   -9.1859951998e-06
 160.0000000    1.8969141096e-05   -1.1752609257e-06
 162.5000000    3.3363445145e-04   -7.0053853491e-07
 165.0000000    3.3103443882e-04   -8.2794867703e-07
 167.5000000    1.4871111038e-04    5.2112576056e-06
 170.0000000    3.9071883849e-04    5.0658908213e-06
 172.5000000    3.5424766366e-04    1.8558534422e-06
 175.0000000   -2.3586568294e-05    5.1883693558e-06
 177.5000000    1.2872558693e-04   -7.2568519779e-07
 180.0000000    3.5879249925e-04   -7.1697632042e-07
 182.5000000    1.5323314292e-04   -1.4381099649e-06
 185.0000000    2.4015788256e-04   -1.0003758946e-06
 187.5000000    4.6327518816e-04   -1.1313000298e-06
 190.0000000    1.3718648557e-04   -1.6310020174e-05
 192.5000000    1.0485298324e-05   -7.7979582741e-07
 195.0000000    3.8548792666e-04   -1.0158230073e-06
 197.5000000    3.4029471884e-04   -9.4594182943e-07
 200.0000000    2.0082820131e-04   -1.8222361808e-06
 202.5000000    5.1208424770e-04    2.0325885315e-06
 205.0000000    4.0263528171e-04    7.2907274373e-06
 207.5000000    1.6532172444e-05   -8.4813177678e-07
 210.0000000    2.8763826165e-04   -2.5773243580e-06
 212.5000000    4.9701143220e-04   -1.0220821049e-06
 215.0000000    2.3185754327e-04   -5.3433201885e-06
 217.5000000    4.0437438366e-04   -1.5015498412e-06
 220.0000000    5.8051923693e-04   -1.1098501355e-06
 222.5000000    1.3585293670e-04   -8.9999256454e-07
 225.0000000    1.1146947756e-04   -1.0443380115e-05
 227.5000000    5.2237534948e-04   -1.1161025989e-06
 230.0000000    3.6749084775e-04   -9.2299536034e-07
 232.5000000    2.8420114496e-04   -1.3291171423e-06
 235.0000000    6.3094263028e-04   -9.3085600193e-07
 237.5000000    3.8602807560e-04   -1.2470849558e-06
 240.0000000    3.3597209458e-05   -1.0111022032e-06
 242.5000000    4.3320642417e-04   -1.4777928308e-06
 245.0000000    5.6741490156e-04   -1.0159630042e-06
 247.5000000    2.8640350947e-04   -1.2968787568e-06
 250.0000000    5.6156716554e-04   -2.4680680073e-06
 252.5000000    6.4882563076e-04   -1.6719304172e-06
 255.0000000    1.3414541043e-04   -1.3203085488e-06
 257.5000000    2.5567023575e-04   -2.0349955624e-06
 260.0000000    6.7761337976e-04   -1.9347605279e-06
 262.5000000    4.1965726250e-04   -1.1945132571e-06
 265.0000000    4.2650627420e-04   -1.3255293736e-06
 267.5000000    7.7975979611e-04   -1.3477592373e-06
 270.0000000    3.8172949601e-04   -1.3599266811e-06
 272.5000000    1.1041517110e-04   -1.4146367854e-06
 275.0000000    6.2090212609e-04   -2.1952591691e-06
 277.5000000    6.3370856196e-04   -4.5744859942e-06
 280.0000000    3.6450563408e-04   -1.9975970329e-06
 282.5000000    7.4403444637e-04   -6.0452769693e-06
 285.0000000    6.8695956338e-04   -1.2594796696e-06
 287.5000000    1.3272640462e-04   -3.0927489576e-06
 290.0000000    4.3708158420e-04   -1.6771392695e-05
 292.5000000    8.1051038174e-04   -1.6413967024e-06
 295.0000000    4.6381544687e-04   -3.3802096451e-06
 297.5000000    6.0216044748e-04   -1.3101248074e-06
 300.0000000    9.0506517499e-04   -1.6308645031e-06
 302.5000000    3.5738781971e-04   -7.8405730830e-06
 305.0000000    2.3988871568e-04   -1.2923571427e-06
 307.5000000    8.2849359587e-04   -1.1534001549e-06
 310.0000000    6.8695815526e-04   -2.0918491517e-06
 312.5000000    4.8877325312e-04   -1.5612785342e-06
 315.0000000    9.3757835619e-04   -1.3073067446e-06
 317.5000000    6.9874361097e-04    4.2398146680e-06
 320.0000000    1.7644120632e-04   -1.2143063561e-06
 322.5000000    6.6502794661e-04   -1.2102980923e-06
 325.0000000    9.2564257562e-04   -1.2389341781e-06
 327.5000000    5.2628130595e-04   -1.6834705999e-06
 330.0000000    8.1810938709e-04   -1.2378473471e-06
 332.5000000    9.9691861224e-04   -1.2643978531e-06
 335.0000000    3.3688143297e-04   -1.5872073519e-05
 337.5000000    4.2993226855e-04   -2.2671157815e-06
 340.0000000    1.0241359388e-03   -1.2883651499e-06
 342.5000000    7.2775094281e-04   -1.3256502201e-06
 345.0000000    6.6247775433e-04   -1.2967973772e-06
 347.5000000    1.1312683131e-03   -2.6161692257e-06
 350.0000000    6.7659305444e-04   -1.3961669290e-06
 352.5000000    2.8133358418e-04   -1.3277560327e-06
 355.0000000    9.2644535366e-04   -4.7745112591e-06
 357.5000000    1.0112072123e-03   -1.3666103759e-06
 360.0000000    6.2532282938e-04   -2.4819028812e-06
 362.5000000    1.0612219063e-03   -2.9205796483e-06
 365.0000000    1.0510217423e-03   -2.6341179118e-06
 367.5000000    3.4171954550e-04   -2.6317757725e-06
 370.0000000    6.7787534702e-04   -2.6307352254e-06
 372.5000000    1.1990391287e-03    8.1383472817e-07
 375.0000000    7.7397235855e-04   -3.1376717409e-06
 377.5000000    8.8684811388e-04   -3.1302905412e-06
 380.0000000    1.2823413156e-03   -4.1340402171e-06
 382.5000000    6.3397811349e-04   -3.1686637736e-06
 385.0000000    4.4888504726e-04   -2.2072518099e-06
 387.5000000    1.1911156201e-03   -3.6585906233e-06
 390.0000000    1.0672044042e-03   -2.7059326170e-06
 392.5000000    7.7579408069e-04   -3.3427948292e-06
 395.0000000    1.3054142456e-03   -3.3932564969e-06
 397.5000000    1.0481903939e-03   -3.4138782358e-06
 400.0000000    3.9513745181e-04   -2.4580023551e-06
 402.5000000    9.7315213597e-04   -3.9077823997e-06
 405.0000000    1.3329023007e-03   -2.6962872008e-06
 407.5000000    8.3978378432e-04   -2.4560139876e-06
 410.0000000    1.1478100145e-03   -2.6878831048e-06
 412.5000000    1.3796622806e-03   -2.7399646889e-06
 415.0000000    6.0345195289e-04    5.5669805024e-06
 417.5000000    6.9112828526e-04   -5.9087934029e-06
 420.0000000    1.4331570055e-03   -5.9506243121e-06
 422.5000000    1.1004541153e-03   -5.9489133492e-06
 425.0000000    9.8491571459e-04   -5.9470416161e-06
 427.5000000    1.5226924929e-03   -4.5937742163e-06
 430.0000000    1.0084261546e-03   -3.4038606630e-06
 432.5000000    5.2194885504e-04   -2.7672184202e-06
