#          t             R = ...
   0.0000000    1.7141400000e+00    5.0000000000e+02
   0.0000000   -4.9286188397e-20   -4.8303033199e-17
  20.0000000   -9.0237494489e-06   -4.1587504310e-03
  40.0000000   -8.3702225876e-06   -1.9028601103e-02
  60.0000000   -1.1572673924e-05   -1.9558787009e-02
  80.0000000    5.4928333495e-06   -2.8330836954e-02
 100.0000000    3.3771824028e-06   -4.0417997973e-02
 120.0000000   -5.9497139513e-06   -3.9738069774e-02
 140.0000000    3.2397127792e-06   -5.2640768561e-02
 160.0000000    5.3267731620e-06   -6.0219944674e-02
 180.0000000   -5.3838262232e-06   -6.1179221861e-02
 200.0000000    6.4919678147e-07   -7.6219540937e-02
 220.0000000    6.1875936369e-06   -7.9142374485e-02
 240.0000000   -4.2512462965e-06   -8.3992511281e-02
 260.0000000   -1.3106592609e-06   -9.8393009016e-02
 280.0000000    6.4064849562e-06   -9.8163109064e-02
 300.0000000   -2.7111791934e-06   -1.0778682820e-01
 320.0000000   -2.6675939497e-06   -1.1894279517e-01
 340.0000000    5.8776767118e-06   -1.1808898735e-01
 360.0000000   -1.0353795119e-06   -1.3160723860e-01
 380.0000000   -3.8698283553e-06   -1.3810051533e-01
 400.0000000    4.8521513184e-06   -1.3949281586e-01
 420.0000000    7.0035858829e-07   -1.5464890222e-01
 440.0000000   -4.4752833392e-06   -1.5661521583e-01
 460.0000000    3.5125308832e-06   -1.6232129024e-01
 480.0000000    2.2814032318e-06   -1.7631121835e-01
 500.0000000   -4.6525232386e-06   -1.7530332620e-01
 520.0000000    2.1684716886e-06   -1.9937108361e-01
 540.0000000    3.5785735161e-06   -1.7355997901e-01
 560.0000000   -4.6488743078e-06   -3.4078857031e-01
 580.0000000    5.0746586364e-07   -3.2132255226e-01
 600.0000000    4.6034375906e-06   -2.3729189543e-02
 620.0000000   -3.3321431818e-06   -5.9483496931e-01
 640.0000000   -6.5896670870e-07   -8.5972641725e-01
 660.0000000    4.9648222427e-06   -1.8674785709e-01
 680.0000000   -2.5323147473e-06    4.7152934979e-01
 700.0000000   -2.1928984835e-06    3.5565782799e-01
 720.0000000    4.8824877355e-06   -2.5961270646e-01
 740.0000000   -1.2231148446e-06   -6.8938645227e-01
 760.0000000   -3.2276739489e-06   -7.5155045472e-01
 780.0000000    4.4199121377e-06   -7.8813684666e-01
 800.0000000    1.6204535854e-07   -7.6996001977e-01
 820.0000000   -4.1222506335e-06   -3.4153634847e-01
 840.0000000    3.4423237252e-06    1.5348928920e-01
 860.0000000    1.5992804828e-06    2.3187479091e-01
 880.0000000   -4.2618671335e-06    2.4562622793e-01
 900.0000000    2.3833264967e-06    3.9798789836e-01
 920.0000000    2.8787169786e-06    2.5451951211e-01
 940.0000000   -4.1807949911e-06   -9.7116618064e-02
 960.0000000    1.1163079077e-06   -2.3083903986e-01
 980.0000000    3.8693630191e-06   -3.9745318590e-01
1000.0000000   -3.7377291913e-06   -7.5430130665e-01
1020.0000000   -3.2006194863e-07   -8.8478956401e-01
1040.0000000    4.4477561555e-06   -9.0049827426e-01
1060.0000000   -2.8197213863e-06   -1.1014478001e+00
1080.0000000   -1.5803125560e-06   -1.1172891654e+00
1100.0000000    4.6443107567e-06   -9.7019572996e-01
1120.0000000   -1.7331559846e-06   -1.0231933062e+00
1140.0000000   -2.6884284690e-06   -9.3875032421e-01
1160.0000000    4.4458337106e-06   -6.9587041324e-01
1180.0000000   -3.8655294777e-07   -6.8016557225e-01
1200.0000000   -3.5180552370e-06   -5.6978477966e-01
1220.0000000    3.8348848320e-06   -3.1902300440e-01
1240.0000000    9.0781500284e-07   -2.8458994621e-01
1260.0000000   -4.0825636222e-06   -1.7068265215e-01
1280.0000000    2.8656754174e-06    3.1781638587e-02
1300.0000000    2.2602113474e-06    9.9651324250e-03
1320.0000000   -3.9784307268e-06    7.8607999122e-02
1340.0000000    1.6495702214e-06    2.2403623996e-01
1360.0000000    3.2522985611e-06    1.7806759912e-01
1380.0000000   -4.0658975477e-06    2.3762212354e-01
1400.0000000    4.3270021007e-07    3.2701275661e-01
1420.0000000    4.2303240277e-06    2.2267499555e-01
