#          t             R = ...
   0.0000000    1.7141400000e+00    3.0000000000e+02
   0.0000000   -2.0884235306e-19    6.8297230037e-16
   2.5000000   -5.5565941281e-03   -3.5627974921e-02
   5.0000000   -9.3559697069e-03   -3.8050798471e-02
   7.5000000    5.6689420720e-04   -6.7420377530e-02
  10.0000000   -1.7805404707e-04   -1.0826062494e-01
  12.5000000   -8.4866624930e-03   -1.1284232198e-01
  15.0000000   -3.1463053896e-03   -1.3525271428e-01
  17.5000000    1.7843010839e-03   -1.7950038839e-01
  20.0000000   -4.5899984073e-03   -1.8830101056e-01
  22.5000000   -5.0886250759e-03   -2.0392431637e-01
  25.0000000    9.9537251897e-04   -2.4950043751e-01
  27.5000000   -1.5705288692e-03   -2.6395386420e-01
  30.0000000   -5.6815368959e-03   -2.7360737003e-01
  32.5000000   -1.3731912594e-03   -3.1830053195e-01
  35.0000000   -4.6750455493e-04   -3.3945362006e-01
