#          t             R = ...
   0.0000000    1.1410600000e+00    5.0000000000e+02
   0.0000000    8.3446949547e-21   -2.0195764210e-16
   5.0000000   -8.4868494482e-03   -3.8622523601e-02
  10.0000000    3.1673183820e-03   -1.0863530550e-01
  15.0000000   -2.5448318799e-03   -1.3686289550e-01
  20.0000000   -6.8988540176e-04   -1.8930358837e-01
  25.0000000   -1.3447182622e-03   -2.5130193849e-01
  30.0000000   -7.2245795224e-04   -2.7634437353e-01
  35.0000000   -7.3779833638e-04   -3.4101219697e-01
  40.0000000   -2.4665826423e-03   -3.8989313627e-01
  45.0000000    6.5633018369e-04   -4.2012645155e-01
  50.0000000   -1.1880074338e-03   -4.9097821797e-01
  55.0000000   -6.0870303800e-04   -5.2639745113e-01
  60.0000000    7.7755707271e-04   -5.6832446337e-01
  65.0000000   -1.3693663181e-03   -6.3704920375e-01
  70.0000000    7.6810975733e-04   -6.6355632868e-01
  75.0000000   -7.9767793899e-04   -7.1944178185e-01
  80.0000000   -9.0466694058e-04   -7.7847097978e-01
  85.0000000    7.8924984212e-04   -8.0387239652e-01
  90.0000000   -1.8297224710e-03   -8.7090599733e-01
  95.0000000    4.0009993193e-04   -9.1616334589e-01
 100.0000000   -1.6438857700e-04   -9.4869987543e-01
 105.0000000   -1.2842553512e-03   -1.0199947347e+00
 110.0000000    1.0593246375e-03   -1.0523915589e+00
 115.0000000   -1.4708618929e-03   -1.0977478256e+00
 120.0000000    1.7132582477e-04   -1.1648208903e+00
 125.0000000    2.0241228969e-04   -1.1899521474e+00
 130.0000000   -1.8751590016e-03   -1.2491782133e+00
 135.0000000    1.4097526290e-03   -1.3050221842e+00
 140.0000000   -1.3934762044e-03   -1.3311639632e+00
 145.0000000   -7.9003380518e-04   -1.4002644133e+00
 150.0000000    1.3434199296e-03   -1.4419028096e+00
 155.0000000   -2.3632883443e-03   -1.4770255378e+00
 160.0000000    8.5706513995e-04   -1.5483735834e+00
 165.0000000   -2.0876140399e-04   -1.5779718712e+00
 170.0000000   -1.7616899648e-03   -1.6268431218e+00
 175.0000000    1.5718372171e-03   -1.6919203226e+00
 180.0000000   -2.0820865930e-03   -1.7160421958e+00
 185.0000000    1.9367713248e-04   -1.7784676508e+00
 190.0000000    5.4129029544e-04   -1.8309486154e+00
 195.0000000   -2.7040772410e-03   -1.8582131238e+00
 200.0000000    2.0815442919e-03   -1.9290605043e+00
 205.0000000   -1.6432894860e-03   -1.9671302842e+00
 210.0000000   -1.4187795482e-03   -2.0051038968e+00
 215.0000000    2.3060100980e-03   -2.0761157722e+00
 220.0000000   -3.3646632434e-03   -2.1031755990e+00
 225.0000000    8.9912681933e-04   -2.1556155404e+00
 230.0000000    4.4406638122e-04   -2.2183714929e+00
 235.0000000   -3.0769968750e-03   -2.2418628307e+00
 240.0000000    2.4194454069e-03   -2.3073108734e+00
 245.0000000   -2.3038457426e-03   -2.3562795963e+00
 250.0000000   -6.5763838711e-04   -2.3850329476e+00
 255.0000000    1.7027780437e-03   -2.4572812044e+00
 260.0000000   -3.9051701936e-03   -2.4918611010e+00
 265.0000000    2.3523497267e-03   -2.5329119860e+00
 270.0000000   -1.0927885223e-03   -2.6031925252e+00
 275.0000000   -2.9928278299e-03   -2.6279931980e+00
 280.0000000    3.7274341573e-03   -2.6840092615e+00
 285.0000000   -4.1082649850e-03   -2.7441364466e+00
 290.0000000    6.7209015369e-06   -2.7673794876e+00
 295.0000000    2.2180781000e-03   -2.8356344708e+00
 300.0000000   -5.0550710559e-03   -2.8809771451e+00
 305.0000000    2.9693204165e-03   -2.9115707252e+00
 310.0000000   -1.4128342705e-03   -2.9848541645e+00
 315.0000000   -2.8592647499e-03   -3.0160632721e+00
 320.0000000    3.5495484428e-03   -3.0603890211e+00
 325.0000000   -4.7270763566e-03   -3.1295480539e+00
 330.0000000    1.3045766997e-03   -3.1524006844e+00
 335.0000000    8.9723764718e-04   -3.2119675030e+00
 340.0000000   -5.3007206054e-03   -3.2691860549e+00
 345.0000000    4.7216983098e-03   -3.2925769721e+00
 350.0000000   -3.5054686993e-03   -3.3633989957e+00
 355.0000000   -2.4472459580e-03   -3.4050430117e+00
 360.0000000    4.8915548457e-03   -3.4378215835e+00
 365.0000000   -6.6868612670e-03   -3.5117685174e+00
 370.0000000    2.0614768896e-03   -3.5397665407e+00
 375.0000000    1.3426712091e-03   -3.5875414101e+00
 380.0000000   -6.1946472539e-03   -3.6552036716e+00
 385.0000000    5.0683378569e-03   -3.6764445073e+00
 390.0000000   -3.7540851929e-03   -3.7395053410e+00
 395.0000000   -1.9034802498e-03   -3.7935657452e+00
 400.0000000    4.1491079568e-03   -3.8175000487e+00
 405.0000000   -7.0421079478e-03   -3.8906206569e+00
 410.0000000    3.7052961673e-03   -3.9285279922e+00
 415.0000000   -5.1850481555e-04   -3.9638082028e+00
 420.0000000   -6.1061949275e-03   -4.0380309885e+00
 425.0000000    6.9883743857e-03   -4.0630037618e+00
 430.0000000   -6.1410861553e-03   -4.1143543526e+00
 435.0000000   -1.2864628319e-03   -4.1801467053e+00
 440.0000000    5.5887692492e-03   -4.2001198510e+00
 445.0000000   -8.9732234784e-03   -4.2665653819e+00
 450.0000000    4.3283900408e-03   -4.3172373352e+00
 455.0000000    7.3311803430e-05   -4.3420961991e+00
 460.0000000   -6.7835446519e-03   -4.4172053437e+00
 465.0000000    6.8856466247e-03   -4.4513667637e+00
 470.0000000   -6.0903475785e-03   -4.4894317547e+00
 475.0000000   -5.0046747396e-04   -4.5635236569e+00
 480.0000000    4.3733203033e-03   -4.5856838395e+00
 485.0000000   -8.8921567305e-03   -4.6406930015e+00
 490.0000000    6.0868577449e-03   -4.7042489771e+00
 495.0000000   -2.0927497953e-03   -4.7233120060e+00
 500.0000000   -6.4047868678e-03   -4.7929909764e+00
 505.0000000    8.8945852766e-03   -4.8400708979e+00
 510.0000000   -8.5492136997e-03   -4.8662287798e+00
 515.0000000    8.5760468456e-05   -4.9429878796e+00
 520.0000000    5.9655211418e-03   -4.9734288212e+00
 525.0000000   -1.0722700370e-02   -5.0145355440e+00
 530.0000000    6.3944693912e-03   -5.0880824619e+00
 535.0000000   -1.0183859094e-03   -5.1076716051e+00
 540.0000000   -6.9490731900e-03   -5.1663850809e+00
 545.0000000    8.3671939057e-03   -5.2273537496e+00
 550.0000000   -7.7539720322e-03   -5.2458771258e+00
