#          t             R = ...
   0.0000000    1.7141400000e+00    3.0000000000e+02
   0.0000000   -2.4096848905e-18   -4.3321245977e-16
   5.0000000   -4.8279295501e-03   -9.4043065597e-02
  10.0000000    2.0889627157e-03   -2.6933437676e-01
  15.0000000    2.4062863722e-03   -3.3695431191e-01
  20.0000000   -1.4741799606e-02   -4.6624453848e-01
  25.0000000    3.9102635070e-03   -6.2121380694e-01
  30.0000000   -1.2616114614e-02   -6.8031074112e-01
  35.0000000   -6.4582340994e-03   -8.4097237498e-01
  40.0000000   -4.9109940074e-03   -9.6280709999e-01
  45.0000000   -1.4322441158e-02   -1.0346369439e+00
  50.0000000   -6.0667972435e-03   -1.2116559305e+00
  55.0000000   -1.2609262842e-02   -1.2991048177e+00
  60.0000000   -8.1795569630e-03   -1.4002241997e+00
  65.0000000   -1.0026277567e-02   -1.5727498579e+00
  70.0000000   -1.8993556346e-02   -1.6368164955e+00
  75.0000000   -5.6254359433e-03   -1.7733809759e+00
  80.0000000   -1.8399595066e-02   -1.9222185855e+00
  85.0000000   -1.5635856185e-02   -1.9822564917e+00
  90.0000000   -1.0158904653e-02   -2.1477398983e+00
  95.0000000   -2.2871363723e-02   -2.2619874634e+00
 100.0000000   -1.5257175704e-02   -2.3387021256e+00
 105.0000000   -2.1026194670e-02   -2.5163233624e+00
 110.0000000   -2.3809643203e-02   -2.5974611752e+00
 115.0000000   -1.9519305866e-02   -2.7057129957e+00
 120.0000000   -3.0321508639e-02   -2.8744947100e+00
 125.0000000   -2.0304408565e-02   -2.9358531377e+00
 130.0000000   -2.8888709140e-02   -3.0792514656e+00
 135.0000000   -3.4704873701e-02   -3.2212626810e+00
 140.0000000   -2.1337568236e-02   -3.2830587846e+00
 145.0000000   -4.1082156549e-02   -3.4525428011e+00
 150.0000000   -3.4702016627e-02   -3.5592202582e+00
 155.0000000   -2.9880905740e-02   -3.6414248423e+00
 160.0000000   -4.8492844809e-02   -3.8186913619e+00
 165.0000000   -3.7187666337e-02   -3.8941330884e+00
 170.0000000   -4.5624979840e-02   -4.0095647850e+00
 175.0000000   -4.9144311256e-02   -4.1736878662e+00
 180.0000000   -4.4844749746e-02   -4.2331987863e+00
 185.0000000   -6.2139864316e-02   -4.3828740621e+00
 190.0000000   -4.8427011858e-02   -4.5175637624e+00
 195.0000000   -6.0869902301e-02   -4.5820071983e+00
 200.0000000   -7.1234501484e-02   -4.7546474476e+00
 205.0000000   -4.8905599001e-02   -4.8539683824e+00
 210.0000000   -7.7749501059e-02   -4.9423322932e+00
 215.0000000   -7.0243216455e-02   -5.1184303102e+00
 220.0000000   -6.3009275084e-02   -5.1889817068e+00
 225.0000000   -9.1354897410e-02   -5.3117121461e+00
 230.0000000   -7.3402594006e-02   -5.4705577876e+00
 235.0000000   -8.3720450768e-02   -5.5291927179e+00
 240.0000000   -9.6734448183e-02   -5.6845545376e+00
 245.0000000   -8.1330843558e-02   -5.8116467350e+00
 250.0000000   -1.0775963673e-01   -5.8794817874e+00
 255.0000000   -9.4371620538e-02   -6.0541571224e+00
 260.0000000   -1.0229595073e-01   -6.1462846557e+00
 265.0000000   -1.2447909370e-01   -6.2410976556e+00
 270.0000000   -9.5253478065e-02   -6.4148454461e+00
 275.0000000   -1.3301797765e-01   -6.4811525994e+00
 280.0000000   -1.3256440547e-01   -6.6110465074e+00
 285.0000000   -1.1058355424e-01   -6.7639306899e+00
 290.0000000   -1.5855715081e-01   -6.8226919314e+00
 295.0000000   -1.3378857654e-01   -6.9832586943e+00
 300.0000000   -1.3880852943e-01   -7.1027538825e+00
 305.0000000   -1.7188398912e-01   -7.1748717549e+00
 310.0000000   -1.4161652317e-01   -7.3507836603e+00
 315.0000000   -1.7417769236e-01   -7.4362456159e+00
 320.0000000   -1.7285660866e-01   -7.5378560041e+00
 325.0000000   -1.6402097766e-01   -7.7083561592e+00
 330.0000000   -2.0415587998e-01   -7.7712346395e+00
 335.0000000   -1.7035842926e-01   -7.9079548717e+00
 340.0000000   -2.0128888558e-01   -8.0542000709e+00
 345.0000000   -2.2012220085e-01   -8.1138767892e+00
 350.0000000   -1.7954140131e-01   -8.2787592345e+00
 355.0000000   -2.4226535040e-01   -8.3906067652e+00
 360.0000000   -2.3320502813e-01   -8.4678091452e+00
 365.0000000   -2.0661886954e-01   -8.6439950106e+00
 370.0000000   -2.6859968033e-01   -8.7229266937e+00
 375.0000000   -2.2581655958e-01   -8.8310044795e+00
 380.0000000   -2.5185102426e-01   -8.9976996603e+00
 385.0000000   -2.8024642074e-01   -9.0597570722e+00
 390.0000000   -2.4645872487e-01   -9.2046150634e+00
 395.0000000   -2.9902412326e-01   -9.3418432492e+00
 400.0000000   -2.7786741244e-01   -9.3970051816e+00
 405.0000000   -2.8408816883e-01   -9.5622428941e+00
 410.0000000   -3.3263617134e-01   -9.6757837115e+00
 415.0000000   -2.7902692886e-01   -9.7736642545e+00
 420.0000000   -3.3757410250e-01   -9.9490695991e+00
 425.0000000   -3.4625794481e-01   -1.0003256776e+01
 430.0000000   -2.9976509294e-01   -1.0105797888e+01
 435.0000000   -3.8790971746e-01   -1.0274331099e+01
 440.0000000   -3.4848716587e-01   -1.0334042075e+01
 445.0000000   -3.4539797010e-01   -1.0469701446e+01
 450.0000000   -4.1827136585e-01   -1.0618499888e+01
 455.0000000   -3.5714693632e-01   -1.0737742914e+01
 460.0000000   -4.0626954095e-01   -1.0922848746e+01
 465.0000000   -4.2475389869e-01   -1.0967078390e+01
 470.0000000   -3.8860771160e-01   -1.1027763926e+01
 475.0000000   -4.6174271483e-01   -1.1217985308e+01
 480.0000000   -4.2010320804e-01   -1.1247449942e+01
 485.0000000   -4.4405272581e-01   -1.1301752178e+01
 490.0000000   -4.9549202247e-01   -1.1499942378e+01
 495.0000000   -4.2422010482e-01   -1.1647749105e+01
 500.0000000   -5.1057475374e-01   -1.1793250858e+01
 505.0000000   -5.0522613432e-01   -1.1919968358e+01
 510.0000000   -4.6829729158e-01   -1.2097175124e+01
 515.0000000   -5.7695908907e-01   -1.2288732790e+01
 520.0000000   -5.0778630860e-01   -1.2269820364e+01
 525.0000000   -5.1812556251e-01   -1.2361055503e+01
 530.0000000   -5.9710098001e-01   -1.2559889830e+01
 535.0000000   -5.1849219637e-01   -1.2485166267e+01
 540.0000000   -5.8668721130e-01   -1.2528272036e+01
 545.0000000   -5.9468066040e-01   -1.2760075717e+01
 550.0000000   -5.6264694732e-01   -1.2781394355e+01
 555.0000000   -6.4657045343e-01   -1.2856607352e+01
 560.0000000   -5.8804261505e-01   -1.3108918001e+01
 565.0000000   -6.2717162633e-01   -1.3274131517e+01
 570.0000000   -6.7711807180e-01   -1.3378731566e+01
 575.0000000   -5.9467727128e-01   -1.3573435368e+01
 580.0000000   -6.9998173645e-01   -1.3823719516e+01
 585.0000000   -6.8450576818e-01   -1.3900174974e+01
 590.0000000   -6.3394794918e-01   -1.3973045310e+01
 595.0000000   -7.5867684863e-01   -1.4239876090e+01
 600.0000000   -6.8831527501e-01   -1.4257915397e+01
 605.0000000   -7.0202186164e-01   -1.4218771055e+01
 610.0000000   -7.8096891050e-01   -1.4480665932e+01
 615.0000000   -7.0943520090e-01   -1.4464322957e+01
 620.0000000   -7.7874267206e-01   -1.4380180129e+01
 625.0000000   -7.7457464087e-01   -1.4649482402e+01
 630.0000000   -7.5272385576e-01   -1.4649965672e+01
 635.0000000   -8.3095648939e-01   -1.4591408573e+01
 640.0000000   -7.6180942942e-01   -1.4878307634e+01
 645.0000000   -8.0749745232e-01   -1.4937288716e+01
 650.0000000   -8.5428643840e-01   -1.4937889940e+01
 655.0000000   -7.6570613890e-01   -1.5231070133e+01
 660.0000000   -8.7850180610e-01   -1.5361219710e+01
 665.0000000   -8.5234577341e-01   -1.5408466050e+01
 670.0000000   -8.0426225476e-01   -1.5682319556e+01
 675.0000000   -9.3128931241e-01   -1.5871982467e+01
 680.0000000   -8.4678638432e-01   -1.5925598184e+01
 685.0000000   -8.6418163520e-01   -1.6159510615e+01
 690.0000000   -9.4420434638e-01   -1.6386208084e+01
 695.0000000   -8.6335578288e-01   -1.6403201632e+01
 700.0000000   -9.4084887288e-01   -1.6593940055e+01
 705.0000000   -9.2991712324e-01   -1.6833557879e+01
 710.0000000   -8.9209330825e-01   -1.6787076646e+01
 715.0000000   -9.7882854556e-01   -1.6950652073e+01
 720.0000000   -9.0888912548e-01   -1.7182584858e+01
 725.0000000   -9.5366197203e-01   -1.7070923586e+01
 730.0000000   -9.9504991187e-01   -1.7235662242e+01
 735.0000000   -9.0500174354e-01   -1.7444602316e+01
 740.0000000   -1.0142270544e+00   -1.7288325229e+01
 745.0000000   -9.8346994658e-01   -1.7481531733e+01
 750.0000000   -9.3099497597e-01   -1.7656862915e+01
 755.0000000   -1.0521707141e+00   -1.7488698969e+01
 760.0000000   -9.6938564390e-01   -1.7725319082e+01
 765.0000000   -9.8117962707e-01   -1.7861886287e+01
 770.0000000   -1.0571468784e+00   -1.7716549397e+01
 775.0000000   -9.7274710130e-01   -1.7995866733e+01
 780.0000000   -1.0309955095e+00   -1.8094989114e+01
 785.0000000   -1.0331141119e+00   -1.7999228171e+01
 790.0000000   -9.9088301295e-01   -1.8307563742e+01
 795.0000000   -1.0737640850e+00   -1.8377044354e+01
 800.0000000   -1.0060711605e+00   -1.8343645757e+01
 805.0000000   -1.0333075912e+00   -1.8661464568e+01
 810.0000000   -1.0683979695e+00   -1.8713203324e+01
 815.0000000   -9.9100475070e-01   -1.8739413648e+01
 820.0000000   -1.0761652053e+00   -1.9049247990e+01
 825.0000000   -1.0508286672e+00   -1.9095530133e+01
 830.0000000   -9.9318011929e-01   -1.9166938200e+01
 835.0000000   -1.0962128060e+00   -1.9458857988e+01
 840.0000000   -1.0231056571e+00   -1.9507189706e+01
 845.0000000   -1.0168048258e+00   -1.9604399061e+01
 850.0000000   -1.0890800812e+00   -1.9877415007e+01
 855.0000000   -1.0107767617e+00   -1.9926830266e+01
 860.0000000   -1.0458426759e+00   -2.0033105515e+01
 865.0000000   -1.0598572482e+00   -2.0293160885e+01
 870.0000000   -1.0145353612e+00   -2.0335092497e+01
 875.0000000   -1.0613282087e+00   -2.0442590806e+01
 880.0000000   -1.0208901931e+00   -2.0696155263e+01
 885.0000000   -1.0282251774e+00   -2.0717501490e+01
 890.0000000   -1.0528090815e+00   -2.0830118474e+01
 895.0000000   -9.9054594237e-01   -2.1078320019e+01
 900.0000000   -1.0436426862e+00   -2.1067351453e+01
 905.0000000   -1.0311040270e+00   -2.1199313267e+01
 910.0000000   -9.7672820711e-01   -2.1435032402e+01
 915.0000000   -1.0477157628e+00   -2.1387528795e+01
 920.0000000   -9.9698556383e-01   -2.1556114962e+01
 925.0000000   -9.7212840889e-01   -2.1763257954e+01
 930.0000000   -1.0310788536e+00   -2.1686820537e+01
 935.0000000   -9.6993418126e-01   -2.1904114622e+01
 940.0000000   -9.7204051694e-01   -2.2061661118e+01
 945.0000000   -9.9714519834e-01   -2.1977305486e+01
 950.0000000   -9.4882872041e-01   -2.2244342280e+01
 955.0000000   -9.6916696675e-01   -2.2333473272e+01
 960.0000000   -9.5502555944e-01   -2.2271480205e+01
 965.0000000   -9.3962811310e-01   -2.2574755846e+01
 970.0000000   -9.5088285250e-01   -2.2586303774e+01
 975.0000000   -9.1794975031e-01   -2.2578473305e+01
 980.0000000   -9.3098581217e-01   -2.2891443701e+01
 985.0000000   -9.2658008665e-01   -2.2832063940e+01
 990.0000000   -8.8718842050e-01   -2.2903462425e+01
 995.0000000   -9.1986627626e-01   -2.3192467043e+01
1000.0000000   -8.9344788651e-01   -2.3085529401e+01
1005.0000000   -8.5817416131e-01   -2.3246332444e+01
1010.0000000   -8.9965838621e-01   -2.3478138062e+01
1015.0000000   -8.6272766303e-01   -2.3358849342e+01
1020.0000000   -8.3655870031e-01   -2.3600178257e+01
1025.0000000   -8.6856391031e-01   -2.3750889543e+01
1030.0000000   -8.3073610462e-01   -2.3658788043e+01
1035.0000000   -8.1664188783e-01   -2.3954950016e+01
1040.0000000   -8.3204927652e-01   -2.4017640732e+01
1045.0000000   -8.0505850857e-01   -2.3987732322e+01
1050.0000000   -7.9754754988e-01   -2.4302468805e+01
1055.0000000   -7.9628181523e-01   -2.4289343573e+01
1060.0000000   -7.7947620163e-01   -2.4343360876e+01
1065.0000000   -7.7397321188e-01   -2.4637829678e+01
1070.0000000   -7.5745621712e-01   -2.4576435039e+01
1075.0000000   -7.5701493827e-01   -2.4717651534e+01
1080.0000000   -7.5044244050e-01   -2.4959239021e+01
1085.0000000   -7.2286452397e-01   -2.4885182293e+01
1090.0000000   -7.3710930530e-01   -2.5098811466e+01
1095.0000000   -7.2632034789e-01   -2.5268544329e+01
1100.0000000   -6.9137056742e-01   -2.5216964522e+01
1105.0000000   -7.1766276458e-01   -2.5475345893e+01
1110.0000000   -7.0193947342e-01   -2.5571293925e+01
1115.0000000   -6.7944192730e-01   -2.5569107994e+01
1120.0000000   -7.0348822994e-01   -2.5839612274e+01
1125.0000000   -6.7783996690e-01   -2.5875469074e+01
1130.0000000   -6.5073513751e-01   -2.5936288866e+01
1135.0000000   -6.8163005014e-01   -2.6189176089e+01
1140.0000000   -6.5281364572e-01   -2.6188624615e+01
1145.0000000   -6.4198756239e-01   -2.6311319013e+01
1150.0000000   -6.6021385806e-01   -2.6525392168e+01
1155.0000000   -6.3383913108e-01   -2.6514734511e+01
1160.0000000   -6.3936686426e-01   -2.6686175928e+01
1165.0000000   -6.4193157648e-01   -2.6851492260e+01
1170.0000000   -6.2724405074e-01   -2.6853216721e+01
1175.0000000   -6.4089269320e-01   -2.7054020919e+01
1180.0000000   -6.1888794419e-01   -2.7171681816e+01
1185.0000000   -6.2537662064e-01   -2.7200690541e+01
1190.0000000   -6.3831485653e-01   -2.7411216844e+01
1195.0000000   -6.0291977351e-01   -2.7490225447e+01
1200.0000000   -6.3560582805e-01   -2.7552861407e+01
1205.0000000   -6.3829999194e-01   -2.7757336366e+01
1210.0000000   -5.9764857717e-01   -2.7810079424e+01
1215.0000000   -6.4840403687e-01   -2.7905728517e+01
1220.0000000   -6.3364688914e-01   -2.8093905500e+01
1225.0000000   -6.0595353101e-01   -2.8132365336e+01
1230.0000000   -6.6440374932e-01   -2.8256532950e+01
1235.0000000   -6.3480730244e-01   -2.8423013916e+01
1240.0000000   -6.3131528246e-01   -2.8456791866e+01
1245.0000000   -6.7827826459e-01   -2.8604022514e+01
1250.0000000   -6.4472080394e-01   -2.8746383837e+01
1255.0000000   -6.7775256543e-01   -2.8782896694e+01
1260.0000000   -6.9749602310e-01   -2.8948231282e+01
1265.0000000   -6.7883897012e-01   -2.9065051209e+01
1270.0000000   -7.2135282363e-01   -2.9110881880e+01
1275.0000000   -6.9932715967e-01   -2.9289343389e+01
1280.0000000   -7.1362252797e-01   -2.9379221657e+01
1285.0000000   -7.5659946792e-01   -2.9441357807e+01
1290.0000000   -7.2052500289e-01   -2.9626342770e+01
1295.0000000   -7.7415920686e-01   -2.9688835322e+01
1300.0000000   -7.9611899376e-01   -2.9774970887e+01
1305.0000000   -7.5238561747e-01   -2.9956945043e+01
1310.0000000   -8.3922642565e-01   -2.9994920033e+01
1315.0000000   -8.3233193723e-01   -3.0112123990e+01
1320.0000000   -8.0803788766e-01   -3.0278653332e+01
1325.0000000   -9.0797154269e-01   -3.0300480174e+01
1330.0000000   -8.7176386204e-01   -3.0452283906e+01
1335.0000000   -8.8711763611e-01   -3.0589982511e+01
1340.0000000   -9.6874795898e-01   -3.0610085689e+01
1345.0000000   -9.2350768127e-01   -3.0793154363e+01
1350.0000000   -9.8036228878e-01   -3.0891305294e+01
1355.0000000   -1.0213763945e+00   -3.0928228357e+01
1360.0000000   -9.9662081646e-01   -3.1130398544e+01
1365.0000000   -1.0811471503e+00   -3.1185162063e+01
1370.0000000   -1.0698205301e+00   -3.1257225020e+01
1375.0000000   -1.0989332837e+00   -3.1458461269e+01
1380.0000000   -1.1761344524e+00   -3.1476191328e+01
1385.0000000   -1.1273527209e+00   -3.1595950377e+01
1390.0000000   -1.2187263228e+00   -3.1772661473e+01
1395.0000000   -1.2588116889e+00   -3.1770712384e+01
1400.0000000   -1.2064726734e+00   -3.1939984392e+01
1405.0000000   -1.3450811585e+00   -3.2071535163e+01
1410.0000000   -1.3329769381e+00   -3.2075346673e+01
1415.0000000   -1.3159723744e+00   -3.2282638427e+01
1420.0000000   -1.4659697899e+00   -3.2358058049e+01
1425.0000000   -1.4101312263e+00   -3.2394822499e+01
1430.0000000   -1.4541162845e+00   -3.2616622307e+01
1435.0000000   -1.5664615624e+00   -3.2639290402e+01
1440.0000000   -1.5053087640e+00   -3.2729893793e+01
1445.0000000   -1.6090493796e+00   -3.2935937746e+01
1450.0000000   -1.6505833231e+00   -3.2924245538e+01
1455.0000000   -1.6332554349e+00   -3.3076035403e+01
1460.0000000   -1.7609038590e+00   -3.3237460852e+01
1465.0000000   -1.7253038536e+00   -3.3220882801e+01
1470.0000000   -1.7893372978e+00   -3.3424084043e+01
1475.0000000   -1.8916782543e+00   -3.3522409272e+01
1480.0000000   -1.8165902501e+00   -3.3533950890e+01
1485.0000000   -1.9653696455e+00   -3.3763327456e+01
1490.0000000   -2.0006519595e+00   -3.3797205923e+01
1495.0000000   -1.9407787959e+00   -3.3864067352e+01
1500.0000000   -2.1359136716e+00   -3.4085480865e+01
1505.0000000   -2.0933485742e+00   -3.4072439392e+01
1510.0000000   -2.0993190728e+00   -3.4207447801e+01
1515.0000000   -2.2848042154e+00   -3.4387441487e+01
1520.0000000   -2.1972903458e+00   -3.4359550182e+01
1525.0000000   -2.2861532697e+00   -3.4556152626e+01
1530.0000000   -2.3974581818e+00   -3.4671786536e+01
1535.0000000   -2.3244140159e+00   -3.4666442928e+01
1540.0000000   -2.4737403084e+00   -3.4899409535e+01
1545.0000000   -2.4838009606e+00   -3.4945530402e+01
1550.0000000   -2.4902729960e+00   -3.4994335521e+01
1555.0000000   -2.6405657092e+00   -3.5226620660e+01
1560.0000000   -2.5704585804e+00   -3.5218336229e+01
1565.0000000   -2.6811978762e+00   -3.5337601114e+01
1570.0000000   -2.7709063973e+00   -3.5531457839e+01
1575.0000000   -2.6770698137e+00   -3.5500568707e+01
1580.0000000   -2.8779944115e+00   -3.5686172265e+01
1585.0000000   -2.8706850167e+00   -3.5814779147e+01
1590.0000000   -2.8234331390e+00   -3.5800674803e+01
1595.0000000   -3.0498727212e+00   -3.6028794950e+01
1600.0000000   -2.9597308749e+00   -3.6084561948e+01
1605.0000000   -3.0024296504e+00   -3.6122203291e+01
1610.0000000   -3.1795091499e+00   -3.6355961948e+01
1615.0000000   -3.0684850786e+00   -3.6352958644e+01
1620.0000000   -3.1924528689e+00   -3.6461880369e+01
1625.0000000   -3.2677207597e+00   -3.6662218253e+01
1630.0000000   -3.2059554549e+00   -3.6632061041e+01
1635.0000000   -3.3683404572e+00   -3.6810143308e+01
1640.0000000   -3.3336995006e+00   -3.6947752447e+01
1645.0000000   -3.3748121606e+00   -3.6930129987e+01
1650.0000000   -3.5076031880e+00   -3.7154165828e+01
1655.0000000   -3.3979576270e+00   -3.7218703643e+01
1660.0000000   -3.5521531268e+00   -3.7249385331e+01
1665.0000000   -3.5976619244e+00   -3.7482270848e+01
1670.0000000   -3.4976372769e+00   -3.7485779192e+01
1675.0000000   -3.7197445111e+00   -3.7585737418e+01
1680.0000000   -3.6646813322e+00   -3.7787954534e+01
1685.0000000   -3.6309508920e+00   -3.7761151007e+01
1690.0000000   -3.8450694439e+00   -3.7930080238e+01
1695.0000000   -3.7208729566e+00   -3.8071837657e+01
1700.0000000   -3.7775547737e+00   -3.8054452565e+01
1705.0000000   -3.9182991682e+00   -3.8270851772e+01
1710.0000000   -3.8001691694e+00   -3.8341155530e+01
1715.0000000   -3.9270409285e+00   -3.8369449836e+01
1720.0000000   -3.9509710741e+00   -3.8597354919e+01
1725.0000000   -3.9019507544e+00   -3.8607217933e+01
1730.0000000   -4.0425303296e+00   -3.8702704504e+01
1735.0000000   -3.9674081681e+00   -3.8902990844e+01
1740.0000000   -4.0268935918e+00   -3.8881788727e+01
1745.0000000   -4.1166948186e+00   -3.9044731266e+01
1750.0000000   -3.9871295104e+00   -3.9187390144e+01
1755.0000000   -4.1445356680e+00   -3.9173514242e+01
1760.0000000   -4.1454023561e+00   -3.9383206381e+01
1765.0000000   -4.0412625242e+00   -3.9456691722e+01
1770.0000000   -4.2454848886e+00   -3.9485505865e+01
1775.0000000   -4.1490176754e+00   -3.9707140272e+01
1780.0000000   -4.1147903942e+00   -3.9721706431e+01
1785.0000000   -4.2928433269e+00   -3.9814503565e+01
1790.0000000   -4.1563028762e+00   -4.0010283620e+01
1795.0000000   -4.2058085787e+00   -3.9994276876e+01
1800.0000000   -4.2914182529e+00   -4.0151776981e+01
1805.0000000   -4.1765307868e+00   -4.0292827444e+01
1810.0000000   -4.2763723490e+00   -4.0283406901e+01
1815.0000000   -4.2622606778e+00   -4.0485975312e+01
1820.0000000   -4.2175318047e+00   -4.0561288527e+01
1825.0000000   -4.3091212613e+00   -4.0592548574e+01
1830.0000000   -4.2108868320e+00   -4.0806843144e+01
1835.0000000   -4.2663887652e+00   -4.0826305330e+01
1840.0000000   -4.3102230583e+00   -4.0918514793e+01
1845.0000000   -4.1694230742e+00   -4.1108307731e+01
1850.0000000   -4.3088778593e+00   -4.1099023903e+01
1855.0000000   -4.2663027242e+00   -4.1252542010e+01
1860.0000000   -4.1508583948e+00   -4.1390312541e+01
1865.0000000   -4.3179997590e+00   -4.1387626379e+01
1870.0000000   -4.2098583141e+00   -4.1583376213e+01
1875.0000000   -4.1585356228e+00   -4.1658881296e+01
1880.0000000   -4.2896817571e+00   -4.1694955764e+01
1885.0000000   -4.1449174979e+00   -4.1901038682e+01
1890.0000000   -4.1660619377e+00   -4.1924077758e+01
1895.0000000   -4.2282177308e+00   -4.2017708142e+01
1900.0000000   -4.1048050331e+00   -4.2199910290e+01
1905.0000000   -4.1685937973e+00   -4.2196590321e+01
1910.0000000   -4.1244501823e+00   -4.2347575909e+01
1915.0000000   -4.0766755398e+00   -4.2480356223e+01
1920.0000000   -4.1307432723e+00   -4.2484249827e+01
1925.0000000   -4.0173374474e+00   -4.2674035870e+01
1930.0000000   -4.0568472041e+00   -4.2748433402e+01
1935.0000000   -4.0701348286e+00   -4.2789594621e+01
1940.0000000   -3.9230076662e+00   -4.2987814425e+01
1945.0000000   -4.0275532853e+00   -4.3013816567e+01
1950.0000000   -3.9776414706e+00   -4.3109270899e+01
1955.0000000   -3.8495712889e+00   -4.3283912896e+01
1960.0000000   -3.9822553931e+00   -4.3286647389e+01
1965.0000000   -3.8686210906e+00   -4.3435350537e+01
1970.0000000   -3.7969414022e+00   -4.3563099854e+01
1975.0000000   -3.9075505043e+00   -4.3574202073e+01
1980.0000000   -3.7563007109e+00   -4.3757949827e+01
1985.0000000   -3.7538150258e+00   -4.3831361122e+01
1990.0000000   -3.7988264106e+00   -4.3878501832e+01
1995.0000000   -3.6712126688e+00   -4.4068393361e+01
2000.0000000   -3.7113628700e+00   -4.4097746207e+01
