#          t             R = ...
   0.0000000    1.7141400000e+00    3.0000000000e+02
   0.0000000   -7.4634712561e-20   -1.8682966013e-18
   5.0000000   -1.2295690578e-03   -5.7040235272e-05
  10.0000000   -2.4112412077e-02   -8.6918025372e-05
  15.0000000   -1.9995817280e-02   -6.2420994450e-05
  20.0000000   -2.3912930963e-02    4.4494218086e-05
  25.0000000   -1.9410938118e-02    2.5782132777e-04
  30.0000000   -1.9505025919e-02    6.0145186360e-04
  35.0000000   -2.3821267094e-02    1.0997781594e-03
  40.0000000   -2.8315984434e-02    1.7715254903e-03
  45.0000000   -2.8343512465e-02    2.6354678959e-03
  50.0000000   -2.9623095431e-02    3.7116403623e-03
  55.0000000   -1.0685452809e-02    5.0124611542e-03
  60.0000000   -1.0685391065e-02    6.5472665014e-03
  65.0000000   -1.7831533400e-02    8.3284155337e-03
  70.0000000   -1.3995678434e-02    1.0364669195e-02
  75.0000000   -9.6646763710e-03    1.2654510468e-02
  80.0000000   -1.5329316163e-02    1.5193419310e-02
  85.0000000   -2.0592052077e-02    1.7983546580e-02
  90.0000000   -1.0555712832e-02    2.1023858286e-02
  95.0000000   -1.0999473923e-02    2.4300221535e-02
 100.0000000   -1.0999249267e-02    2.7795804701e-02
 105.0000000    2.9283595141e-07    3.1499772713e-02
 110.0000000   -6.5690284034e-03    3.5399844933e-02
 115.0000000   -1.0971880940e-02    3.9475321119e-02
 120.0000000    1.5842703830e-07    4.3700984968e-02
 125.0000000    1.8993000302e-07    4.8052391558e-02
 130.0000000    1.8009494288e-07    5.2506365135e-02
 135.0000000   -1.9623352430e-03    5.7038280312e-02
 140.0000000    1.6267124178e-07    6.1619760254e-02
 145.0000000    1.8369863488e-07    6.6220993348e-02
 150.0000000   -1.8318411288e-03    7.0814051104e-02
 155.0000000    1.8437769921e-07    7.5371640230e-02
 160.0000000   -9.6615085035e-03    7.9864439692e-02
 165.0000000   -8.7707393836e-03    8.4262153470e-02
 170.0000000   -2.4434128136e-02    8.8536659533e-02
 175.0000000   -1.0357020640e-02    9.2662955756e-02
 180.0000000   -2.1311994940e-02    9.6618316230e-02
 185.0000000   -2.1311962581e-02    1.0038148322e-01
 190.0000000   -1.2715763358e-02    1.0393198616e-01
 195.0000000   -8.7707624488e-03    1.0725041691e-01
 200.0000000   -1.0237493449e-02    1.1031980349e-01
 205.0000000   -8.7707610301e-03    1.1312684790e-01
 210.0000000   -8.7707646184e-03    1.1566131984e-01
 215.0000000   -8.7707624193e-03    1.1791478471e-01
 220.0000000   -8.7707701985e-03    1.1988175843e-01
 225.0000000   -1.3225470780e-02    1.2156076030e-01
 230.0000000   -1.7681892419e-02    1.2295280276e-01
 235.0000000   -1.9513922391e-02    1.2406097917e-01
 240.0000000   -1.7681902564e-02    1.2489183525e-01
 245.0000000   -1.7681905497e-02    1.2545557080e-01
 250.0000000   -8.9109724165e-03    1.2576503916e-01
 255.0000000   -8.9109774825e-03    1.2583484544e-01
 260.0000000   -8.9109826002e-03    1.2568162302e-01
 265.0000000   -4.4545658243e-03    1.2532393838e-01
 270.0000000   -4.4545611022e-03    1.2477874529e-01
 275.0000000   -1.9678387373e-02    1.2406578541e-01
 280.0000000   -4.4545844132e-03    1.2323842095e-01
 285.0000000   -4.4544487701e-03    1.2240425522e-01
 290.0000000   -1.3225701801e-02    1.2170350413e-01
 295.0000000   -1.3225629943e-02    1.2144643626e-01
 300.0000000   -4.4543458537e-03    1.2495754550e-01
 305.0000000   -6.0489511633e-03    1.5147977759e-01
 310.0000000   -4.4548433225e-03    2.4841348170e-01
 315.0000000   -4.4546084745e-03    4.1576249901e-01
 320.0000000   -5.6591734804e-03    4.9032613266e-01
 325.0000000   -5.6592791960e-03    4.2156780974e-01
 330.0000000   -4.4547059059e-03    3.4917923534e-01
 335.0000000   -4.6609408301e-09    3.1439137835e-01
 340.0000000   -4.2435623843e-08    2.9148016666e-01
 345.0000000   -2.8225890515e-08    2.7205684105e-01
 350.0000000   -3.2282459674e-08    2.5517613599e-01
 355.0000000   -4.4385360379e-03    2.3553189647e-01
 360.0000000   -1.3632604684e-02    2.1557188824e-01
 365.0000000   -1.1798908590e-03    1.9865954124e-01
 370.0000000   -1.1799007279e-03    1.8332726289e-01
 375.0000000   -4.8050865501e-03    1.6853567945e-01
 380.0000000   -4.8050923882e-03    1.5475301947e-01
 385.0000000   -2.5210189887e-09    1.4198713986e-01
 390.0000000   -1.0061171341e-02    1.3015166080e-01
 395.0000000   -5.9616056731e-03    1.1928040315e-01
 400.0000000   -5.1747309172e-03    1.0926606568e-01
 405.0000000   -4.5455414117e-03    1.0010887182e-01
 410.0000000   -5.2491646815e-03    9.1855945751e-02
 415.0000000   -9.8723815317e-03    8.4403862125e-02
 420.0000000   -6.3687643201e-03    7.7632236411e-02
 425.0000000   -6.3687693108e-03    7.1565437141e-02
 430.0000000   -6.4483068032e-03    6.6254475178e-02
 435.0000000   -4.8287138027e-08    6.1657478670e-02
 440.0000000   -5.8711277519e-08    5.7683823054e-02
 445.0000000   -6.0469273606e-08    5.4210441203e-02
 450.0000000   -6.1104172565e-08    5.1177993262e-02
 455.0000000   -6.7277270337e-08    4.8702089405e-02
 460.0000000   -6.9589616378e-08    4.6806485679e-02
 465.0000000   -5.1748005371e-03    4.5291335291e-02
 470.0000000   -7.5054608166e-08    4.4053403421e-02
 475.0000000   -6.2223167014e-03    4.3167718773e-02
 480.0000000   -8.1156835048e-08    4.2614204892e-02
 485.0000000   -8.2128092886e-08    4.2301236985e-02
 490.0000000   -1.1543525723e-02    4.2230451510e-02
 495.0000000   -8.4358164582e-08    4.2384900246e-02
 500.0000000   -6.2831097069e-03    4.2658433330e-02
 505.0000000   -9.0080585430e-08    4.3020401198e-02
