#          t             r = ...
   0.0000000    1.7141400000e+00    1.7191400000e+00    4.4500000000e+02    4.5000000000e+02    4.5500000000e+02
   0.0000000    3.4603208385e-03    3.4655698037e-03    1.6153086136e-03    1.6151381697e-03    1.6149716249e-03
   2.5000000    7.0456892251e-04    7.0390591658e-04   -3.5076494361e-03   -3.5083738543e-03   -3.5091047944e-03
   5.0000000    9.3969113894e-03    9.3776285582e-03   -4.1268178524e-03   -4.1283799300e-03   -4.1300922492e-03
   7.5000000    8.6840725266e-03    8.6980955029e-03   -3.9073464439e-03   -3.9100642294e-03   -3.9129928403e-03
  10.0000000    6.3615027173e-03    6.3661146779e-03   -8.8998424770e-03   -8.9028282197e-03   -8.9062298942e-03
  12.5000000    1.2930184412e-02    1.2927103746e-02   -1.0441720464e-02   -1.0444822413e-02   -1.0448474589e-02
  15.0000000    1.0356151835e-02    1.0387769902e-02   -9.5933556056e-03   -9.5980218988e-03   -9.6033732106e-03
  17.5000000    8.5184610675e-03    8.5340623919e-03   -1.4177682488e-02   -1.4182827679e-02   -1.4188884974e-02
  20.0000000    1.3494453890e-02    1.3504263658e-02   -1.6687134298e-02   -1.6691582221e-02   -1.6697026461e-02
  22.5000000    1.1217711992e-02    1.1258094319e-02   -1.5451937640e-02   -1.5458106861e-02   -1.5465368817e-02
  25.0000000    8.9623044587e-03    8.9883286794e-03   -1.9383938819e-02   -1.9391286013e-02   -1.9399808730e-02
  27.5000000    1.2978129955e-02    1.2994815672e-02   -2.2819235283e-02   -2.2825150307e-02   -2.2832241353e-02
  30.0000000    1.1606705354e-02    1.1650462350e-02   -2.1476712600e-02   -2.1484153623e-02   -2.1492742323e-02
  32.5000000    8.8266494373e-03    8.8610771655e-03   -2.4568143782e-02   -2.4577763247e-02   -2.4588430130e-02
  35.0000000    1.2034676983e-02    1.2055068155e-02   -2.8803770933e-02   -2.8811430043e-02   -2.8820071266e-02
  37.5000000    1.1805904447e-02    1.1849524099e-02   -2.7646140504e-02   -2.7654700919e-02   -2.7664080672e-02
  40.0000000    8.6982224335e-03    8.7393352170e-03   -2.9782233845e-02   -2.9794051845e-02   -2.9806452833e-02
  42.5000000    1.1011923091e-02    1.1035203633e-02   -3.4619270887e-02   -3.4628959535e-02   -3.4639117921e-02
  45.0000000    1.1951975702e-02    1.1993366829e-02   -3.3925325164e-02   -3.3934895396e-02   -3.3944656369e-02
  47.5000000    8.8564149059e-03    8.9027298403e-03   -3.5075898088e-02   -3.5089714429e-02   -3.5103380265e-02
  50.0000000    1.0126662615e-02    1.0153474630e-02   -4.0259099780e-02   -4.0271147076e-02   -4.0282849672e-02
  52.5000000    1.2073400851e-02    1.2111679313e-02   -4.0268983013e-02   -4.0279658402e-02   -4.0289581787e-02
  55.0000000    9.3915056580e-03    9.4415724169e-03   -4.0492042220e-02   -4.0507746579e-02   -4.0522223807e-02
  57.5000000    9.5236667634e-03    9.5553153604e-03   -4.5732175707e-02   -4.5747117356e-02   -4.5760486298e-02
  60.0000000    1.2152755231e-02    1.2188110113e-02   -4.6625376513e-02   -4.6637686331e-02   -4.6647848529e-02
  62.5000000    1.0272694666e-02    1.0324960710e-02   -4.6062851891e-02   -4.6080653540e-02   -4.6095650384e-02
  65.0000000    9.3043672649e-03    9.3421965714e-03   -5.1062347238e-02   -5.1081030956e-02   -5.1096359671e-02
  67.5000000    1.2174080080e-02    1.2207650866e-02   -5.2940933978e-02   -5.2955941685e-02   -5.2966825357e-02
  70.0000000    1.1396481803e-02    1.1449407689e-02   -5.1806846393e-02   -5.1827357975e-02   -5.1842892034e-02
  72.5000000    9.5315763528e-03    9.5765249568e-03   -5.6286473475e-02   -5.6310008126e-02   -5.6327806929e-02
  75.0000000    1.2150306332e-02    1.2183984266e-02   -5.9165116971e-02   -5.9184337277e-02   -5.9196864734e-02
  77.5000000    1.2624884136e-02    1.2677116948e-02   -5.7727140321e-02   -5.7751316792e-02   -5.7767782046e-02
  80.0000000    1.0225206923e-02    1.0277492745e-02   -6.1451299268e-02   -6.1480900369e-02   -6.1501861253e-02
  82.5000000    1.2136857229e-02    1.2173000326e-02   -6.5255028561e-02   -6.5280241443e-02   -6.5295698791e-02
  85.0000000    1.3819665953e-02    1.3870330644e-02   -6.3811017993e-02   -6.3840043461e-02   -6.3858187273e-02
  87.5000000    1.1360462789e-02    1.1419510224e-02   -6.6609348893e-02   -6.6646180672e-02   -6.6671087312e-02
  90.0000000    1.2223274138e-02    1.2264388025e-02   -7.1179319173e-02   -7.1212373533e-02   -7.1232269678e-02
  92.5000000    1.4867103361e-02    1.4916039090e-02   -7.0030868850e-02   -7.0066056899e-02   -7.0086917366e-02
  95.0000000    1.2862007122e-02    1.2926509777e-02   -7.1814215954e-02   -7.1859278487e-02   -7.1888922326e-02
  97.5000000    1.2519050939e-02    1.2567381781e-02   -7.6921065811e-02   -7.6963704888e-02   -7.6989626350e-02
 100.0000000    1.5703954459e-02    1.5751862078e-02   -7.6346459010e-02   -7.6389166983e-02   -7.6414013501e-02
 102.5000000    1.4614946494e-02    1.4683145843e-02   -7.7115715328e-02   -7.7169767786e-02   -7.7204902558e-02
 105.0000000    1.3132759980e-02    1.3189969220e-02   -8.2479401823e-02   -8.2533101014e-02   -8.2566587301e-02
 107.5000000    1.6327748828e-02    1.6376196018e-02   -8.2708386678e-02   -8.2759920770e-02   -8.2790197875e-02
 110.0000000    1.6476229179e-02    1.6546247357e-02   -8.2555357608e-02   -8.2618860222e-02   -8.2660183506e-02
 112.5000000    1.4144375510e-02    1.4211235175e-02   -8.7869753011e-02   -8.7935568626e-02   -8.7977998207e-02
 115.0000000    1.6796785824e-02    1.6848039237e-02   -8.9062424486e-02   -8.9123933687e-02   -8.9161184433e-02
 117.5000000    1.8296195765e-02    1.8366472016e-02   -8.8162546792e-02   -8.8235627612e-02   -8.8283763580e-02
 120.0000000    1.5587014821e-02    1.5663319843e-02   -9.3122629540e-02   -9.3201082848e-02   -9.3253558099e-02
 122.5000000    1.7222570018e-02    1.7279299790e-02   -9.5354346767e-02   -9.5426729835e-02   -9.5472486124e-02
 125.0000000    1.9943965099e-02    2.0013610827e-02   -9.3951827784e-02   -9.4034296436e-02   -9.4089769766e-02
 127.5000000    1.7433816919e-02    1.7518388003e-02   -9.8281047483e-02   -9.8372077512e-02   -9.8435317494e-02
 130.0000000    1.7748915660e-02    1.7813766351e-02   -1.0153479540e-01   -1.0161864924e-01   -1.0167430218e-01
 132.5000000    2.1330238616e-02    2.1399324919e-02   -9.9921427877e-02   -1.0001285132e-01   -1.0007606365e-01
 135.0000000    1.9598785472e-02    1.9689740368e-02   -1.0339678983e-01   -1.0349979376e-01   -1.0357406080e-01
 137.5000000    1.8526966206e-02    1.8602157789e-02   -1.0756374432e-01   -1.0765936594e-01   -1.0772604542e-01
 140.0000000    2.2426418798e-02    2.2496077129e-02   -1.0605323651e-01   -1.0615306988e-01   -1.0622429815e-01
 142.5000000    2.1947341112e-02    2.2042424236e-02   -1.0852583549e-01   -1.0863979033e-01   -1.0872487640e-01
 145.0000000    1.9685498669e-02    1.9772405590e-02   -1.1341416520e-01   -1.1352159821e-01   -1.1360008906e-01
 147.5000000    2.3272398550e-02    2.3344730548e-02   -1.1231424759e-01   -1.1242199263e-01   -1.1250142070e-01
 150.0000000    2.4318645364e-02    2.4415725278e-02   -1.1372336767e-01   -1.1384700601e-01   -1.1394229039e-01
 152.5000000    2.1306442394e-02    2.1405390590e-02   -1.1907456710e-01   -1.1919366996e-01   -1.1928437832e-01
 155.0000000    2.3972991227e-02    2.4050807968e-02   -1.1865935771e-01   -1.1877471192e-01   -1.1886249158e-01
 157.5000000    2.6553437195e-02    2.6650941840e-02   -1.1903881279e-01   -1.1917081665e-01   -1.1927538676e-01
 160.0000000    2.3405224884e-02    2.3515378398e-02   -1.2455017797e-01   -1.2468068911e-01   -1.2478365623e-01
 162.5000000    2.4682488280e-02    2.4768861887e-02   -1.2503528723e-01   -1.2515824998e-01   -1.2525457401e-01
 165.0000000    2.8524177826e-02    2.8621503965e-02   -1.2451135859e-01   -1.2465053757e-01   -1.2476334952e-01
 167.5000000    2.5925168025e-02    2.6044720209e-02   -1.2986265074e-01   -1.3000423286e-01   -1.3011918230e-01
 170.0000000    2.5577844765e-02    2.5675643572e-02   -1.3138528359e-01   -1.3151619775e-01   -1.3162136132e-01
 172.5000000    3.0158086274e-02    3.0255815956e-02   -1.3016635669e-01   -1.3031178623e-01   -1.3043183407e-01
 175.0000000    2.8741621770e-02    2.8868085598e-02   -1.3504830440e-01   -1.3520056119e-01   -1.3532696130e-01
 177.5000000    2.6826588837e-02    2.6937953709e-02   -1.3765418998e-01   -1.3779371245e-01   -1.3790814190e-01
 180.0000000    3.1457904899e-02    3.1557833471e-02   -1.3601293676e-01   -1.3616404431e-01   -1.3629050859e-01
 182.5000000    3.1685991207e-02    3.1816725599e-02   -1.4015503950e-01   -1.4031750869e-01   -1.4045463511e-01
 185.0000000    2.8559970360e-02    2.8685975974e-02   -1.4379342382e-01   -1.4394243296e-01   -1.4406666935e-01
 187.5000000    3.2505251253e-02    3.2610190197e-02   -1.4204305311e-01   -1.4219964997e-01   -1.4233200360e-01
