#          t             R = ...
   0.0000000    1.1410600000e+00    3.0000000000e+02
   0.0000000   -3.8823624469e-19    1.9699979679e-15
   5.0000000   -3.5045498900e-03   -4.1072877135e-07
  10.0000000    4.8079344035e-02    2.3127895332e-05
  15.0000000    1.5166481524e-02    5.3073116490e-05
  20.0000000    1.7141334859e-02   -1.4539108805e-07
  25.0000000    3.5900541862e-02    7.9740673429e-05
  30.0000000    2.6988672262e-02    7.8151108017e-05
  35.0000000    2.2377439407e-02    6.4949745818e-06
  40.0000000    2.7565863488e-02    1.5715343344e-04
  45.0000000    4.6299689076e-02    6.4375557983e-05
  50.0000000    2.5303946318e-02    4.9010030929e-05
  55.0000000    3.8707715539e-02    2.2378169560e-04
  60.0000000    5.4120709407e-02    2.6488963763e-05
  65.0000000    3.3304255762e-02    1.3957206966e-04
  70.0000000    5.7970213683e-02    2.4615066013e-04
  75.0000000    4.8611986030e-02   -3.4892146937e-08
  80.0000000    5.3920732869e-02    2.6282837821e-04
  85.0000000    7.1925139543e-02    2.0821475568e-04
  90.0000000    4.7830525972e-02    2.4407792323e-05
  95.0000000    8.3428113702e-02    3.7923673852e-04
 100.0000000    7.3688856780e-02    1.2386456537e-04
 105.0000000    6.7162639387e-02    1.2255309013e-04
 110.0000000    1.0564935922e-01    4.4150568888e-04
 115.0000000    7.1652120435e-02    3.5734903021e-05
 120.0000000    1.0568099001e-01    2.8482438068e-04
 125.0000000    1.0958885764e-01    4.1743431842e-04
 130.0000000    8.5230183313e-02   -6.0325940655e-07
 135.0000000    1.4574595387e-01    4.6757146565e-04
 140.0000000    1.0237586747e-01    3.0886472229e-04
 145.0000000    1.2501017514e-01    5.8792080041e-05
 150.0000000    1.6567687606e-01    6.0746858278e-04
 155.0000000    1.0638337603e-01    1.5731569994e-04
 160.0000000    1.7928817458e-01    2.2337587026e-04
 165.0000000    1.5989970890e-01    6.4734641066e-04
 170.0000000    1.4250479838e-01    3.2041004712e-05
 175.0000000    2.2092741527e-01    4.5768948459e-04
 180.0000000    1.4825829015e-01    5.6307621772e-04
 185.0000000    2.1030461969e-01    3.7542624767e-06
 190.0000000    2.2943130699e-01    6.8960449519e-04
 195.0000000    1.6340441602e-01    3.7958955933e-04
 200.0000000    2.8258119417e-01    1.1396318191e-04
 205.0000000    2.1144746755e-01    8.3586045610e-04
 210.0000000    2.2453732608e-01    1.6766646827e-04
 215.0000000    3.2304950451e-01    3.5280450584e-04
 220.0000000    2.0174925740e-01    8.3584697643e-04
 225.0000000    3.1771381470e-01    2.0616695315e-05
 230.0000000    3.1570119286e-01    6.5592071876e-04
 235.0000000    2.3970564464e-01    6.8010968747e-04
 240.0000000    4.0038324874e-01    1.8491895271e-05
 245.0000000    2.8308813715e-01    9.2385789086e-04
 250.0000000    3.3688314213e-01    4.2094103566e-04
 255.0000000    4.3077835259e-01    1.9349954565e-04
 260.0000000    2.7609871370e-01    1.0583260768e-03
 265.0000000    4.6118877299e-01    1.5870238216e-04
 270.0000000    4.0253317904e-01    5.1112132407e-04
 275.0000000    3.3858439928e-01    1.0020936678e-03
 280.0000000    5.5341666423e-01    6.9886232879e-06
 285.0000000    3.5738473282e-01    8.7631327374e-04
 290.0000000    4.7084376931e-01    7.6654442109e-04
 295.0000000    5.6857420167e-01    4.8733460811e-05
 300.0000000    3.6194874174e-01    1.1647707081e-03
 305.0000000    6.2069379252e-01    4.3454170039e-04
 310.0000000    5.1367536458e-01    3.0009326620e-04
 315.0000000    4.6074140195e-01    1.2688283480e-03
 320.0000000    7.1369416632e-01    1.3487674727e-04
 325.0000000    4.5216029705e-01    6.9799631532e-04
 330.0000000    6.3780038823e-01    1.1441714432e-03
 335.0000000    7.0563477126e-01   -2.8301935914e-06
 340.0000000    4.6622942237e-01    1.0969681107e-03
 345.0000000    8.1741919091e-01    7.8657609664e-04
 350.0000000    6.2101533083e-01    1.2165620971e-04
 355.0000000    5.9893963999e-01    1.5676160259e-03
 360.0000000    9.0951614051e-01    5.7943664772e-04
 365.0000000    5.4677121281e-01    1.9186999902e-04
 370.0000000    8.1596865036e-01    7.2460269503e-04
 375.0000000    8.7261836873e-01   -2.3920249317e-04
 380.0000000    5.7923591733e-01    2.3527116514e-03
 385.0000000    1.0179227514e+00    4.0249783448e-03
 390.0000000    7.5130686600e-01   -6.8890851778e-05
 395.0000000    7.5641457285e-01   -5.6553321188e-03
 400.0000000    1.1010205252e+00   -7.7838650725e-03
 405.0000000    6.5725491415e-01    5.5472809909e-03
 410.0000000    1.0218358263e+00    2.5588948582e-02
 415.0000000    1.0297445931e+00    1.6339318167e-02
 420.0000000    7.0112389341e-01   -2.2171330145e-02
 425.0000000    1.2501564983e+00   -4.0836121319e-02
 430.0000000    8.7061121235e-01   -8.9278143573e-03
 435.0000000    9.1512281435e-01    2.5610920131e-02
 440.0000000    1.3237038364e+00    6.6124952018e-03
 445.0000000    7.6047338951e-01    1.9540089077e-03
 450.0000000    1.2207856916e+00    7.6542689691e-02
 455.0000000    1.2133245766e+00    9.1407840259e-02
 460.0000000    8.2247832296e-01   -6.2709253967e-02
 465.0000000    1.4680848846e+00   -1.7711958367e-01
 470.0000000    1.0084687233e+00   -6.3540358585e-02
 475.0000000    1.0810993989e+00    4.0223781309e-02
 480.0000000    1.5269980074e+00   -6.2420854853e-02
 485.0000000    8.7142709621e-01   -3.4222872090e-02
 490.0000000    1.4342455938e+00    2.6376765484e-01
 495.0000000    1.3757358134e+00    2.9199872275e-01
 500.0000000    9.3848674593e-01   -3.9185989056e-02
 505.0000000    1.7061129638e+00   -6.8309925108e-02
 510.0000000    1.1263153308e+00    1.1845825282e-01
 515.0000000    1.2281743873e+00   -1.7019066425e-01
 520.0000000    1.7533137829e+00   -4.9665815136e-01
 525.0000000    9.6527092164e-01   -1.5619190261e-01
 530.0000000    1.6175985094e+00    9.8587741476e-02
