#          t             r = ...
   0.0000000    1.7141400000e+00    1.7191400000e+00    4.4500000000e+02    4.5000000000e+02    4.5500000000e+02
   0.0000000    3.4457544783e-03    3.4510256470e-03    1.6178058625e-03    1.6177109117e-03    1.6176180666e-03
   2.5000000    7.0244327249e-04    7.0179166423e-04   -3.4862842338e-03   -3.5024573272e-03   -3.5028247796e-03
   5.0000000    9.3633672640e-03    9.3443380742e-03   -4.1008730729e-03   -4.1335474287e-03   -4.1220758134e-03
   7.5000000    8.6542754790e-03    8.6684616231e-03   -3.8808829669e-03   -3.9148865628e-03   -3.9046396133e-03
  10.0000000    6.3416558339e-03    6.3463773284e-03   -8.9099252518e-03   -8.9461139738e-03   -8.9379537637e-03
  12.5000000    1.2885278092e-02    1.2882491504e-02   -1.0453691695e-02   -1.0490467076e-02   -1.0482775605e-02
  15.0000000    1.0323831006e-02    1.0355541498e-02   -9.6035983006e-03   -9.6422246825e-03   -9.6362619837e-03
  17.5000000    8.4911798891e-03    8.5069051093e-03   -1.4194681637e-02   -1.4234445814e-02   -1.4229513132e-02
  20.0000000    1.3444938065e-02    1.3455033720e-02   -1.6707254693e-02   -1.6746877268e-02   -1.6741710411e-02
  22.5000000    1.1176279821e-02    1.1216777902e-02   -1.5469396424e-02   -1.5511077530e-02   -1.5507851138e-02
  25.0000000    8.9287763291e-03    8.9549139891e-03   -1.9406766748e-02   -1.9450270018e-02   -1.9448744105e-02
  27.5000000    1.2930284895e-02    1.2947212564e-02   -2.2874379300e-02   -2.2918324039e-02   -2.2917129741e-02
  30.0000000    1.1563811125e-02    1.1607680664e-02   -2.1528671545e-02   -2.1574479549e-02   -2.1575042066e-02
  32.5000000    8.7945495361e-03    8.8290613912e-03   -2.4623820351e-02   -2.4672378573e-02   -2.4675550306e-02
  35.0000000    1.1990250487e-02    1.2010849070e-02   -2.8864609384e-02   -2.8911893675e-02   -2.8913744186e-02
  37.5000000    1.1762670185e-02    1.1806412255e-02   -2.7703764553e-02   -2.7752284454e-02   -2.7755281128e-02
  40.0000000    8.6659574605e-03    8.7071334618e-03   -2.9841815239e-02   -2.9894102656e-02   -2.9900704149e-02
  42.5000000    1.0971983800e-02    1.0995443629e-02   -3.4730870945e-02   -3.4783612392e-02   -3.4816394250e-02
  45.0000000    1.1908654017e-02    1.1950174095e-02   -3.3984923327e-02   -3.4036137779e-02   -3.4048585670e-02
  47.5000000    8.8239406568e-03    8.8702987683e-03   -3.5107790248e-02   -3.5152099972e-02   -3.5153147840e-02
  50.0000000    1.0094419686e-02    1.0121355606e-02   -4.0330705306e-02   -4.0362566946e-02   -4.0374265460e-02
  52.5000000    1.2031986618e-02    1.2070393384e-02   -4.0367843538e-02   -4.0402021255e-02   -4.0416176529e-02
  55.0000000    9.3591569735e-03    9.4092568285e-03   -4.0483433916e-02   -4.0516864953e-02   -4.0530059233e-02
  57.5000000    9.4910811999e-03    9.5228307747e-03   -4.5721209836e-02   -4.5750621547e-02   -4.5762809188e-02
  60.0000000    1.2109267018e-02    1.2144774257e-02   -4.6677915246e-02   -4.6725979288e-02   -4.6740657339e-02
  62.5000000    1.0235382007e-02    1.0287700021e-02   -4.6021894955e-02   -4.6070585280e-02   -4.6085905187e-02
  65.0000000    9.2776584813e-03    9.3155448586e-03   -5.1101201485e-02   -5.1154729539e-02   -5.1174791792e-02
  67.5000000    1.2139410346e-02    1.2173098443e-02   -5.2967926041e-02   -5.3010451977e-02   -5.3026702248e-02
  70.0000000    1.1364624601e-02    1.1417580275e-02   -5.1728585949e-02   -5.1780380826e-02   -5.1796920258e-02
  72.5000000    9.5040341988e-03    9.5490159100e-03   -5.6249355926e-02   -5.6305412821e-02   -5.6326069461e-02
  75.0000000    1.2113417926e-02    1.2147222255e-02   -5.9182864182e-02   -5.9237019375e-02   -5.9255828844e-02
  77.5000000    1.2591892111e-02    1.2644177641e-02   -5.7708632606e-02   -5.7754925156e-02   -5.7775444265e-02
  80.0000000    1.0196689536e-02    1.0248989366e-02   -7.5760422812e-02   -8.2429071364e-02   -8.7203589437e-02
  82.5000000    1.2102446880e-02    1.2138690255e-02   -7.9621912619e-02   -8.6232854025e-02   -9.1002084985e-02
  85.0000000    1.3781525892e-02    1.3832264384e-02   -7.8175955285e-02   -8.4789316706e-02   -8.9560852998e-02
  87.5000000    1.1333260454e-02    1.1392311524e-02   -8.2206184789e-02   -8.8463161456e-02   -9.3256098608e-02
  90.0000000    1.2190687406e-02    1.2231882817e-02   -8.5521109149e-02   -9.2120661706e-02   -9.6890558873e-02
  92.5000000    1.4833328609e-02    1.4882335609e-02   -8.4388927501e-02   -9.0993521075e-02   -9.5765293541e-02
  95.0000000    1.2833959414e-02    1.2898454683e-02   -8.6206546736e-02   -9.2807970593e-02   -9.7588695831e-02
  97.5000000    1.2490762854e-02    1.2539125006e-02   -7.6952204767e-02   -7.7003347448e-02   -7.7041902677e-02
 100.0000000    1.5666427730e-02    1.5714428945e-02   -7.6303578814e-02   -7.6353407376e-02   -7.6383322497e-02
 102.5000000    1.4576969898e-02    1.4645195759e-02   -7.6963433459e-02   -7.7274457498e-02   -7.7234562394e-02
 105.0000000    1.3096391683e-02    1.3153652021e-02   -8.2580240891e-02   -8.2623115162e-02   -8.2658936537e-02
 107.5000000    1.6288555378e-02    1.6337108438e-02   -8.2806267044e-02   -8.2843057371e-02   -8.2876103250e-02
 110.0000000    1.6433365579e-02    1.6503431790e-02   -8.2639217539e-02   -8.2701711886e-02   -8.2744477308e-02
 112.5000000    1.4107772731e-02    1.4174666257e-02   -8.7971828190e-02   -8.8046750057e-02   -8.8090651893e-02
 115.0000000    1.6754313318e-02    1.6805699207e-02   -8.9161675705e-02   -8.9212758915e-02   -8.9245930215e-02
 117.5000000    1.8248235910e-02    1.8318596684e-02   -8.7346371527e-02   -8.7599294098e-02   -8.8221604337e-02
 120.0000000    1.5545237961e-02    1.5621579357e-02   -9.3300023167e-02   -9.3374133920e-02   -9.3442718051e-02
 122.5000000    1.7175348150e-02    1.7232217114e-02   -1.0089964099e-01   -9.5518770202e-02   -9.5548483903e-02
 125.0000000    1.9891138383e-02    1.9960907187e-02   -9.9531699712e-02   -9.4170712446e-02   -9.4206354943e-02
 127.5000000    1.7393566697e-02    1.7478155651e-02   -1.0390116342e-01   -9.8547556446e-02   -9.8605697911e-02
 130.0000000    1.7693573929e-02    1.7758565997e-02   -1.0176507416e-01   -1.0183286912e-01   -1.0189735813e-01
 132.5000000    2.1268652982e-02    2.1337910850e-02   -1.0004347835e-01   -1.0009884848e-01   -1.0014431761e-01
 135.0000000    1.9551023309e-02    1.9642018257e-02   -1.0355149493e-01   -1.0361054670e-01   -1.0366611016e-01
 137.5000000    1.8481948514e-02    1.8557202385e-02   -1.0775126585e-01   -1.0782040765e-01   -1.0788684013e-01
 140.0000000    2.2368545935e-02    2.2438365917e-02   -1.0617750583e-01   -1.0624780896e-01   -1.0629810781e-01
 142.5000000    2.1889782657e-02    2.1984933323e-02   -1.0871361895e-01   -1.0878062363e-01   -1.0883806289e-01
 145.0000000    1.9645037521e-02    1.9731974982e-02   -1.1362186124e-01   -1.1369596999e-01   -1.1375282001e-01
 147.5000000    2.3212312234e-02    2.3284806220e-02   -1.1243515115e-01   -1.1250486311e-01   -1.1255953462e-01
 150.0000000    2.4251536025e-02    2.4348741654e-02   -1.1385921405e-01   -1.1392447606e-01   -1.1398767140e-01
 152.5000000    2.1250980807e-02    2.1349990459e-02   -1.1936168814e-01   -1.1944152336e-01   -1.1951209836e-01
 155.0000000    2.3907421899e-02    2.3985415355e-02   -1.1884647905e-01   -1.1890406965e-01   -1.1897060667e-01
 157.5000000    2.6479606891e-02    2.6577275386e-02   -1.1917651550e-01   -1.1924888741e-01   -1.1931405992e-01
 160.0000000    2.3350061985e-02    2.3460288271e-02   -1.2483557900e-01   -1.2491131049e-01   -1.2498591126e-01
 162.5000000    2.4627104360e-02    2.4713565342e-02   -1.2525384468e-01   -1.2533093634e-01   -1.2539452092e-01
 165.0000000    2.8458995378e-02    2.8556429484e-02   -1.2335505507e-01   -1.2357623210e-01   -1.2377138827e-01
 167.5000000    2.5857803347e-02    2.5977436846e-02   -1.2886983133e-01   -1.2909558783e-01   -1.2933404594e-01
 170.0000000    2.5506744754e-02    2.5604701451e-02   -1.3157235351e-01   -1.3162151364e-01   -1.3170350513e-01
 172.5000000    3.0072835775e-02    3.0170778917e-02   -1.3024005194e-01   -1.3030415806e-01   -1.3039131654e-01
 175.0000000    2.8659335747e-02    2.8785914478e-02   -1.3521838732e-01   -1.3514207286e-01   -1.3499471451e-01
 177.5000000    2.6752723932e-02    2.6864213383e-02   -1.3783417165e-01   -1.3787463026e-01   -1.3793936818e-01
 180.0000000    3.1376138175e-02    3.1476285392e-02   -1.3596668218e-01   -1.3587504743e-01   -1.3572814371e-01
 182.5000000    3.1612370984e-02    3.1743232251e-02   -1.4054288053e-01   -1.4062650152e-01   -1.4073656483e-01
 185.0000000    2.8500904558e-02    2.8626899515e-02   -1.4399389513e-01   -1.4391031348e-01   -1.4374548368e-01
