#          t             R = ...
   0.0000000    1.7141400000e+00    3.0000000000e+02
   0.0000000    2.0984223933e-19    8.1256717663e-17
   5.0000000   -1.7330686567e-02   -3.7650078702e-02
  10.0000000   -4.4254299442e-02   -1.0739554727e-01
  15.0000000   -4.3421871095e-02   -1.3400893910e-01
  20.0000000   -5.3005160169e-02   -1.8657334604e-01
  25.0000000   -4.0503134480e-02   -2.4731628725e-01
  30.0000000   -6.1934857101e-02   -2.7101342095e-01
  35.0000000   -5.0711442774e-02   -3.3640858772e-01
  40.0000000   -6.3689755586e-02   -3.8279845447e-01
  45.0000000   -6.1865635067e-02   -4.1300981283e-01
  50.0000000   -5.9549859134e-02   -4.8406815670e-01
  55.0000000   -6.2018143297e-02   -5.1632886430e-01
  60.0000000   -7.7220568860e-02   -5.5988713579e-01
  65.0000000   -6.9874472657e-02   -6.2714314476e-01
  70.0000000   -7.5558775136e-02   -6.5111331395e-01
  75.0000000   -7.8366916922e-02   -7.0961804847e-01
  80.0000000   -9.4117395844e-02   -7.6505563815e-01
  85.0000000   -9.0301944593e-02   -7.8992955610e-01
  90.0000000   -9.6563733014e-02   -8.5903731572e-01
  95.0000000   -1.1413334879e-01   -8.9918911274e-01
 100.0000000   -1.0877455357e-01   -9.3387565370e-01
 105.0000000   -1.2403963415e-01   -1.0049952019e+00
 110.0000000   -1.2698346764e-01   -1.0324430629e+00
 115.0000000   -1.1623281256e-01   -1.0821150811e+00
 120.0000000   -1.2823895692e-01   -1.1457812237e+00
 125.0000000   -1.3399430420e-01   -1.1682111203e+00
 130.0000000   -1.4446023566e-01   -1.2321678501e+00
 135.0000000   -1.5258093626e-01   -1.2816753022e+00
 140.0000000   -1.6252469506e-01   -1.3088318537e+00
 145.0000000   -1.8132566017e-01   -1.3806326494e+00
 150.0000000   -1.8403482125e-01   -1.4147001247e+00
 155.0000000   -1.9479231568e-01   -1.4546031439e+00
 160.0000000   -2.1679445671e-01   -1.5245900416e+00
 165.0000000   -2.0918490877e-01   -1.5480573588e+00
 170.0000000   -2.2791317651e-01   -1.6038916029e+00
 175.0000000   -2.4055699577e-01   -1.6629755920e+00
 180.0000000   -2.5214329831e-01   -1.6850152992e+00
 185.0000000   -2.7234187918e-01   -1.7537471919e+00
 190.0000000   -2.7411717241e-01   -1.7969214114e+00
 195.0000000   -3.0983609868e-01   -1.8274392249e+00
 200.0000000   -3.2873543333e-01   -1.9008268698e+00
 205.0000000   -3.2608146984e-01   -1.9291921201e+00
 210.0000000   -3.5337580035e-01   -1.9749483102e+00
 215.0000000   -3.6675875004e-01   -2.0426834057e+00
 220.0000000   -3.7549209515e-01   -2.0631833796e+00
 225.0000000   -4.1678507596e-01   -2.1251029714e+00
 230.0000000   -4.1237748102e-01   -2.1788377228e+00
 235.0000000   -4.3562327819e-01   -2.2017033379e+00
 240.0000000   -4.4668473585e-01   -2.2744001177e+00
 245.0000000   -4.4873458907e-01   -2.3110811054e+00
 250.0000000   -4.8521485969e-01   -2.3459104072e+00
 255.0000000   -4.9027833079e-01   -2.4196250105e+00
 260.0000000   -5.1320278515e-01   -2.4427936057e+00
 265.0000000   -5.4262115877e-01   -2.4947488550e+00
 270.0000000   -5.4676399585e-01   -2.5590134843e+00
 275.0000000   -5.8353917300e-01   -2.5775704953e+00
 280.0000000   -6.0189571618e-01   -2.6452384964e+00
 285.0000000   -6.2206122570e-01   -2.6929504030e+00
 290.0000000   -6.5861415005e-01   -2.7178480401e+00
 295.0000000   -6.7097905761e-01   -2.7936252594e+00
 300.0000000   -6.9697358069e-01   -2.8239135391e+00
 305.0000000   -7.2626457254e-01   -2.8639537129e+00
 310.0000000   -7.3312042747e-01   -2.9368338751e+00
 315.0000000   -7.7351641688e-01   -2.9555849924e+00
 320.0000000   -7.9325425221e-01   -3.0139536273e+00
 325.0000000   -8.1056543511e-01   -3.0737129941e+00
 330.0000000   -8.5231043478e-01   -3.0914802451e+00
 335.0000000   -8.6039319309e-01   -3.1643363995e+00
 340.0000000   -9.1226714548e-01   -3.2054985562e+00
 345.0000000   -9.2769450033e-01   -3.2335258158e+00
 350.0000000   -9.3514254924e-01   -3.3112731498e+00
 355.0000000   -9.9557382332e-01   -3.3354150825e+00
 360.0000000   -1.0077404322e+00   -3.3813839573e+00
 365.0000000   -1.0374966395e+00   -3.4521857357e+00
 370.0000000   -1.0785872036e+00   -3.4673316663e+00
 375.0000000   -1.0744056882e+00   -3.5320544618e+00
 380.0000000   -1.1259597757e+00   -3.5865413911e+00
 385.0000000   -1.1596800983e+00   -3.6051566243e+00
 390.0000000   -1.1655360496e+00   -3.6826766908e+00
 395.0000000   -1.2258923317e+00   -3.7160049265e+00
 400.0000000   -1.2359620985e+00   -3.7465312531e+00
 405.0000000   -1.2682442085e+00   -3.8258345403e+00
 410.0000000   -1.3178937698e+00   -3.8490803902e+00
 415.0000000   -1.3196122373e+00   -3.9045071618e+00
 420.0000000   -1.3826227522e+00   -3.9658667042e+00
 425.0000000   -1.4028283541e+00   -3.9689963660e+00
 430.0000000   -1.4175333994e+00   -4.0419523041e+00
 435.0000000   -1.4874851868e+00   -4.1011070412e+00
 440.0000000   -1.4801159668e+00   -4.1210024603e+00
 445.0000000   -1.5222560671e+00   -4.1933572131e+00
 450.0000000   -1.5795901711e+00   -4.2300516285e+00
 455.0000000   -1.5680347590e+00   -4.2861688018e+00
 460.0000000   -1.6333852849e+00   -4.3502729403e+00
 465.0000000   -1.6670623990e+00   -4.3299837308e+00
 470.0000000   -1.6756870490e+00   -4.3953588122e+00
 475.0000000   -1.7454621646e+00   -4.4855922059e+00
 480.0000000   -1.7417748317e+00   -4.4782323178e+00
