#          t             R = ...
   0.0000000    1.7141400000e+00    5.0000000000e+02
   0.0000000   -5.1541077092e-19   -3.3721666232e-14
   2.5000000   -1.4374533483e-02   -8.9056876131e-02
   5.0000000   -4.7349251775e-03   -9.6553148344e-02
   7.5000000    1.6760369953e-02   -1.7134588475e-01
  10.0000000    2.0178111890e-03   -2.7217204952e-01
  12.5000000   -1.2663019839e-02   -2.8422343561e-01
  15.0000000    4.4359872171e-03   -3.4348959598e-01
  17.5000000    6.8043998428e-03   -4.5256966197e-01
