#          t             R = ...
   0.0000000    1.7141400000e+00    5.0000000000e+02
   0.0000000   -6.5308106963e-20   -4.0255359081e-16
   2.5000000   -5.4800476853e-03   -3.5549248649e-02
   5.0000000   -9.2273243863e-03   -3.8628576771e-02
   7.5000000    5.5875744651e-04   -6.8270978871e-02
  10.0000000   -1.7574860446e-04   -1.0865404336e-01
  12.5000000   -8.3705839277e-03   -1.1368548738e-01
  15.0000000   -3.1030629341e-03   -1.3689657230e-01
  17.5000000    1.7599271380e-03   -1.8058977320e-01
