#          t             R = ...
   0.0000000    1.7141400000e+00    3.0000000000e+02
   0.0000000    6.5428001219e-19    5.7430189077e-16
   5.0000000   -4.7009875223e-02    4.7810179032e-02
  10.0000000   -7.4911147530e-02    1.8942192422e-02
  15.0000000   -3.9121385820e-02    1.0220250352e-01
  20.0000000   -2.8335819699e-02    1.0904607866e-01
  25.0000000   -2.0948815308e-02    8.3378946447e-02
  30.0000000   -1.8721175165e-02    1.7689981467e-01
  35.0000000   -1.7943453234e-02    1.6069059034e-01
  40.0000000   -2.3870915514e-02    1.6471258928e-01
  45.0000000   -2.5887160113e-02    2.5012399215e-01
  50.0000000   -2.5512927027e-02    2.2393207835e-01
  55.0000000   -2.7684641314e-02    2.6433413144e-01
  60.0000000   -2.5616257731e-02    3.2339585476e-01
  65.0000000   -3.2728431337e-02    2.9655413267e-01
  70.0000000   -3.2458940690e-02    3.5924512306e-01
  75.0000000   -2.7581055472e-02    3.8159270373e-01
  80.0000000   -1.3905546600e-02    3.7244437131e-01
  85.0000000   -1.0764322949e-02    4.4405006068e-01
  90.0000000   -1.1845399101e-02    4.3278434772e-01
  95.0000000   -2.1803737285e-02    4.5602663415e-01
 100.0000000   -2.0595668517e-02    5.2398374054e-01
 105.0000000   -1.6025675082e-02    4.9232649339e-01
 110.0000000   -2.0457346640e-02    5.4756012343e-01
 115.0000000   -9.4884992016e-03    5.9652962892e-01
 120.0000000   -6.5695200531e-03    5.6305164915e-01
 125.0000000   -5.8569999346e-07    6.3879393648e-01
 130.0000000   -1.1625693401e-02    6.5746155161e-01
 135.0000000   -1.3146405746e-02    6.4159659501e-01
 140.0000000   -9.5103098424e-03    7.2293836801e-01
 145.0000000   -1.1806995876e-02    7.1125375318e-01
 150.0000000   -7.7833899947e-03    7.2672600567e-01
 155.0000000   -1.8785904077e-02    7.9813381959e-01
 160.0000000   -1.0802848470e-02    7.6719031177e-01
 165.0000000   -1.9234850433e-02    8.1665864532e-01
 170.0000000   -1.4137296292e-02    8.6376520796e-01
 175.0000000   -1.4710780389e-02    8.3101304779e-01
 180.0000000   -4.4089685433e-06    9.0630948296e-01
 185.0000000   -3.7379083185e-06    9.2083050961e-01
 190.0000000   -1.4687052490e-03    9.0456398763e-01
 195.0000000   -7.5908765505e-07    9.9072870149e-01
 200.0000000   -3.6480151176e-07    9.7466558098e-01
 205.0000000   -4.2541180335e-07    9.8783554261e-01
 210.0000000   -4.4719206334e-03    1.0666368854e+00
 215.0000000   -8.7715667993e-03    1.0314630547e+00
 220.0000000   -8.7723398638e-03    1.0773480360e+00
 225.0000000   -1.7666576087e-06    1.1323353054e+00
 230.0000000   -5.4122637920e-03    1.0955124971e+00
 235.0000000   -4.8057375403e-03    1.1673845149e+00
 240.0000000   -1.7982888733e-02    1.1896630401e+00
 245.0000000   -1.0999503864e-02    1.1694995451e+00
 250.0000000   -1.8690748499e-02    1.2526565359e+00
 255.0000000   -1.0999248713e-02    1.2435969861e+00
 260.0000000   -1.5454088910e-02    1.2534078544e+00
 265.0000000   -1.0999675352e-02    1.3293742839e+00
 270.0000000    1.3204670169e-07    1.2999291549e+00
 275.0000000   -1.5936692440e-07    1.3438144255e+00
 280.0000000   -1.6117144968e-07    1.3960425967e+00
 285.0000000   -8.7778946567e-03    1.3633645523e+00
 290.0000000   -2.0608584293e-07    1.4350348639e+00
 295.0000000   -4.4570003312e-03    1.4542033699e+00
 300.0000000    9.2177257742e-08    1.4364783604e+00
 305.0000000   -5.2642721869e-07    1.5215128161e+00
 310.0000000   -2.5816951661e-06    1.5088419986e+00
 315.0000000   -5.0888921187e-07    1.5196538713e+00
 320.0000000   -2.5561537905e-06    1.5995196942e+00
 325.0000000   -3.0666743363e-06    1.5659937494e+00
 330.0000000   -3.4632750985e-06    1.6099038995e+00
 335.0000000   -5.0180966435e-03    1.6675792086e+00
 340.0000000   -9.2389354001e-03    1.6311618346e+00
 345.0000000   -9.2785564460e-03    1.7039903728e+00
 350.0000000   -1.5234761121e-05    1.7283881356e+00
 355.0000000   -2.3566543969e-05    1.7024083423e+00
 360.0000000   -2.1178114602e-03    1.7930444437e+00
 365.0000000   -2.4693847458e-05    1.8045085402e+00
 370.0000000   -1.4271575618e-05    1.8113165754e+00
 375.0000000   -1.5964907014e-03    1.8528300324e+00
 380.0000000   -8.6627783890e-07    1.7796179043e+00
 385.0000000    4.5093129791e-07    1.8285254812e+00
 390.0000000   -3.0849273161e-03    1.9765440842e+00
 395.0000000   -1.1883136729e-03    2.0656918116e+00
 400.0000000   -1.6827507766e-05    2.1893803306e+00
 405.0000000   -1.4451176234e-05    2.0985150900e+00
 410.0000000   -1.5629429452e-05    1.7206706081e+00
 415.0000000   -5.7421270042e-06    1.3935085146e+00
 420.0000000   -9.6851965460e-03    1.4717844780e+00
 425.0000000   -1.0653962124e-02    2.3467041006e+00
 430.0000000   -5.7772818125e-03    3.4423393519e+00
 435.0000000   -1.2324400437e-02    3.5263297849e+00
 440.0000000   -1.9314745691e-06    2.5505979352e+00
 445.0000000   -9.3697446925e-07    1.3458320255e+00
 450.0000000   -4.7097963559e-06    5.7877237066e-01
 455.0000000   -3.9460290326e-03    3.6897012797e-01
 460.0000000   -3.9459436930e-03    6.6403099552e-01
 465.0000000   -9.8529598429e-07    2.1249353481e+00
 470.0000000   -4.7387750536e-07    4.5175761689e+00
 475.0000000   -3.4270915378e-06    5.8542319648e+00
 480.0000000   -8.7593557922e-03    5.4496395385e+00
 485.0000000   -3.6675675985e-06    4.4460137923e+00
 490.0000000   -6.2265871604e-07    3.0646879138e+00
 495.0000000   -4.6202874369e-07    6.6173259542e-01
 500.0000000   -1.2155160742e-02   -1.8489089300e+00
 505.0000000   -1.0502394083e-07   -2.4503479908e+00
 510.0000000   -3.3551790836e-03   -1.5291992728e+00
 515.0000000   -3.3586283817e-03   -6.2789423045e-01
 520.0000000   -8.9835348949e-07    1.5145221586e+00
 525.0000000   -4.2136077905e-08    5.2006125571e+00
 530.0000000   -4.4562367079e-03    7.5236340921e+00
 535.0000000   -8.3838908243e-03    8.5045341528e+00
 540.0000000   -3.1808718799e-07    9.9428907873e+00
 545.0000000   -7.8975458000e-07    9.8639768651e+00
 550.0000000   -1.0518386500e-02    7.2996673631e+00
 555.0000000   -1.1806731482e-07    4.9904605456e+00
 560.0000000   -5.7971443109e-07    2.9093722240e+00
 565.0000000    3.8881804907e-08   -7.4158452647e-01
 570.0000000   -8.3680258642e-03   -3.7222042255e+00
 575.0000000   -1.6994753049e-07   -4.6003680691e+00
 580.0000000    9.1846653341e-08   -5.8523889498e+00
 585.0000000   -7.2096438148e-03   -6.5167242734e+00
 590.0000000   -1.0763089164e-02   -4.3707628652e+00
 595.0000000   -9.8724072542e-03   -2.3574254524e+00
 600.0000000   -9.8722568170e-03   -7.6789819214e-01
 605.0000000   -9.8724088818e-03    3.2861173034e+00
 610.0000000   -9.8724784729e-03    6.8145912969e+00
 615.0000000    1.0615116487e-07    8.5023090065e+00
 620.0000000   -1.9407233793e-08    1.1931308908e+01
 625.0000000   -2.1550079927e-07    1.4610810504e+01
 630.0000000    1.0316866902e-07    1.4383519317e+01
 635.0000000   -5.5234330089e-03    1.5306576135e+01
 640.0000000   -1.5944887345e-03    1.5831881385e+01
 645.0000000    5.6310035483e-08    1.3189157086e+01
 650.0000000    1.2571855418e-07    1.1487849713e+01
 655.0000000   -2.5684980683e-03    1.0179792855e+01
 660.0000000    6.9766689836e-08    6.0865130883e+00
 665.0000000    5.9535669766e-08    3.0427292196e+00
 670.0000000   -4.4033537388e-03    1.2420688995e+00
 675.0000000   -4.1556485631e-03   -2.8343034241e+00
 680.0000000    6.3050229034e-09   -5.6527446108e+00
 685.0000000   -5.4673003879e-08   -6.5101823745e+00
 690.0000000   -6.4841571731e-03   -9.3249582048e+00
 695.0000000   -3.8751646073e-08   -1.0765175669e+01
 700.0000000   -1.3540945312e-06   -9.7544108341e+00
 705.0000000   -3.3811454252e-08   -1.0674933785e+01
 710.0000000   -6.7691967793e-03   -1.0326245917e+01
 715.0000000   -4.9360420739e-08   -7.3914583528e+00
 720.0000000   -5.6731981517e-07   -6.6255907995e+00
 725.0000000   -1.2045771701e-03   -4.8233979934e+00
 730.0000000   -1.0865989017e-02   -6.2075824466e-01
 735.0000000   -1.2045254313e-03    1.0288711446e+00
 740.0000000   -6.5452776846e-03    3.5608220801e+00
 745.0000000   -1.6152307046e-07    8.1590455258e+00
 750.0000000   -2.0831059844e-07    9.7678744856e+00
 755.0000000    8.5564386009e-08    1.2240425457e+01
 760.0000000   -8.3678598011e-03    1.6427841540e+01
 765.0000000   -5.4390011408e-07    1.7229920443e+01
 770.0000000   -1.1116622692e-08    1.8970143678e+01
 775.0000000   -4.8740329443e-07    2.2109723951e+01
 780.0000000   -9.2836819921e-03    2.1635186354e+01
 785.0000000    2.6755496761e-08    2.2277280756e+01
 790.0000000    5.7408958515e-08    2.4045503779e+01
 795.0000000   -6.8794248374e-07    2.2174740035e+01
 800.0000000    7.6472897977e-08    2.1703330818e+01
 805.0000000    1.1846756391e-07    2.2126466723e+01
 810.0000000   -1.1014517256e-06    1.9049469743e+01
 815.0000000   -2.1517854431e-02    1.7689809489e+01
 820.0000000   -5.1637887017e-07    1.7019619612e+01
 825.0000000   -1.2165959704e-03    1.3159891732e+01
 830.0000000   -8.6597674327e-03    1.1347233632e+01
 835.0000000   -2.7382844453e-03    9.9625824820e+00
 840.0000000    4.1485208497e-08    5.7683397942e+00
 845.0000000   -3.0542588609e-03    3.9371727987e+00
 850.0000000   -1.0999441084e-02    2.2449103247e+00
 855.0000000   -8.5636847940e-07   -1.8182366888e+00
 860.0000000   -1.4637575382e-07   -3.2710041583e+00
 865.0000000   -4.2864248858e-07   -4.9238818951e+00
 870.0000000   -3.2224748097e-03   -8.4327444584e+00
 875.0000000   -1.2169240114e-03   -9.1813923677e+00
 880.0000000   -6.6017439670e-03   -1.0571805274e+01
 885.0000000   -2.7777041952e-06   -1.3245209022e+01
 890.0000000   -1.5177698052e-06   -1.3094995688e+01
 895.0000000   -1.8253833950e-06   -1.4089850424e+01
 900.0000000   -1.5006200319e-07   -1.5752920733e+01
 905.0000000    5.6419709777e-08   -1.4655672127e+01
 910.0000000   -2.1150614262e-06   -1.5204520893e+01
 915.0000000   -1.0489809648e-06   -1.5765040654e+01
 920.0000000   -2.3239816021e-06   -1.3822200643e+01
 925.0000000   -3.4073306543e-08   -1.3973743950e+01
 930.0000000   -1.9024225577e-07   -1.3433536974e+01
 935.0000000   -6.4237504507e-06   -1.0867253908e+01
 940.0000000   -1.4092068850e-02   -1.0730585617e+01
 945.0000000   -1.0102926706e-06   -9.1692246755e+00
 950.0000000   -3.3087037104e-06   -6.2657242168e+00
 955.0000000   -1.2230457252e-03   -5.9506876819e+00
 960.0000000   -8.5564615735e-06   -3.5025023375e+00
 965.0000000   -2.7577935222e-07   -5.5376020040e-01
 970.0000000   -2.0240505312e-06   -1.2684375543e-01
 975.0000000   -1.1615412178e-05    3.0125834473e+00
 980.0000000   -4.3944984564e-06    5.7198414139e+00
 985.0000000   -3.4850593968e-07    6.2400719859e+00
 990.0000000   -9.5513046979e-03    9.8176799010e+00
 995.0000000   -4.4607780285e-03    1.2017552050e+01
1000.0000000   -2.5750318433e-03    1.2647260174e+01
1005.0000000   -2.5682382127e-03    1.6376189862e+01
1010.0000000   -1.3568825088e-02    1.7860721108e+01
1015.0000000   -9.1244873515e-03    1.8633826623e+01
1020.0000000   -9.1187094374e-03    2.2222672158e+01
1025.0000000   -1.2440925322e-02    2.2882429944e+01
1030.0000000   -1.3439146474e-02    2.3838504601e+01
1035.0000000   -1.0875259190e-02    2.7024574299e+01
1040.0000000   -8.7381449820e-06    2.6870696439e+01
1045.0000000   -4.0948130152e-07    2.8027607387e+01
1050.0000000   -7.1658287276e-06    3.0584781540e+01
1055.0000000   -1.8537739209e-05    2.9733458527e+01
1060.0000000   -3.2797363895e-06    3.1059238016e+01
1065.0000000   -5.7680163289e-07    3.2802777210e+01
1070.0000000   -1.6420009814e-05    3.1444464162e+01
1075.0000000   -4.4441909629e-03    3.2851171283e+01
1080.0000000   -4.1934819395e-07    3.3656009219e+01
1085.0000000   -4.3275438784e-03    3.2024044090e+01
1090.0000000   -1.2636317024e-05    3.3384896630e+01
1095.0000000   -6.4673730347e-06    3.3209672499e+01
1100.0000000   -2.1215437920e-06    3.1542777580e+01
1105.0000000   -1.0753641061e-05    3.2711267749e+01
1110.0000000   -8.3834444046e-03    3.1610032721e+01
1115.0000000   -1.1087639582e-02    3.0111525124e+01
1120.0000000   -1.8870707945e-02    3.0935559743e+01
1125.0000000   -1.8726952185e-05    2.9052485885e+01
1130.0000000   -6.3136422913e-06    2.7862839470e+01
1135.0000000    3.1926569663e-07    2.8205093807e+01
1140.0000000   -1.1362193073e-05    2.5753738247e+01
1145.0000000   -1.1008716193e-02    2.4933492870e+01
1150.0000000   -2.1099766491e-06    2.4693730503e+01
1155.0000000   -4.7623828887e-06    2.1929427765e+01
1160.0000000   -8.6869585596e-06    2.1456962075e+01
1165.0000000   -2.5455571115e-03    2.0591036381e+01
1170.0000000   -1.6539031944e-06    1.7780683101e+01
1175.0000000   -8.8219137244e-06    1.7567411381e+01
1180.0000000   -1.2182131628e-05    1.6100946027e+01
1185.0000000   -4.5622569210e-08    1.3488795482e+01
1190.0000000   -8.3739944347e-03    1.3399606706e+01
1195.0000000   -8.3879106894e-03    1.1434437733e+01
1200.0000000   -8.3714602426e-03    9.2212874864e+00
