#          t             R = ...
   0.0000000    1.1410600000e+00    1.0000000000e+01
   0.0000000   -1.1638092592e-19    2.1406573468e-19
   5.0000000   -8.5636871686e-03    4.1446772930e-03
  10.0000000    3.6265625230e-03   -2.7228424674e-02
  15.0000000   -6.2575484633e-03    3.8304653003e-03
  20.0000000   -1.6960370919e-02   -1.4188175492e-02
  25.0000000   -7.4404068720e-03   -3.4582603884e-02
  30.0000000   -1.0714391680e-02    1.8595065360e-03
  35.0000000   -2.1206915269e-02   -1.8201150545e-02
  40.0000000   -1.4358530489e-02   -5.8137106922e-02
  45.0000000   -1.7358597849e-02   -5.0822310762e-02
  50.0000000   -2.0213095411e-02   -6.2792988596e-02
  55.0000000   -2.2190008451e-02   -9.7840714571e-02
  60.0000000   -2.4493095407e-02   -9.2180338550e-02
  65.0000000   -2.0416479869e-02   -9.1684072241e-02
  70.0000000   -3.3679988129e-02   -1.0821309466e-01
  75.0000000   -2.8812040971e-02   -1.0440882232e-01
  80.0000000   -2.8268348626e-02   -1.1116398978e-01
  85.0000000   -4.3245105256e-02   -1.1515764594e-01
  90.0000000   -3.1314054233e-02   -1.2574142660e-01
  95.0000000   -4.4171862943e-02   -1.3978710726e-01
 100.0000000   -4.6069859246e-02   -1.3653081217e-01
 105.0000000   -3.9739737548e-02   -1.5828188520e-01
 110.0000000   -6.1500118065e-02   -1.6299720106e-01
 115.0000000   -4.5140592716e-02   -1.6483326925e-01
 120.0000000   -5.9247348923e-02   -1.8585032786e-01
 125.0000000   -7.0831668854e-02   -1.8000909581e-01
 130.0000000   -5.0302706172e-02   -2.0053955093e-01
 135.0000000   -8.4556772283e-02   -2.0741059417e-01
 140.0000000   -6.9876997944e-02   -2.0774150904e-01
 145.0000000   -7.0769024283e-02   -2.3972623163e-01
 150.0000000   -1.0298539052e-01   -2.2763352148e-01
 155.0000000   -6.8851184525e-02   -2.5126874667e-01
 160.0000000   -1.0524034521e-01   -2.6940392642e-01
 165.0000000   -1.0575220574e-01   -2.5560861869e-01
 170.0000000   -8.3679916922e-02   -3.0098518515e-01
 175.0000000   -1.3919929958e-01   -2.8770540720e-01
 180.0000000   -9.8490744763e-02   -3.0244308689e-01
 185.0000000   -1.2179419422e-01   -3.4193463096e-01
 190.0000000   -1.5502110415e-01   -3.0951838770e-01
 195.0000000   -1.0075083285e-01   -3.6576819747e-01
 200.0000000   -1.7237535507e-01   -3.6475218595e-01
 205.0000000   -1.4821175602e-01   -3.5357296211e-01
 210.0000000   -1.3183731324e-01   -4.2581647844e-01
 215.0000000   -2.1097302177e-01   -3.7845291039e-01
 220.0000000   -1.3571314340e-01   -4.2592896902e-01
 225.0000000   -1.9269174987e-01   -4.6157630233e-01
 230.0000000   -2.1790871875e-01   -4.0878467781e-01
 235.0000000   -1.4697727623e-01   -5.0968318834e-01
 240.0000000   -2.5971978719e-01   -4.7137526841e-01
 245.0000000   -1.9741147119e-01   -4.7766713108e-01
 250.0000000   -2.0147671288e-01   -5.7293398094e-01
 255.0000000   -2.9874590174e-01   -4.8064920345e-01
 260.0000000   -1.8066856121e-01   -5.8042953200e-01
 265.0000000   -2.8903902950e-01   -5.9426743692e-01
 270.0000000   -2.9156057808e-01   -5.2693853903e-01
 275.0000000   -2.0646848595e-01   -6.8185575719e-01
 280.0000000   -3.7062929060e-01   -5.8609988173e-01
 285.0000000   -2.5545630101e-01   -6.2923478585e-01
 290.0000000   -2.9078774712e-01   -7.3871618097e-01
 295.0000000   -4.0346635451e-01   -5.9356505375e-01
 300.0000000   -2.3783838694e-01   -7.6515846796e-01
 305.0000000   -4.0810298749e-01   -7.3546550500e-01
 310.0000000   -3.7496229221e-01   -6.6412435614e-01
 315.0000000   -2.8505401992e-01   -8.7846363518e-01
 320.0000000   -5.0211989966e-01   -7.0534833889e-01
 325.0000000   -3.1983232797e-01   -8.0739174242e-01
 330.0000000   -4.0526827106e-01   -9.1760474955e-01
 335.0000000   -5.2326444294e-01   -7.1518872560e-01
 340.0000000   -3.0336411820e-01   -9.7684238971e-01
 345.0000000   -5.5361216733e-01   -8.7977618466e-01
 350.0000000   -4.6858327109e-01   -8.1860143433e-01
 355.0000000   -3.7752307352e-01   -1.0938101249e+00
 360.0000000   -6.5553840364e-01   -8.2474569438e-01
 365.0000000   -3.9359138129e-01   -1.0086115390e+00
 370.0000000   -5.3855000083e-01   -1.1030211901e+00
 375.0000000   -6.5707525922e-01   -8.4206275618e-01
 380.0000000   -3.8198028721e-01   -1.2094962447e+00
 385.0000000   -7.1913841038e-01   -1.0211264000e+00
 390.0000000   -5.6915883839e-01   -9.8601776913e-01
 395.0000000   -4.8848094655e-01   -1.3202303410e+00
 400.0000000   -8.2582797684e-01   -9.3945952416e-01
 405.0000000   -4.7131541393e-01   -1.2265848598e+00
 410.0000000   -6.9384741803e-01   -1.2871265422e+00
 415.0000000   -8.0273812351e-01   -9.6910960877e-01
 420.0000000   -4.6570878181e-01   -1.4547533676e+00
 425.0000000   -9.0554931470e-01   -1.1530441558e+00
 430.0000000   -6.7792039780e-01   -1.1598513205e+00
 435.0000000   -6.0785887467e-01   -1.5486920402e+00
 440.0000000   -1.0117145033e+00   -1.0437611771e+00
 445.0000000   -5.5654495005e-01   -1.4523854663e+00
 450.0000000   -8.5982180043e-01   -1.4618760289e+00
 455.0000000   -9.5700540647e-01   -1.0897973798e+00
 460.0000000   -5.5876821126e-01   -1.7021885648e+00
 465.0000000   -1.1024625886e+00   -1.2690891326e+00
 470.0000000   -7.8928965539e-01   -1.3312829398e+00
 475.0000000   -7.3844810496e-01   -1.7693828206e+00
 480.0000000   -1.2060893564e+00   -1.1319614104e+00
 485.0000000   -6.4084324290e-01   -1.6749058176e+00
 490.0000000   -1.0369117650e+00   -1.6196134927e+00
 495.0000000   -1.1174986258e+00   -1.1971337486e+00
 500.0000000   -6.4927464775e-01   -1.9399252425e+00
 505.0000000   -1.3079377172e+00   -1.3633424255e+00
 510.0000000   -9.0537981635e-01   -1.4903295032e+00
 515.0000000   -8.6547773816e-01   -1.9719451567e+00
 520.0000000   -1.4051279531e+00   -1.1980092847e+00
 525.0000000   -7.2872091051e-01   -1.8816653347e+00
 530.0000000   -1.2094270218e+00   -1.7531895844e+00
 535.0000000   -1.2787841924e+00   -1.2830064462e+00
 540.0000000   -7.4136952606e-01   -2.1555006440e+00
 545.0000000   -1.5084845279e+00   -1.4313051637e+00
 550.0000000   -1.0188072353e+00   -1.6258490927e+00
 555.0000000   -9.9056054235e-01   -2.1466823811e+00
 560.0000000   -1.6003324038e+00   -1.2376540443e+00
 565.0000000   -8.0985795268e-01   -2.0596759205e+00
 570.0000000   -1.3758101367e+00   -1.8568581845e+00
 575.0000000   -1.4386822910e+00   -1.3405877076e+00
 580.0000000   -8.2104914933e-01   -2.3367514612e+00
 585.0000000   -1.6999214613e+00   -1.4700250685e+00
 590.0000000   -1.1326968242e+00   -1.7273649141e+00
 595.0000000   -1.0966084212e+00   -2.2847695348e+00
 600.0000000   -1.7861571871e+00   -1.2475908835e+00
 605.0000000   -8.9007079204e-01   -2.1961495243e+00
 610.0000000   -1.5181080198e+00   -1.9261211950e+00
 615.0000000   -1.5908224880e+00   -1.3636404584e+00
 620.0000000   -8.9368840906e-01   -2.4720350216e+00
 625.0000000   -1.8668805018e+00   -1.4782772369e+00
 630.0000000   -1.2393869761e+00   -1.7853853596e+00
 635.0000000   -1.1861818185e+00   -2.3791140479e+00
 640.0000000   -1.9529140939e+00   -1.2272830291e+00
 645.0000000   -9.5917796600e-01   -2.2803067611e+00
 650.0000000   -1.6353125510e+00   -1.9593380083e+00
 655.0000000   -1.7328063036e+00   -1.3494283637e+00
 660.0000000   -9.4574119385e-01   -2.5522799326e+00
 665.0000000   -2.0054355016e+00   -1.4580075088e+00
 670.0000000   -1.3431031223e+00   -1.7938951331e+00
 675.0000000   -1.2428466085e+00   -2.4249860767e+00
 680.0000000   -2.0950401597e+00   -1.1791301086e+00
 685.0000000   -1.0254816889e+00   -2.3043780009e+00
 690.0000000   -1.7101693057e+00   -1.9571007827e+00
 695.0000000   -1.8583405132e+00   -1.2983618322e+00
 700.0000000   -9.8624440703e-01   -2.5710246724e+00
 705.0000000   -2.1006492557e+00   -1.4137957402e+00
 710.0000000   -1.4369160241e+00   -1.7505316671e+00
 715.0000000   -1.2735031231e+00   -2.4198794611e+00
 720.0000000   -2.2029745428e+00   -1.1090853872e+00
 725.0000000   -1.0808538452e+00   -2.2645344890e+00
 730.0000000   -1.7459093272e+00   -1.9218133661e+00
 735.0000000   -1.9651724652e+00   -1.2152330911e+00
 740.0000000   -1.0052371697e+00   -2.5253853372e+00
 745.0000000   -2.1519007971e+00   -1.3522752552e+00
 750.0000000   -1.5260032829e+00   -1.6580887525e+00
 755.0000000   -1.2664113726e+00   -2.3641812175e+00
 760.0000000   -2.2731797315e+00   -1.0260258831e+00
 765.0000000   -1.1362776286e+00   -2.1620956418e+00
 770.0000000   -1.7299215084e+00   -1.8584289501e+00
 775.0000000   -2.0481422656e+00   -1.1094421215e+00
 780.0000000   -1.0167813403e+00   -2.4168417505e+00
 785.0000000   -2.1476597460e+00   -1.2827956162e+00
 790.0000000   -1.6048276869e+00   -1.5251611053e+00
 795.0000000   -1.2354558097e+00   -2.2612454840e+00
 800.0000000   -2.2975162498e+00   -9.4282610869e-01
 805.0000000   -1.1866891695e+00   -2.0045256478e+00
 810.0000000   -1.6731702790e+00   -1.7734522922e+00
 815.0000000   -2.1048037338e+00   -9.9585277232e-01
 820.0000000   -1.0164571868e+00   -2.2519259676e+00
 825.0000000   -2.0941134493e+00   -1.2158378180e+00
 830.0000000   -1.6782477025e+00   -1.3669992886e+00
 835.0000000   -1.1765877760e+00   -2.1174946072e+00
 840.0000000   -2.2770808319e+00   -8.7423491857e-01
 845.0000000   -1.2445624125e+00   -1.8058836818e+00
 850.0000000   -1.5713802602e+00   -1.6747299760e+00
 855.0000000   -2.1324514522e+00   -8.9308336978e-01
 860.0000000   -1.0230499957e+00   -2.0423465053e+00
 865.0000000   -1.9865104543e+00   -1.1627121972e+00
 870.0000000   -1.7422579378e+00   -1.2045282974e+00
 875.0000000   -1.1118673026e+00   -1.9420671601e+00
 880.0000000   -2.2073501270e+00   -8.3673710407e-01
 885.0000000   -1.3073888396e+00   -1.5865807614e+00
 890.0000000   -1.4456911594e+00   -1.5701650671e+00
 895.0000000   -2.1287530519e+00   -8.2318106240e-01
 900.0000000   -1.0373854230e+00   -1.8050048346e+00
 905.0000000   -1.8409696481e+00   -1.1331827025e+00
 910.0000000   -1.7996598023e+00   -1.0637322070e+00
 915.0000000   -1.0454180960e+00   -1.7469139222e+00
 920.0000000   -2.0969658286e+00   -8.4572645950e-01
 925.0000000   -1.3859688591e+00   -1.3728603162e+00
 930.0000000   -1.3016295789e+00   -1.4679908803e+00
 935.0000000   -2.0952337254e+00   -8.0926903911e-01
 940.0000000   -1.0794899620e+00   -1.5617054663e+00
 945.0000000   -1.6616587606e+00   -1.1354528062e+00
 950.0000000   -1.8480095472e+00   -9.7393054117e-01
 955.0000000   -1.0048037385e+00   -1.5460042781e+00
 960.0000000   -1.9468219647e+00   -9.1413961136e-01
 965.0000000   -1.4784877608e+00   -1.1952608894e+00
 970.0000000   -1.1696070169e+00   -1.3748331666e+00
 975.0000000   -2.0300652406e+00   -8.7268470280e-01
 980.0000000   -1.1521496924e+00   -1.3380666643e+00
 985.0000000   -1.4756598689e+00   -1.1737898672e+00
 990.0000000   -1.8862938743e+00   -9.6498345710e-01
 995.0000000   -9.9883537583e-01   -1.3556441870e+00
1000.0000000   -1.7754559824e+00   -1.0509684412e+00
1005.0000000   -1.5900005421e+00   -1.0874918307e+00
1010.0000000   -1.0624802654e+00   -1.2971852488e+00
1015.0000000   -1.9411917614e+00   -1.0322704662e+00
1020.0000000   -1.2708371695e+00   -1.1636436159e+00
1025.0000000   -1.2953430368e+00   -1.2488689545e+00
1030.0000000   -1.9139267821e+00   -1.0656777520e+00
1035.0000000   -1.0543281628e+00   -1.1939410277e+00
1040.0000000   -1.5901050822e+00   -1.2582114703e+00
1045.0000000   -1.7167647868e+00   -1.0830463972e+00
1050.0000000   -1.0148911910e+00   -1.2394823810e+00
1055.0000000   -1.8287707596e+00   -1.2985391472e+00
1060.0000000   -1.4349544308e+00   -1.0685293913e+00
1065.0000000   -1.1562431673e+00   -1.3560535683e+00
1070.0000000   -1.9262695573e+00   -1.2984496287e+00
1075.0000000   -1.1780077554e+00   -1.0802217670e+00
1080.0000000   -1.4194406260e+00   -1.5312578351e+00
1085.0000000   -1.8551795980e+00   -1.2132581016e+00
1090.0000000   -1.0407983645e+00   -1.2067013431e+00
1095.0000000   -1.7091558493e+00   -1.6754767455e+00
1100.0000000   -1.6487465820e+00   -1.0840270983e+00
1105.0000000   -1.0751425602e+00   -1.4877494326e+00
1110.0000000   -1.9265046221e+00   -1.6795138992e+00
1115.0000000   -1.3865769176e+00   -1.0351791445e+00
1120.0000000   -1.2765661336e+00   -1.8568177172e+00
1125.0000000   -1.9993483597e+00   -1.5038119889e+00
1130.0000000   -1.1693735071e+00   -1.2023191020e+00
1135.0000000   -1.5864913233e+00   -2.1535028186e+00
1140.0000000   -1.9044225611e+00   -1.2376395704e+00
1145.0000000   -1.0886241383e+00   -1.6310475973e+00
1150.0000000   -1.9085519060e+00   -2.2106156556e+00
1155.0000000   -1.6772970621e+00   -1.0787888095e+00
1160.0000000   -1.1970126398e+00   -2.2132318678e+00
1165.0000000   -2.1367288517e+00   -1.9695199554e+00
1170.0000000   -1.4064979972e+00   -1.2313345586e+00
1175.0000000   -1.4865989115e+00   -2.7127404626e+00
1180.0000000   -2.1904597184e+00   -1.5517146606e+00
1185.0000000   -1.2097469729e+00   -1.7734077785e+00
1190.0000000   -1.8830624576e+00   -2.8823107850e+00
1195.0000000   -2.0478238341e+00   -1.2304268392e+00
1200.0000000   -1.1951980119e+00   -2.5741759600e+00
1205.0000000   -2.2626327897e+00   -2.6147556155e+00
1210.0000000   -1.7642636096e+00   -1.2995367257e+00
1215.0000000   -1.4176900258e+00   -3.3220935504e+00
1220.0000000   -2.4919774035e+00   -2.0413130863e+00
1225.0000000   -1.4648881370e+00   -1.9009986346e+00
1230.0000000   -1.8462551500e+00   -3.6693459742e+00
1235.0000000   -2.4813868586e+00   -1.5071363674e+00
1240.0000000   -1.3058084184e+00   -2.9072418532e+00
1245.0000000   -2.3601993911e+00   -3.4277114306e+00
1250.0000000   -2.2319209749e+00   -1.4148375707e+00
1255.0000000   -1.4128347525e+00   -3.9385375482e+00
1260.0000000   -2.7836851357e+00   -2.7093851424e+00
1265.0000000   -1.8533543746e+00   -2.0036279409e+00
1270.0000000   -1.8193081538e+00   -4.5301734515e+00
1275.0000000   -2.9533492125e+00   -1.9207949172e+00
1280.0000000   -1.5364901787e+00   -3.1811842200e+00
1285.0000000   -2.4320868186e+00   -4.3796410443e+00
1290.0000000   -2.7956822471e+00   -1.5867829321e+00
1295.0000000   -1.4811080331e+00   -4.5144764483e+00
1300.0000000   -3.0494192776e+00   -3.5456005732e+00
1305.0000000   -2.3792406632e+00   -2.0761028248e+00
1310.0000000   -1.8035074125e+00   -5.4120965991e+00
1315.0000000   -3.4349407654e+00   -2.4767436342e+00
1320.0000000   -1.9096088183e+00   -3.3680846940e+00
1325.0000000   -2.4645165607e+00   -5.4266821648e+00
1330.0000000   -3.4245136802e+00   -1.8258758180e+00
1335.0000000   -1.6559543765e+00   -4.9998278088e+00
1340.0000000   -3.2589166033e+00   -4.5257200542e+00
1345.0000000   -3.0194920132e+00   -2.1195487040e+00
1350.0000000   -1.8308305498e+00   -6.2526152628e+00
1355.0000000   -3.8855153990e+00   -3.1726945219e+00
1360.0000000   -2.4156938103e+00   -3.4471226300e+00
1365.0000000   -2.4747011885e+00   -6.5095924775e+00
1370.0000000   -4.0792770894e+00   -2.1437471021e+00
1375.0000000   -1.9396005578e+00   -5.3472970251e+00
1380.0000000   -3.4059044916e+00   -5.6090713389e+00
1385.0000000   -3.7495902048e+00   -2.1438209409e+00
1390.0000000   -1.9062863530e+00   -6.9845959083e+00
1395.0000000   -4.2750528566e+00   -3.9944824183e+00
1400.0000000   -3.0536177087e+00   -3.4095114482e+00
1405.0000000   -2.4584575571e+00   -7.5574579615e+00
1410.0000000   -4.7149019848e+00   -2.5489593567e+00
1415.0000000   -2.3544356924e+00   -5.5192960914e+00
1420.0000000   -3.4677869677e+00   -6.7401892481e+00
1425.0000000   -4.5235830267e+00   -2.1655351718e+00
1430.0000000   -2.0661986202e+00   -7.5437863022e+00
1435.0000000   -4.5610747247e+00   -4.9159991952e+00
1440.0000000   -3.7900070036e+00   -3.2602828843e+00
1445.0000000   -2.4498241583e+00   -8.4939147880e+00
1450.0000000   -5.2771393233e+00   -3.0463092302e+00
1455.0000000   -2.8863262643e+00   -5.4933713703e+00
1460.0000000   -3.4597505372e+00   -7.8518101780e+00
1465.0000000   -5.2906882521e+00   -2.2078898936e+00
1470.0000000   -2.3124005611e+00   -7.8759941328e+00
1475.0000000   -4.7299540332e+00   -5.8979162060e+00
1480.0000000   -4.5938928785e+00   -3.0196401658e+00
1485.0000000   -2.4547806445e+00   -9.2436807440e+00
1490.0000000   -5.7246514217e+00   -3.6323699440e+00
1495.0000000   -3.5344113686e+00   -5.2660776840e+00
1500.0000000   -3.3769968065e+00   -8.8693579329e+00
1505.0000000   -5.9937769191e+00   -2.2961658915e+00
1510.0000000   -2.6732327193e+00   -7.9437423199e+00
1515.0000000   -4.7552720466e+00   -6.8898408328e+00
1520.0000000   -5.4100610399e+00   -2.7215725522e+00
1525.0000000   -2.5181463553e+00   -9.7403609800e+00
1530.0000000   -6.0084032944e+00   -4.2954423958e+00
1535.0000000   -4.2612552925e+00   -4.8558725435e+00
1540.0000000   -3.2608290474e+00   -9.7166570194e+00
1545.0000000   -6.5716800198e+00   -2.4560540767e+00
1550.0000000   -3.1361917468e+00   -7.7324725608e+00
1555.0000000   -4.6554851044e+00   -7.8311369925e+00
1560.0000000   -6.1836127194e+00   -2.4121595621e+00
1565.0000000   -2.6476948866e+00   -9.9340010076e+00
1570.0000000   -6.1132704136e+00   -5.0110783217e+00
1575.0000000   -5.0370717764e+00   -4.3037309133e+00
1580.0000000   -3.1249442720e+00   -1.0322890544e+01
1585.0000000   -6.9780755511e+00   -2.7061484470e+00
1590.0000000   -3.7076560090e+00   -7.2551557821e+00
1595.0000000   -4.4327250450e+00   -8.6557407925e+00
1600.0000000   -6.8516659124e+00   -2.1426141386e+00
1605.0000000   -2.8838813932e+00   -9.7992606125e+00
1610.0000000   -6.0174260399e+00   -5.7436680573e+00
1615.0000000   -5.8032982554e+00   -3.6696874324e+00
1620.0000000   -3.0285781644e+00   -1.0631462517e+01
1625.0000000   -7.1661485349e+00   -3.0559650480e+00
1630.0000000   -4.3517783009e+00   -6.5534576355e+00
1635.0000000   -4.1419402034e+00   -9.2978244108e+00
1640.0000000   -7.3542431950e+00   -1.9647893821e+00
1645.0000000   -3.2217579475e+00   -9.3405949455e+00
1650.0000000   -5.7495966644e+00   -6.4463043263e+00
1655.0000000   -6.5073772386e+00   -3.0284343643e+00
1660.0000000   -2.9922594735e+00   -1.0607440875e+01
1665.0000000   -7.1263923917e+00   -3.5000212754e+00
1670.0000000   -5.0445462352e+00   -5.6963925669e+00
1675.0000000   -3.8125280109e+00   -9.6989894075e+00
1680.0000000   -7.6465036415e+00   -1.9217811427e+00
1685.0000000   -3.6784468859e+00   -8.5955011084e+00
1690.0000000   -5.3275567407e+00   -7.0650460645e+00
1695.0000000   -7.0859525960e+00   -2.4598830055e+00
1700.0000000   -3.0721849848e+00   -1.0244544581e+01
1705.0000000   -6.8498266456e+00   -4.0173689429e+00
1710.0000000   -5.7281465962e+00   -4.7741078079e+00
1715.0000000   -3.5226952526e+00   -9.8160529851e+00
1720.0000000   -7.6902737372e+00   -2.0426752509e+00
1725.0000000   -4.2232116517e+00   -7.6334239907e+00
1730.0000000   -4.8253314646e+00   -7.5437247527e+00
1735.0000000   -7.4840766655e+00   -2.0410088805e+00
1740.0000000   -3.2747828645e+00   -9.5690855210e+00
1745.0000000   -6.3809388303e+00   -4.5705966602e+00
1750.0000000   -6.3538773643e+00   -3.8901433913e+00
