#          t             r = ...
   0.0000000    1.7141400000e+00    4.5000000000e+02
   0.0000000    5.7561611319e-04    1.0943984245e-09
   2.5000000   -5.0068597949e-04   -2.4244140656e-08
   5.0000000    2.4874915573e-03   -2.7300338978e-08
   7.5000000    2.1416383481e-03   -2.6176392498e-08
  10.0000000    1.1979539129e-03   -5.0382211372e-08
  12.5000000    3.5974445825e-03   -5.8316269116e-08
  15.0000000    2.6200341498e-03   -5.3974639824e-08
  17.5000000    1.9141899064e-03   -7.6514638477e-08
  20.0000000    3.7702016967e-03   -8.8642476631e-08
  22.5000000    2.9278804465e-03   -8.2548170237e-08
  25.0000000    2.0929479413e-03   -1.0224691832e-07
  27.5000000    3.6143223758e-03   -1.1898398088e-07
  30.0000000    3.1204402946e-03   -1.1232029374e-07
  32.5000000    2.0777331139e-03   -1.2776920470e-07
  35.0000000    3.3009391041e-03   -1.4893851086e-07
  37.5000000    3.2360212590e-03   -1.4310299240e-07
  40.0000000    2.0843241574e-03   -1.5358912452e-07
  42.5000000    2.9682649646e-03   -1.7739178073e-07
  45.0000000    3.3350800639e-03   -1.7371152097e-07
  47.5000000    2.1717875123e-03   -1.7955661144e-07
  50.0000000    2.6629129717e-03   -2.0522503711e-07
  52.5000000    3.3997297991e-03   -2.0541631369e-07
  55.0000000    2.3906235418e-03   -2.0654761424e-07
  57.5000000    2.4378961490e-03   -2.3178619577e-07
  60.0000000    3.4213076329e-03   -2.3687392681e-07
  62.5000000    2.7033263603e-03   -2.3367611154e-07
  65.0000000    2.3282474922e-03   -2.5879356230e-07
  67.5000000    3.3793545962e-03   -2.6796898783e-07
  70.0000000    3.0853181470e-03   -2.6235372048e-07
  72.5000000    2.3645380090e-03   -2.8413020433e-07
  75.0000000    3.3297321367e-03   -2.9847871915e-07
  77.5000000    3.4841205894e-03   -2.9149029141e-07
  80.0000000    2.5555539604e-03   -3.1019953374e-07
  82.5000000    3.2500187660e-03   -3.2915513404e-07
  85.0000000    3.8530345369e-03   -3.2194694061e-07
  87.5000000    2.8979564701e-03   -3.3597982622e-07
  90.0000000    3.1919413229e-03   -3.5817880248e-07
  92.5000000    4.1530631507e-03   -3.5241287495e-07
  95.0000000    3.3625134830e-03   -3.7445260129e-07
  97.5000000    3.1995914478e-03   -5.4723533600e-07
 100.0000000    4.3611031849e-03   -3.8402195774e-07
 102.5000000    3.9118523645e-03   -3.8818905123e-07
 105.0000000    3.3161202436e-03   -4.3323493788e-07
 107.5000000    4.4783573035e-03   -4.0218277604e-05
 110.0000000    4.4901951670e-03    1.7537148100e-07
 112.5000000    3.5710290669e-03   -5.4708131398e-07
 115.0000000    4.5263602100e-03   -4.4743914681e-07
 117.5000000    5.0443627037e-03   -4.4238716657e-07
 120.0000000    3.9788882713e-03   -4.6769999205e-07
 122.5000000    4.5481922046e-03   -2.4401347391e-08
 125.0000000    5.5230222781e-03   -6.4268877138e-07
 127.5000000    4.5305022019e-03   -1.3789614308e-05
 130.0000000    4.6015027737e-03   -1.9284094744e-06
 132.5000000    5.8973102275e-03   -1.9353326356e-06
 135.0000000    5.1928122112e-03   -5.6760898859e-07
 137.5000000    4.7377901915e-03   -6.1990465725e-07
 140.0000000    6.1512665874e-03   -7.1536963878e-07
 142.5000000    5.9139454818e-03   -3.9709476767e-05
 145.0000000    5.0099701462e-03   -5.7733935548e-07
 147.5000000    6.3039490918e-03    8.0644111712e-07
 150.0000000    6.6378265808e-03   -7.6531960090e-07
 152.5000000    5.4458417075e-03   -4.7688346537e-07
 155.0000000    6.3901667266e-03   -3.4880495998e-07
 157.5000000    7.3004912313e-03   -2.6004581133e-05
 160.0000000    6.0560236939e-03    1.3716177020e-07
 162.5000000    6.4735215219e-03   -9.0635296497e-07
 165.0000000    7.8540874484e-03   -3.9295580170e-05
 167.5000000    6.8106582994e-03   -1.9475507346e-06
 170.0000000    6.6135372400e-03   -7.9502038595e-07
 172.5000000    8.2700549832e-03   -7.8137783765e-07
 175.0000000    7.6673786466e-03   -9.9704520231e-07
 177.5000000    6.8783381429e-03   -2.9285351977e-05
 180.0000000    8.5503813857e-03   -2.9076501561e-05
 182.5000000    8.5652272922e-03   -9.2265047016e-07
 185.0000000    7.3190086009e-03   -1.0645399787e-06
 187.5000000    8.7348216193e-03   -1.1338101128e-06
 190.0000000    9.4336321778e-03   -9.0181015619e-07
 192.5000000    7.9543419319e-03   -1.0527119284e-06
 195.0000000    8.8609792632e-03   -7.4026890695e-07
 197.5000000    1.0196980353e-02   -7.5124188993e-07
 200.0000000    8.7755239214e-03   -1.0949603782e-06
 202.5000000    9.0075602511e-03   -7.7248720350e-07
 205.0000000    1.0821346771e-02   -7.7744330306e-07
 207.5000000    9.7538096979e-03   -8.0465250023e-07
 210.0000000    9.2534671354e-03   -8.0383830584e-07
 212.5000000    1.1282687296e-02   -1.2386512307e-06
 215.0000000    1.0821571656e-02   -1.2554561208e-06
 217.5000000    9.6698771512e-03   -1.2933532755e-06
 220.0000000    1.1603751154e-02   -1.4506936168e-06
 222.5000000    1.1897714744e-02   -1.4425321784e-06
 225.0000000    1.0293184857e-02   -1.4519389758e-06
 227.5000000    1.1804434747e-02   -1.4447678090e-06
 230.0000000    1.2905704113e-02   -1.4681652299e-06
 232.5000000    1.1143551742e-02   -1.4828585002e-06
 235.0000000    1.1974930528e-02   -1.4733715172e-06
 237.5000000    1.3775971564e-02   -1.4933978769e-06
 240.0000000    1.2198805295e-02   -1.5130582874e-06
 242.5000000    1.2206638085e-02   -1.5036014957e-06
 245.0000000    1.4465445013e-02   -1.5182582855e-06
 247.5000000    1.3396817113e-02   -1.5424747329e-06
 250.0000000    1.2570859905e-02   -1.5353944819e-06
 252.5000000    1.4966294076e-02   -1.5438103730e-06
 255.0000000    1.4675616031e-02   -1.5710878448e-06
 257.5000000    1.3142339380e-02   -1.5665293720e-06
 260.0000000    1.5303310533e-02   -1.1462751860e-06
 262.5000000    1.5924205998e-02   -1.1749431131e-06
 265.0000000    1.3963120955e-02   -1.1746708355e-06
 267.5000000    1.5544533338e-02   -1.1730219433e-06
 270.0000000    1.7079936899e-02   -1.2018089480e-06
 272.5000000    1.5032881710e-02   -1.2066397537e-06
 275.0000000    1.5774212296e-02   -1.2000464307e-06
 277.5000000    1.8043591576e-02   -1.2265409816e-06
 280.0000000    1.6309856332e-02   -1.2379231397e-06
 282.5000000    1.6083586522e-02   -1.2110478192e-06
 285.0000000    1.8793144599e-02   -1.2337629146e-06
 287.5000000    1.7748529604e-02   -1.2506558156e-06
 290.0000000    1.6574502131e-02   -1.2408664328e-06
 292.5000000    1.9328397342e-02   -1.0972937261e-06
 295.0000000    1.9224346486e-02   -1.1186418667e-06
 297.5000000    1.7306181242e-02   -1.1269015607e-06
 300.0000000    1.9693084592e-02   -1.1400426680e-06
 302.5000000    2.0649855591e-02   -1.1657731773e-06
 305.0000000    1.8322055355e-02   -1.1585508830e-06
 307.5000000    1.9956259232e-02   -5.4990890433e-07
 310.0000000    2.1925647264e-02   -1.1935963141e-06
 312.5000000    1.9607072007e-02   -1.1897391294e-06
 315.0000000    2.0242164903e-02   -1.1913632573e-06
 317.5000000    2.2975131448e-02   -1.2662567300e-06
 320.0000000    2.1114940275e-02   -1.2677374309e-06
 322.5000000    2.0637824963e-02   -1.2184763071e-06
 325.0000000    2.3776839574e-02   -1.2451139166e-06
 327.5000000    2.2757478779e-02   -1.2524052525e-06
 330.0000000    2.1247711865e-02   -1.2463905824e-06
 332.5000000    2.4340988684e-02   -1.2720308389e-06
 335.0000000    2.4408223109e-02   -1.2849754177e-06
 337.5000000    2.2116721826e-02   -1.2749264554e-06
 340.0000000    2.4713950731e-02   -1.2967049646e-06
 342.5000000    2.5989263522e-02   -1.3159764018e-06
 345.0000000    2.3324139820e-02   -3.7420503962e-05
 347.5000000    2.5017775796e-02   -1.3214302287e-06
 350.0000000    2.7377575430e-02   -1.3454538067e-06
 352.5000000    2.4802454763e-02   -1.3365240652e-06
 355.0000000    2.5330140359e-02   -1.3464000035e-06
 357.5000000    2.8497648754e-02   -1.5989425884e-06
 360.0000000    2.6509195421e-02   -1.3670873666e-06
 362.5000000    2.5803541318e-02   -1.3716035802e-06
 365.0000000    2.9330686411e-02   -1.4005612708e-06
 367.5000000    2.8329396253e-02   -7.8326961642e-07
 370.0000000    2.6508568815e-02   -1.3975858055e-06
 372.5000000    2.9913700753e-02   -8.1201791368e-07
 375.0000000    3.0149417659e-02   -1.4306564249e-06
 377.5000000    2.7532771242e-02   -1.4250585303e-06
 380.0000000    3.0313734620e-02   -1.6164905955e-06
 382.5000000    3.1837624795e-02   -1.5418063254e-06
 385.0000000    2.8871865137e-02   -2.1697391924e-06
 387.5000000    3.0620025403e-02   -1.4789372080e-06
 390.0000000    3.3307294040e-02   -1.4943761825e-06
 392.5000000    3.0503753017e-02   -1.4836676004e-06
 395.0000000    3.0980511900e-02   -1.5029364536e-06
 397.5000000    3.4489648799e-02   -1.5237840583e-06
 400.0000000    3.2364828764e-02   -1.5135882558e-06
 402.5000000    3.1485411227e-02   -1.5278134290e-06
 405.0000000    3.5361770284e-02   -1.5529940433e-06
 407.5000000    3.4338474948e-02   -1.6582290374e-05
 410.0000000    3.2273368074e-02   -1.6590079798e-05
 412.5000000    3.5938828818e-02   -1.5813651455e-06
 415.0000000    3.6281811861e-02   -1.5769988936e-06
 417.5000000    3.3361651207e-02   -1.5784107999e-06
 420.0000000    3.6333628366e-02   -1.6083799095e-06
 422.5000000    3.8073765512e-02   -1.6074465353e-06
 425.0000000    3.4822209198e-02   -1.6045287380e-06
 427.5000000    3.6631715992e-02   -1.6338516374e-06
 430.0000000    3.9585104074e-02   -1.6398201630e-06
 432.5000000    3.6561435794e-02   -1.6324165592e-06
 435.0000000    3.6986976238e-02   -2.3250581210e-06
 437.5000000    4.0787491437e-02   -1.6708263396e-06
 440.0000000    3.8536016268e-02   -1.6608518100e-06
 442.5000000    3.7522019958e-02   -1.6849071784e-06
 445.0000000    4.1651748050e-02   -1.2617798215e-06
 447.5000000    4.0597699371e-02   -1.6911823629e-06
 450.0000000    3.8327044245e-02   -1.7104937779e-06
 452.5000000    4.2234065317e-02   -1.7332582772e-06
 455.0000000    4.2599279068e-02   -1.7230849462e-06
 457.5000000    3.9456019122e-02   -1.7353312748e-06
 460.0000000    4.2595111871e-02   -1.7622475283e-06
 462.5000000    4.4421576551e-02   -1.7535588412e-06
 465.0000000    4.0957410058e-02   -1.7600696836e-06
 467.5000000    4.2863591210e-02   -1.6825752036e-05
 470.0000000    4.5984129383e-02   -1.6820950564e-05
 472.5000000    4.2768677919e-02   -1.6820894729e-05
 475.0000000    4.3195038452e-02   -1.6852338697e-05
 477.5000000    4.7166104605e-02   -1.6853360803e-05
