#          t             R = ...
   0.0000000    1.7141400000e+00    5.0000000000e+02
   0.0000000   -8.8888599212e-20   -2.0332830022e-16
   5.0000000   -9.2480442450e-03   -3.8624400742e-02
  10.0000000   -1.6454354714e-04   -1.0863829875e-01
  15.0000000   -3.0423828935e-03   -1.3686842404e-01
  20.0000000   -4.5973946921e-03   -1.8930998769e-01
  25.0000000    9.3475327861e-04   -2.5131030926e-01
  30.0000000   -6.0959389098e-03   -2.7635505458e-01
  35.0000000   -3.8856253209e-04   -3.4102315356e-01
  40.0000000   -3.3688580637e-03   -3.8990724330e-01
  45.0000000   -4.2674673512e-03   -4.2014174083e-01
  50.0000000   -1.3066645099e-03   -4.9099416876e-01
  55.0000000   -6.5115379106e-03   -5.2641725985e-01
  60.0000000   -1.8193474471e-03   -5.6834396295e-01
  65.0000000   -5.2050926014e-03   -6.3707078816e-01
  70.0000000   -6.4816820802e-03   -6.6358136253e-01
  75.0000000   -1.9652121812e-03   -7.1946551187e-01
  80.0000000   -8.8431177989e-03   -7.7849870963e-01
  85.0000000   -4.7577398359e-03   -8.0390192320e-01
  90.0000000   -5.4767929998e-03   -8.7093448226e-01
  95.0000000   -9.6624299171e-03   -9.1619729667e-01
 100.0000000   -4.4944601828e-03   -9.4873325533e-01
 105.0000000   -1.0253928939e-02   -1.0200288402e+00
 110.0000000   -7.8610560029e-03   -1.0524312353e+00
 115.0000000   -7.6494318263e-03   -1.0977848678e+00
 120.0000000   -1.3213603070e-02   -1.1648614599e+00
 125.0000000   -6.2700164299e-03   -1.1899966090e+00
 130.0000000   -1.3234064417e-02   -1.2492193696e+00
 135.0000000   -1.3036605233e-02   -1.3050696270e+00
