#          t             R = ...
   0.0000000    1.1410600000e+00    3.0000000000e+02
   0.0000000   -3.8964208337e-19   -3.6688503662e-15
   5.0000000   -3.5045527971e-03   -4.1074454003e-07
  10.0000000    4.8079415275e-02    2.3127700254e-05
  15.0000000    1.5166511775e-02    5.3072329064e-05
  20.0000000    1.7141337317e-02   -1.4548886611e-07
  25.0000000    3.5900712926e-02    7.9740888123e-05
  30.0000000    2.6988886438e-02    7.8150342956e-05
  35.0000000    2.2377524364e-02    6.4950547984e-06
  40.0000000    2.7566036019e-02    1.5715416254e-04
  45.0000000    4.6300011656e-02    6.4374989553e-05
  50.0000000    2.5304048156e-02    4.9009924420e-05
  55.0000000    3.8707975763e-02    2.2378248937e-04
  60.0000000    5.4121015664e-02    2.6488605102e-05
  65.0000000    3.3304464614e-02    1.3957164887e-04
  70.0000000    5.7970576872e-02    2.4615208017e-04
  75.0000000    4.8612227490e-02   -3.3419519269e-08
  80.0000000    5.3921135050e-02    2.6282750952e-04
  85.0000000    7.1925535387e-02    2.0821489485e-04
  90.0000000    4.7830801216e-02    2.4410441216e-05
  95.0000000    8.3428693821e-02    3.7923413810e-04
 100.0000000    7.3689221259e-02    1.2385905707e-04
 105.0000000    6.7163117474e-02    1.2255420734e-04
 110.0000000    1.0564999180e-01    4.4150324597e-04
 115.0000000    7.1652514788e-02    3.5725003401e-05
 120.0000000    1.0568174722e-01    2.8482471324e-04
 125.0000000    1.0958941355e-01    4.1743917082e-04
 130.0000000    8.5230779109e-02   -6.0884961149e-07
 135.0000000    1.4574689683e-01    4.6757310556e-04
 140.0000000    1.0237636532e-01    3.0887925391e-04
 145.0000000    1.2501111921e-01    5.8795538225e-05
 150.0000000    1.6567780554e-01    6.0746801996e-04
 155.0000000    1.0638401650e-01    1.5733130168e-04
 160.0000000    1.7928943553e-01    2.2338412106e-04
 165.0000000    1.5990051181e-01    6.4733776537e-04
 170.0000000    1.4250584361e-01    3.2046939740e-05
 175.0000000    2.2092877047e-01    4.5769606841e-04
 180.0000000    1.4825908874e-01    5.6305790673e-04
 185.0000000    2.1030618298e-01    3.7475176313e-06
 190.0000000    2.2943251591e-01    6.8960890167e-04
 195.0000000    1.6340553026e-01    3.7956699672e-04
 200.0000000    2.8258310522e-01    1.1394834836e-04
 205.0000000    2.1144849758e-01    8.3586614962e-04
 210.0000000    2.2453904988e-01    1.6764657117e-04
 215.0000000    3.2305141210e-01    3.5278755442e-04
 220.0000000    2.0175040129e-01    8.3585823189e-04
 225.0000000    3.1771615857e-01    2.0606801168e-05
 230.0000000    3.1570282300e-01    6.5590872039e-04
 235.0000000    2.3970736084e-01    6.8013140293e-04
 240.0000000    4.0038587842e-01    1.8496694643e-05
 245.0000000    2.8308957501e-01    9.2385193686e-04
 250.0000000    3.3688573121e-01    4.2097096099e-04
 255.0000000    4.3078079006e-01    1.9351751901e-04
 260.0000000    2.7610042549e-01    1.0583238572e-03
 265.0000000    4.6119210676e-01    1.5873635796e-04
 270.0000000    4.0253518155e-01    5.1114871175e-04
 275.0000000    3.3858695522e-01    1.0020913692e-03
 280.0000000    5.5342020564e-01    7.0191422694e-06
 285.0000000    3.5738656166e-01    8.7633742119e-04
 290.0000000    4.7084742391e-01    7.6652728093e-04
 295.0000000    5.6857735077e-01    4.8746426682e-05
 300.0000000    3.6195108294e-01    1.1647809139e-03
 305.0000000    6.2069822637e-01    4.3450363513e-04
 310.0000000    5.1367792644e-01    3.0007729966e-04
 315.0000000    4.6074494332e-01    1.2687951463e-03
 320.0000000    7.1369862395e-01    1.3480001402e-04
 325.0000000    4.5216272503e-01    6.9806242872e-04
 330.0000000    6.3780531147e-01    1.1443736054e-03
 335.0000000    7.0563855958e-01   -2.8731341673e-06
 340.0000000    4.6623261531e-01    1.0965077815e-03
 345.0000000    8.1742494879e-01    7.8617366374e-04
 350.0000000    6.2101835682e-01    1.2171536313e-04
 355.0000000    5.9894436156e-01    1.5674664927e-03
 360.0000000    9.0952173453e-01    5.7881512311e-04
 365.0000000    5.4677419060e-01    1.9341786559e-04
 370.0000000    8.1597497452e-01    7.3031602103e-04
 375.0000000    8.7262300582e-01   -2.3635222771e-04
 380.0000000    5.7923997809e-01    2.3396890269e-03
 385.0000000    1.0179298544e+00    4.0003775690e-03
 390.0000000    7.5131056703e-01   -6.7825115058e-05
 395.0000000    7.5642059632e-01   -5.5975812909e-03
 400.0000000    1.1010271817e+00   -7.7185123640e-03
 405.0000000    6.5725861487e-01    5.5096444375e-03
 410.0000000    1.0218437143e+00    2.5439703827e-02
 415.0000000    1.0297499471e+00    1.6251775660e-02
 420.0000000    7.0112899289e-01   -2.2067732910e-02
 425.0000000    1.2501651617e+00   -4.0682731622e-02
 430.0000000    8.7061541774e-01   -8.9045991062e-03
 435.0000000    9.1513022098e-01    2.5616795091e-02
 440.0000000    1.3237117880e+00    6.7298063751e-03
 445.0000000    7.6047770057e-01    1.9313019236e-03
 450.0000000    1.2207951571e+00    7.6195288153e-02
 455.0000000    1.2133308572e+00    9.1130758726e-02
 460.0000000    8.2248438485e-01   -6.2593787861e-02
 465.0000000    1.4680950313e+00   -1.7696667544e-01
 470.0000000    1.0084736317e+00   -6.3567240360e-02
 475.0000000    1.0811081974e+00    4.0401303945e-02
 480.0000000    1.5270070858e+00   -6.2062864282e-02
 485.0000000    8.7143214775e-01   -3.4169721519e-02
 490.0000000    1.4342567344e+00    2.6374683882e-01
 495.0000000    1.3757428074e+00    2.9226246841e-01
 500.0000000    9.3849381331e-01   -3.9268097752e-02
 505.0000000    1.7061247641e+00   -6.8950103558e-02
 510.0000000    1.1263207042e+00    1.1815053137e-01
 515.0000000    1.2281845224e+00   -1.7027355269e-01
 520.0000000    1.7533242140e+00   -4.9731334883e-01
 525.0000000    9.6527648168e-01   -1.5655823209e-01
 530.0000000    1.6176111729e+00    9.9229407441e-02
 535.0000000    1.5598238922e+00   -2.0725839880e-01
 540.0000000    1.0410816002e+00   -5.2216874906e-02
 545.0000000    1.9078755928e+00    5.2433075599e-01
 550.0000000    1.2583250952e+00    3.3575647673e-01
 555.0000000    1.3662866897e+00   -1.0059475133e-02
 560.0000000    1.9431297267e+00    3.9041655202e-01
 565.0000000    1.0589797593e+00    3.8150642585e-01
 570.0000000    1.7980416149e+00   -2.7206009133e-01
 575.0000000    1.7114751158e+00   -1.7931613472e-01
 580.0000000    1.1243596744e+00    1.0143109604e-01
 585.0000000    2.1146089315e+00   -4.3201620002e-01
 590.0000000    1.3628736463e+00   -5.2627775056e-01
 595.0000000    1.4656048359e+00   -3.5864834688e-04
 600.0000000    2.1459116455e+00   -2.2687306802e-01
 605.0000000    1.1280935384e+00   -4.3536232582e-01
 610.0000000    1.9256003729e+00    1.4067937689e-01
 615.0000000    1.8802216872e+00    1.4388168479e-01
 620.0000000    1.1833455104e+00   -1.7342229819e-01
 625.0000000    2.2639218907e+00    2.9488177820e-01
 630.0000000    1.4803000401e+00    4.0251375254e-01
 635.0000000    1.5408966540e+00   -8.3898178989e-03
 640.0000000    2.2964915521e+00    3.0872892665e-01
 645.0000000    1.1952671900e+00    4.5528126693e-01
 650.0000000    2.0331250914e+00   -1.2986914533e-02
 655.0000000    2.0076935551e+00    1.7809602052e-01
 660.0000000    1.2171878053e+00    3.4945422739e-01
 665.0000000    2.4030054433e+00   -1.3342418801e-01
 670.0000000    1.5668667276e+00   -2.1383651325e-02
 675.0000000    1.5661532092e+00    1.8350965086e-01
 680.0000000    2.4505514044e+00   -2.7536203680e-01
 685.0000000    1.2365937192e+00   -1.9612384398e-01
 690.0000000    2.0725552059e+00    5.1240072773e-02
 695.0000000    2.1503671391e+00   -3.6172945339e-01
 700.0000000    1.2241100442e+00   -2.8364099304e-01
 705.0000000    2.4690298006e+00    3.2371307897e-03
 710.0000000    1.6711549886e+00   -3.6268753742e-01
 715.0000000    1.5612874835e+00   -2.7117659778e-01
 720.0000000    2.5404603347e+00    4.0687084107e-02
 725.0000000    1.2844648058e+00   -2.9127032817e-01
 730.0000000    2.0827063146e+00   -1.8336805033e-01
 735.0000000    2.2464912474e+00    1.3251029424e-01
 740.0000000    1.2140162510e+00   -1.8406625162e-01
 745.0000000    2.5150438735e+00   -6.1711410146e-02
 750.0000000    1.7466810959e+00    2.3643149257e-01
 755.0000000    1.5108000014e+00   -8.1067394851e-02
 760.0000000    2.6274602855e+00    5.4547011620e-02
 765.0000000    1.3142350080e+00    3.1716458428e-01
 770.0000000    2.0240171982e+00   -1.0135972198e-02
 775.0000000    2.3585417285e+00    1.4058389179e-01
 780.0000000    1.1869232828e+00    3.5517697630e-01
 785.0000000    2.4831388767e+00    1.7515847023e-02
 790.0000000    1.8499073733e+00    1.8738823001e-01
 795.0000000    1.4384895067e+00    3.4605189216e-01
 800.0000000    2.6445629503e+00    3.8648525158e-03
 805.0000000    1.3692267100e+00    1.9590835844e-01
 810.0000000    1.9400860413e+00    2.9364182284e-01
 815.0000000    2.4217799611e+00   -4.1636217818e-02
 820.0000000    1.1668889463e+00    1.7491871993e-01
 825.0000000    2.4308331738e+00    2.0988885723e-01
 830.0000000    1.9294084857e+00   -1.0397026125e-01
 835.0000000    1.3448070755e+00    1.3701995224e-01
 840.0000000    2.6567521025e+00    1.1016481484e-01
 845.0000000    1.4200676496e+00   -1.6713813844e-01
 850.0000000    1.8064312214e+00    9.4108991457e-02
 855.0000000    2.5024670330e+00    9.1244720066e-03
 860.0000000    1.1511085868e+00   -2.1611177274e-01
 865.0000000    2.3113744791e+00    5.7442105149e-02
 870.0000000    2.0471769222e+00   -8.1226361540e-02
 875.0000000    1.2531564113e+00   -2.4273025329e-01
 880.0000000    2.6020051484e+00    3.1151006934e-02
 885.0000000    1.5192479962e+00   -1.5442327155e-01
 890.0000000    1.6680029735e+00   -2.4452135847e-01
 895.0000000    2.5339556322e+00    1.5124997484e-02
 900.0000000    1.1773269690e+00   -2.0605437900e-01
 905.0000000    2.1840602517e+00   -2.2003834356e-01
 910.0000000    2.1443558056e+00    8.4894475499e-03
 915.0000000    1.1815138882e+00   -2.3525758961e-01
 920.0000000    2.5464475023e+00   -1.7322265870e-01
 925.0000000    1.6270450445e+00    7.5691123992e-03
 930.0000000    1.5191497384e+00   -2.4404110325e-01
 935.0000000    2.5830775661e+00   -1.1195340743e-01
 940.0000000    1.2323842917e+00    8.2856851141e-03
 945.0000000    2.0184669201e+00   -2.3311525290e-01
 950.0000000    2.2842312237e+00   -4.3500040422e-02
 955.0000000    1.1449407055e+00    7.5361181248e-03
 960.0000000    2.4380061972e+00   -2.0311234932e-01
 965.0000000    1.8001747885e+00    2.5797758648e-02
 970.0000000    1.3991325489e+00    3.5308436984e-03
 975.0000000    2.5841569389e+00   -1.5645848826e-01
 980.0000000    1.3633098046e+00    8.9533952195e-02
 985.0000000    1.8702679971e+00   -4.1376508553e-03
 990.0000000    2.3995257249e+00   -9.8148767277e-02
 995.0000000    1.1765136137e+00    1.4042880962e-01
1000.0000000    2.3400731155e+00   -1.4694289477e-02
1005.0000000    1.9830189010e+00   -3.4322736599e-02
1010.0000000    1.3216972946e+00    1.7271715845e-01
1015.0000000    2.6012983890e+00   -2.4420199243e-02
1020.0000000    1.5371751500e+00    3.0835795351e-02
1025.0000000    1.7289506711e+00    1.8470522612e-01
1030.0000000    2.5510211806e+00   -2.7708745738e-02
1035.0000000    1.2717965798e+00    9.4054192515e-02
1040.0000000    2.2159182738e+00    1.7707304746e-01
1045.0000000    2.2314977358e+00   -2.1985403910e-02
1050.0000000    1.3101704932e+00    1.4905091100e-01
1055.0000000    2.5748075679e+00    1.5072395164e-01
1060.0000000    1.8041366039e+00   -9.0947977326e-03
1065.0000000    1.6392172680e+00    1.8769274524e-01
1070.0000000    2.6652224565e+00    1.0959698054e-01
1075.0000000    1.4728359792e+00    9.7724312206e-03
1080.0000000    2.1222884758e+00    2.0598266759e-01
1085.0000000    2.4718453181e+00    6.3377111286e-02
1090.0000000    1.3935646601e+00    3.6255858773e-02
1095.0000000    2.5645334178e+00    2.0492320026e-01
1100.0000000    2.1046265186e+00    2.2789303272e-02
1105.0000000    1.6102285564e+00    6.9442825535e-02
1110.0000000    2.7990815236e+00    1.8564794530e-01
1115.0000000    1.7455081765e+00   -6.7412667559e-03
1120.0000000    2.0421608386e+00    1.0252354621e-01
1125.0000000    2.7559005206e+00    1.4863413242e-01
1130.0000000    1.5681190845e+00   -2.4347393486e-02
1135.0000000    2.5246375437e+00    1.2692638735e-01
1140.0000000    2.4857249116e+00    9.7634929611e-02
1145.0000000    1.6661767942e+00   -2.9578258461e-02
1150.0000000    2.8815544979e+00    1.3741271450e-01
1155.0000000    2.1326108617e+00    4.1096225666e-02
1160.0000000    2.0195067315e+00   -2.1963848513e-02
1165.0000000    2.9977730238e+00    1.3229256284e-01
1170.0000000    1.8703812031e+00   -1.1267351104e-02
1175.0000000    2.5082913943e+00   -3.4368438108e-03
1180.0000000    2.8618355522e+00    1.1171240725e-01
1185.0000000    1.8317479675e+00   -5.2190139068e-02
1190.0000000    2.9657875090e+00    2.0385966874e-02
1195.0000000    2.5647506472e+00    7.6951089487e-02
1200.0000000    2.0588136873e+00   -7.7996406696e-02
1205.0000000    3.2453953197e+00    4.2186531155e-02
1210.0000000    2.2593199689e+00    3.1873309961e-02
1215.0000000    2.4917333072e+00   -8.7305022539e-02
1220.0000000    3.2750750756e+00    5.6031566416e-02
1225.0000000    2.0992784321e+00   -1.6504431841e-02
1230.0000000    2.9959393838e+00   -8.0653914344e-02
1235.0000000    3.0804335511e+00    5.8085735004e-02
1240.0000000    2.1825574138e+00   -6.0424376649e-02
1245.0000000    3.4143077466e+00   -6.1425991225e-02
1250.0000000    2.7715822481e+00    4.6293601460e-02
1255.0000000    2.5178393607e+00   -9.4062701459e-02
1260.0000000    3.6238819394e+00   -3.5947417127e-02
1265.0000000    2.5017738198e+00    2.0905768950e-02
1270.0000000    3.0230101752e+00   -1.1394192779e-01
1275.0000000    3.5784047596e+00   -1.1345673286e-02
1280.0000000    2.4134471441e+00   -1.4264960352e-02
1285.0000000    3.5533990246e+00   -1.1804770134e-01
1290.0000000    3.3248357268e+00    6.8037219596e-03
1295.0000000    2.5886885305e+00   -5.2413029495e-02
1300.0000000    3.9500529036e+00   -1.0646557546e-01
1305.0000000    2.9900420719e+00    1.4791237155e-02
1310.0000000    3.0180369451e+00   -8.6324958111e-02
1315.0000000    4.0941995476e+00   -8.2544016449e-02
1320.0000000    2.7410389699e+00    1.0665091210e-02
1325.0000000    3.5970707792e+00   -1.1031713441e-01
1330.0000000    3.9526481746e+00   -5.2480900001e-02
1335.0000000    2.7283833979e+00   -5.3292011105e-03
1340.0000000    4.1546549017e+00   -1.2103283383e-01
1345.0000000    3.5991574854e+00   -2.3778503572e-02
1350.0000000    3.0278658701e+00   -3.0471699575e-02
1355.0000000    4.5089031790e+00   -1.1745103433e-01
1360.0000000    3.2003521109e+00   -2.9699701192e-03
1365.0000000    3.6003005946e+00   -5.9501126124e-02
1370.0000000    4.5368851078e+00   -1.0042397802e-01
1375.0000000    2.9634373819e+00    6.3216137449e-03
1380.0000000    4.2889128871e+00   -8.5544636578e-02
1385.0000000    4.2341840748e+00   -7.2853331063e-02
1390.0000000    3.0570138709e+00    3.5496685030e-03
1395.0000000    4.8647882101e+00   -1.0232862466e-01
1400.0000000    3.7367849072e+00   -4.0162607441e-02
1405.0000000    3.5321386787e+00   -9.6482020482e-03
1410.0000000    5.1129297926e+00   -1.0609309741e-01
1415.0000000    3.2860163787e+00   -9.5070793400e-03
1420.0000000    4.2792700986e+00   -2.9974961901e-02
1425.0000000    4.9298101854e+00   -9.6187536866e-02
1430.0000000    3.1385291242e+00    1.2226976072e-02
1435.0000000    5.0497648754e+00   -5.2816950794e-02
1440.0000000    4.3892383688e+00   -7.4895631281e-02
1445.0000000    3.4512626025e+00    2.0425336178e-02
1450.0000000    5.5465457386e+00   -7.2776030871e-02
1455.0000000    3.7377426607e+00   -4.6563055629e-02
1460.0000000    4.1917591353e+00    1.4373787913e-02
1465.0000000    5.5547344116e+00   -8.4159579070e-02
1470.0000000    3.3067389631e+00   -1.6135960378e-02
1475.0000000    5.1230210423e+00   -2.2674749878e-03
1480.0000000    5.0558314159e+00   -8.2263399946e-02
1485.0000000    3.3684999369e+00    1.1452159923e-02
1490.0000000    5.8847164633e+00   -2.3329468156e-02
1495.0000000    4.2656613165e+00   -6.5890759404e-02
1500.0000000    3.9974909019e+00    3.0849333868e-02
1505.0000000    6.1475004382e+00   -4.3142449336e-02
1510.0000000    3.5638868980e+00   -3.8946802733e-02
1515.0000000    5.0072983973e+00    3.6993572365e-02
1520.0000000    5.7752983822e+00   -5.7712532411e-02
1525.0000000    3.3328618608e+00   -8.6806273948e-03
1530.0000000    6.0064957892e+00    2.8023995981e-02
1535.0000000    4.9154379223e+00   -6.3576616468e-02
1540.0000000    3.7731438617e+00    1.8154088816e-02
1545.0000000    6.5626757245e+00    7.6834465486e-03
1550.0000000    3.9613274891e+00   -5.7335482388e-02
1555.0000000    4.7849944338e+00    3.7424496308e-02
1560.0000000    6.4069623832e+00   -1.5980960998e-02
1565.0000000    3.3897577240e+00   -3.7780276179e-02
1570.0000000    5.9835222320e+00    4.6822783961e-02
1575.0000000    5.5816608671e+00   -3.4776831999e-02
1580.0000000    3.5390525613e+00   -8.3968322257e-03
1585.0000000    6.8554866357e+00    4.4780859215e-02
1590.0000000    4.4508871806e+00   -4.3546392906e-02
1595.0000000    4.4321654848e+00    2.3065052172e-02
1600.0000000    6.9949071862e+00    3.1261339974e-02
1605.0000000    3.5546004346e+00   -4.0609046899e-02
1610.0000000    5.7372441049e+00    4.7940266333e-02
1615.0000000    6.3082878074e+00    9.4874440761e-03
1620.0000000    3.3634211289e+00   -2.6648969976e-02
1625.0000000    6.8979592382e+00    6.0359482376e-02
1630.0000000    5.0851600428e+00   -1.3653884354e-02
1635.0000000    4.0466845434e+00   -3.9459073778e-03
1640.0000000    7.3836886109e+00    5.8805228497e-02
1645.0000000    3.8880545875e+00   -2.9996469557e-02
1650.0000000    5.3689917907e+00    2.3241540561e-02
1655.0000000    6.9458688203e+00    4.5368981639e-02
1660.0000000    3.3023215239e+00   -3.3643656703e-02
1665.0000000    6.7753770664e+00    4.8699209140e-02
1670.0000000    5.7554540236e+00    2.4592996224e-02
1675.0000000    3.6584721906e+00   -2.3005246246e-02
1680.0000000    7.6360292660e+00    6.5843591474e-02
1685.0000000    4.3468616914e+00    2.5250019173e-03
1690.0000000    4.8604210884e+00   -9.2635269357e-04
1695.0000000    7.5412389023e+00    6.9869789234e-02
1700.0000000    3.3844080022e+00   -1.4660304905e-02
1705.0000000    6.4087101263e+00    2.6359030075e-02
1710.0000000    6.5066661771e+00    5.9469133260e-02
1715.0000000    3.3547900393e+00   -2.2091651777e-02
1720.0000000    7.6172504988e+00    5.1461384188e-02
1725.0000000    4.9858329994e+00    3.8077512861e-02
1730.0000000    4.3299542805e+00   -1.6922139797e-02
1735.0000000    7.9281987066e+00    6.8263381916e-02
1740.0000000    3.6756118511e+00    1.3043647566e-02
1745.0000000    5.9166395834e+00    5.1253011929e-04
1750.0000000    7.1784879492e+00    7.2862269278e-02
