#          t             R = ...
   0.0000000    1.1410600000e+00    3.0000000000e+02
   0.0000000   -1.4092572698e-21    9.5311535357e-17
   5.0000000    2.3300822937e-02    9.4080786045e-02
  10.0000000    6.2844356377e-02    2.6939055116e-01
  15.0000000    4.7842004874e-02    3.3705332440e-01
  20.0000000    5.4079167616e-02    4.6637466215e-01
  25.0000000    8.4303615072e-02    6.2136567019e-01
  30.0000000    7.6551869862e-02    6.8050825319e-01
  35.0000000    8.4151469899e-02    8.4119425084e-01
  40.0000000    1.0369975772e-01    9.6305635066e-01
  45.0000000    1.1179493049e-01    1.0349313761e+00
  50.0000000    1.1648721533e-01    1.2119693791e+00
  55.0000000    1.3229179502e-01    1.2994525950e+00
  60.0000000    1.5266442349e-01    1.4006131522e+00
  65.0000000    1.5904187393e-01    1.5731555369e+00
  70.0000000    1.7563391051e-01    1.6372636821e+00
  75.0000000    1.9302549125e-01    1.7738623032e+00
  80.0000000    2.0411278562e-01    1.9227177369e+00
  85.0000000    2.2550981424e-01    1.9828021871e+00
  90.0000000    2.4236971455e-01    2.1483112206e+00
  95.0000000    2.6121358167e-01    2.2625817474e+00
 100.0000000    2.8324229581e-01    2.3393447081e+00
 105.0000000    2.9565406643e-01    2.5169846251e+00
 110.0000000    3.2045838360e-01    2.5981544353e+00
 115.0000000    3.4333181632e-01    2.7064518111e+00
 120.0000000    3.6457176459e-01    2.8752481842e+00
 125.0000000    3.8478285779e-01    2.9366482228e+00
 130.0000000    4.0765563396e-01    3.0800835575e+00
 135.0000000    4.4338182325e-01    3.2221085702e+00
 140.0000000    4.6366240260e-01    3.2839529378e+00
 145.0000000    4.9025143831e-01    3.4534621816e+00
 150.0000000    5.3107586207e-01    3.5601581130e+00
 155.0000000    5.4877310322e-01    3.6424139006e+00
 160.0000000    5.7780435100e-01    3.8196959319e+00
 165.0000000    6.1846817353e-01    3.8951671602e+00
 170.0000000    6.4222305672e-01    4.0106480231e+00
 175.0000000    6.8251203098e-01    4.1747815645e+00
 180.0000000    7.2078552199e-01    4.2343351181e+00
 185.0000000    7.5648324931e-01    4.3840507426e+00
 190.0000000    7.9379792800e-01    4.5187509673e+00
 195.0000000    8.2851319044e-01    4.5832466106e+00
 200.0000000    8.7923854380e-01    4.7559129735e+00
 205.0000000    9.0770952988e-01    4.8552501985e+00
 210.0000000    9.4882837583e-01    4.9436689990e+00
 215.0000000    1.0108245858e+00    5.1197786602e+00
 220.0000000    1.0342448711e+00    5.1903579455e+00
 225.0000000    1.0843849780e+00    5.3131387160e+00
 230.0000000    1.1499028595e+00    5.4719875814e+00
 235.0000000    1.1803365317e+00    5.5306654502e+00
 240.0000000    1.2359247159e+00    5.6860669036e+00
 245.0000000    1.2931193328e+00    5.8131633505e+00
 250.0000000    1.3390159924e+00    5.8810541098e+00
 255.0000000    1.3960882523e+00    6.0557539229e+00
 260.0000000    1.4449671400e+00    6.1478952885e+00
 265.0000000    1.5114553409e+00    6.2427683799e+00
 270.0000000    1.5606475082e+00    6.4165250060e+00
 275.0000000    1.6064120695e+00    6.4828612441e+00
 280.0000000    1.6934850841e+00    6.6128089075e+00
 285.0000000    1.7349140252e+00    6.7656918249e+00
 290.0000000    1.7911668780e+00    6.8244989157e+00
 295.0000000    1.8805007487e+00    6.9851041556e+00
 300.0000000    1.9180698798e+00    7.1045982023e+00
 305.0000000    1.9915330865e+00    7.1767747860e+00
 310.0000000    2.0714990146e+00    7.3527057083e+00
 315.0000000    2.1166470051e+00    7.4381778637e+00
 320.0000000    2.1980786558e+00    7.5398509916e+00
 325.0000000    2.2639211796e+00    7.7103531990e+00
 330.0000000    2.3325841073e+00    7.7732610933e+00
 335.0000000    2.4054057350e+00    7.9100324335e+00
 340.0000000    2.4676859543e+00    8.0562638819e+00
 345.0000000    2.5659057592e+00    8.1160060035e+00
 350.0000000    2.6223996299e+00    8.2809705562e+00
 355.0000000    2.6857016917e+00    8.3928047591e+00
 360.0000000    2.7974143299e+00    8.4699361459e+00
 365.0000000    2.8372240183e+00    8.6460331156e+00
 370.0000000    2.9162170116e+00    8.7251800051e+00
 375.0000000    3.0241110238e+00    8.8337828577e+00
 380.0000000    3.0669202539e+00    9.0006671768e+00
 385.0000000    3.1628124707e+00    9.0620819243e+00
 390.0000000    3.2504505266e+00    9.2053021139e+00
 395.0000000    3.3135583535e+00    9.3411750476e+00
 400.0000000    3.4070494977e+00    9.3989662407e+00
 405.0000000    3.4771897284e+00    9.5722574101e+00
 410.0000000    3.5736975712e+00    9.6905695202e+00
 415.0000000    3.6525896071e+00    9.7757980358e+00
 420.0000000    3.7128677526e+00    9.9268805247e+00
 425.0000000    3.8370995472e+00    9.9793477174e+00
 430.0000000    3.8892378715e+00    1.0117044884e+01
