#          t             r = ...
   0.0000000    1.7141400000e+00    4.5000000000e+02
   0.0000000   -9.8772351975e-04   -1.2747054740e-06
   2.5000000    3.5085182649e-02    4.1344895184e-07
   5.0000000    4.1946664883e-02    7.7235127010e-07
   7.5000000    3.8980133446e-02   -1.4580885540e-06
  10.0000000    2.5974180253e-02   -1.1794911646e-07
  12.5000000    1.1433678761e-02    7.3866651419e-07
  15.0000000    5.1536784989e-03   -1.4022810765e-06
  17.5000000    6.0994592807e-03   -7.4350805409e-07
  20.0000000    6.7994260798e-03    7.5469945392e-07
  22.5000000    4.4030492523e-03   -1.3418521445e-06
  25.0000000    1.6123326005e-03   -1.2603905183e-06
  27.5000000    6.5219747626e-04    5.8326590703e-07
  30.0000000    8.5823509561e-04   -1.2181348743e-06
  32.5000000    8.8339896511e-04   -1.8026572539e-06
  35.0000000    4.9564105579e-04    2.5475520047e-07
  37.5000000    1.5868339164e-04   -1.0570629114e-06
  40.0000000    8.5500240053e-05   -2.1410127898e-06
  42.5000000    1.2064858586e-04   -1.0866575249e-07
  45.0000000    1.0728396258e-04   -9.8604480601e-07
  47.5000000    5.1184510020e-05   -2.5380350540e-06
  50.0000000    1.5397591893e-05   -5.8360339843e-07
  52.5000000    1.2097058062e-05   -7.5099791067e-07
  55.0000000    1.6186543148e-05   -2.7550682327e-06
  57.5000000    1.2226389860e-05   -1.2451601730e-06
  60.0000000    4.8788932931e-06   -7.2378133835e-07
  62.5000000    1.4512635385e-06   -2.9324435628e-06
  65.0000000    1.6919089689e-06   -1.7183578231e-06
  67.5000000    2.0850477164e-06   -6.0953807531e-07
  70.0000000    1.3547017032e-06   -2.8831777668e-06
  72.5000000    4.7669298217e-07   -2.3665535407e-06
  75.0000000    1.7788768517e-07   -7.6971454425e-07
  77.5000000    2.4150450136e-07   -2.8197952301e-06
  80.0000000    2.4954934214e-07   -2.9140450649e-06
  82.5000000    1.3788252667e-07   -1.0173075315e-06
  85.0000000    4.7145406090e-08   -2.7796691056e-06
  87.5000000    7.5979889342e-08   -3.5005196813e-06
  90.0000000    6.0425211458e-08   -1.3340539639e-06
  92.5000000    6.2134954228e-08   -2.5583732411e-06
  95.0000000    3.4609959567e-08   -3.7927578714e-06
  97.5000000    1.5416193085e-09   -1.7325293844e-06
 100.0000000   -1.4361443203e-08   -2.3711275978e-06
 102.5000000   -7.8179493354e-09   -4.1854941533e-06
 105.0000000    1.2410657669e-09   -2.2939160822e-06
 107.5000000    1.4180551664e-08   -2.3229615266e-06
 110.0000000    1.3565597252e-08   -4.3852880913e-06
 112.5000000    7.1143436301e-09   -2.8812747327e-06
 115.0000000    1.5329901376e-08   -2.2491301626e-06
 117.5000000    7.3318214914e-09   -4.4110181802e-06
 120.0000000    1.8098665014e-08   -3.5042589005e-06
 122.5000000    1.2968380364e-08   -2.2076907117e-06
 125.0000000    8.5080444276e-09   -4.4261761568e-06
 127.5000000    6.7380943162e-09   -4.0615229616e-06
 130.0000000    6.4985959845e-09   -2.3420268028e-06
 132.5000000    4.0036093074e-08   -4.3872097357e-06
 135.0000000    3.5481283129e-09   -4.5317904445e-06
 137.5000000   -1.2665747912e-04   -2.6334512096e-06
 140.0000000    1.6944290454e-09   -4.1524603512e-06
 142.5000000    1.3421700279e-09   -5.1152876999e-06
 145.0000000    1.0201382062e-09   -4.3613681462e-05
 147.5000000    6.5514023498e-10   -4.4738244376e-05
 150.0000000    4.6318464824e-10   -4.6275255888e-05
 152.5000000    5.6934502855e-10   -1.3924577582e-05
 155.0000000    1.2189661794e-09   -1.6693367642e-05
 157.5000000    2.4652128716e-09   -5.9181290388e-05
 160.0000000    3.2102024351e-09   -3.8984458166e-06
 162.5000000   -3.0523400630e-10   -4.4553490329e-05
 165.0000000    4.1398804599e-10   -4.6418652139e-05
 167.5000000    3.0895512746e-08   -4.4192930627e-06
 170.0000000    9.0247894472e-08   -3.7977706799e-06
 172.5000000    1.1948976511e-07   -6.0426817844e-06
 175.0000000    6.8242435510e-08   -5.3049720920e-06
 177.5000000   -1.5222193031e-08   -4.3182020266e-06
 180.0000000   -2.9157318627e-08   -7.0625103476e-06
 182.5000000    3.8463243781e-08   -6.1871753854e-06
