#          t             R = ...
   0.0000000    1.1410600000e+00    1.0000000000e+01
   0.0000000   -1.9078377991e-20    2.6903768182e-18
   5.0000000   -8.6245739254e-03    7.7100366281e-03
  10.0000000    3.3665794779e-03   -2.0562678948e-02
  15.0000000   -3.2862708212e-03    1.4558223616e-02
  20.0000000   -4.9453564552e-03    5.0896024613e-03
  25.0000000   -2.8751426141e-03   -3.9700800759e-03
  30.0000000   -3.5958102081e-03    1.9819625469e-02
  35.0000000   -6.2154540542e-03    1.1022598405e-03
  40.0000000   -4.7539389271e-03   -1.7930515429e-02
  45.0000000   -4.9134158464e-03   -2.8214190288e-02
  50.0000000   -5.3753935358e-03   -4.2709393098e-02
  55.0000000   -5.6111304917e-03   -5.8910465721e-02
  60.0000000   -6.5924688683e-03   -6.5351858429e-02
  65.0000000   -4.6856510249e-03   -6.2961426867e-02
  70.0000000   -8.9350153273e-03   -7.2699971637e-02
  75.0000000   -7.4554002068e-03   -6.9215100395e-02
  80.0000000   -6.8501092910e-03   -7.0155170789e-02
  85.0000000   -1.2117331258e-02   -7.9052732895e-02
  90.0000000   -6.9828486946e-03   -7.7329456452e-02
  95.0000000   -1.1932573544e-02   -9.0347837464e-02
 100.0000000   -1.2127641330e-02   -9.3367142536e-02
 105.0000000   -8.5475528679e-03   -9.7633371770e-02
 110.0000000   -1.7657797524e-02   -1.1069834692e-01
 115.0000000   -9.9977831165e-03   -1.0649006462e-01
 120.0000000   -1.4997199205e-02   -1.1755161510e-01
 125.0000000   -1.9940238400e-02   -1.2219965007e-01
 130.0000000   -9.9485364116e-03   -1.2202468499e-01
 135.0000000   -2.4121464759e-02   -1.3631046244e-01
 140.0000000   -1.7193251355e-02   -1.3468598572e-01
 145.0000000   -1.6344896026e-02   -1.4533182477e-01
 150.0000000   -3.0080839562e-02   -1.5356530886e-01
 155.0000000   -1.3727222423e-02   -1.5383658985e-01
 160.0000000   -2.9086191020e-02   -1.6968953675e-01
 165.0000000   -2.8579933153e-02   -1.6895057457e-01
 170.0000000   -1.6943385136e-02   -1.7895278690e-01
 175.0000000   -4.1680773421e-02   -1.8904507165e-01
 180.0000000   -2.1822578390e-02   -1.8839493991e-01
 185.0000000   -3.0679424680e-02   -2.0636618169e-01
 190.0000000   -4.5720653874e-02   -2.0571507300e-01
 195.0000000   -1.8739683017e-02   -2.1655398484e-01
 200.0000000   -5.0262709484e-02   -2.3002480472e-01
 205.0000000   -3.8602297188e-02   -2.2633031998e-01
 210.0000000   -2.8636515024e-02   -2.4931697867e-01
 215.0000000   -6.4332524437e-02   -2.4802097392e-01
 220.0000000   -2.7918630747e-02   -2.5662521216e-01
 225.0000000   -5.2425281196e-02   -2.7805880989e-01
 230.0000000   -6.3252909797e-02   -2.6700478880e-01
 235.0000000   -2.7607459574e-02   -2.9532042859e-01
 240.0000000   -7.9278237500e-02   -2.9789791259e-01
 245.0000000   -4.8479538948e-02   -2.9687695645e-01
 250.0000000   -4.7359948218e-02   -3.3265165905e-01
 255.0000000   -9.2845899550e-02   -3.1363900126e-01
 260.0000000   -3.4519082102e-02   -3.4063260813e-01
 265.0000000   -8.2939542977e-02   -3.5808528638e-01
 270.0000000   -8.3926970458e-02   -3.3800466748e-01
 275.0000000   -4.0050921308e-02   -3.8926998541e-01
 280.0000000   -1.1600309333e-01   -3.7115789906e-01
 285.0000000   -6.0195717089e-02   -3.8128159979e-01
 290.0000000   -7.3319013497e-02   -4.2689058404e-01
 295.0000000   -1.2581218915e-01   -3.8512637713e-01
 300.0000000   -4.4173515152e-02   -4.4011622128e-01
 305.0000000   -1.2269476268e-01   -4.4374054820e-01
 310.0000000   -1.0565433295e-01   -4.1836145490e-01
 315.0000000   -5.8539962688e-02   -4.9627240410e-01
 320.0000000   -1.6128056586e-01   -4.4743527259e-01
 325.0000000   -7.1601194496e-02   -4.7872960964e-01
 330.0000000   -1.0803444605e-01   -5.2868669759e-01
 335.0000000   -1.6472476503e-01   -4.6097701617e-01
 340.0000000   -5.5057157146e-02   -5.5317428624e-01
 345.0000000   -1.7171313818e-01   -5.3166560222e-01
 350.0000000   -1.3076481212e-01   -5.0689350595e-01
 355.0000000   -8.1683307776e-02   -6.1298737739e-01
 360.0000000   -2.1361974222e-01   -5.2372203070e-01
 365.0000000   -8.5670883933e-02   -5.8717175387e-01
 370.0000000   -1.5062643725e-01   -6.3405403163e-01
 375.0000000   -2.0698509568e-01   -5.3869683614e-01
 380.0000000   -7.0019103617e-02   -6.7633621843e-01
 385.0000000   -2.2987455589e-01   -6.1781102641e-01
 390.0000000   -1.5618828174e-01   -6.0063926763e-01
 395.0000000   -1.1128900078e-01   -7.3481797747e-01
 400.0000000   -2.7399902654e-01   -5.9664533185e-01
 405.0000000   -9.9185365689e-02   -7.0270803355e-01
 410.0000000   -2.0119114043e-01   -7.3789483944e-01
 415.0000000   -2.5499026235e-01   -6.1479133799e-01
 420.0000000   -8.5929318547e-02   -8.0450368222e-01
 425.0000000   -2.9541434049e-01   -6.9765489868e-01
 430.0000000   -1.8539622073e-01   -6.9566614712e-01
 435.0000000   -1.4448085908e-01   -8.5613062216e-01
 440.0000000   -3.3930047067e-01   -6.6185472708e-01
 445.0000000   -1.1590221895e-01   -8.2000031734e-01
 450.0000000   -2.5749796581e-01   -8.3478845857e-01
 455.0000000   -3.0482454747e-01   -6.8460178082e-01
 460.0000000   -1.0557832965e-01   -9.3134842208e-01
 465.0000000   -3.6745319415e-01   -7.6640172383e-01
 470.0000000   -2.1415176855e-01   -7.8622867170e-01
 475.0000000   -1.8201948715e-01   -9.7063376380e-01
 480.0000000   -4.1060958015e-01   -7.1516802496e-01
 485.0000000   -1.3138251760e-01   -9.3236788486e-01
 490.0000000   -3.1790498120e-01   -9.1932411908e-01
 495.0000000   -3.5971630193e-01   -7.4346630472e-01
 500.0000000   -1.2438569905e-01   -1.0496446606e+00
 505.0000000   -4.4230886628e-01   -8.1922686535e-01
 510.0000000   -2.4710027497e-01   -8.6605072029e-01
 515.0000000   -2.1947639691e-01   -1.0714044794e+00
 520.0000000   -4.8300141080e-01   -7.5150716119e-01
 525.0000000   -1.5017881365e-01   -1.0320857110e+00
 530.0000000   -3.7886562600e-01   -9.8588576907e-01
 535.0000000   -4.1425404370e-01   -7.8533510826e-01
 540.0000000   -1.4513156506e-01   -1.1515089865e+00
 545.0000000   -5.1840221653e-01   -8.5194551099e-01
 550.0000000   -2.7878820256e-01   -9.2788638869e-01
 555.0000000   -2.5675370818e-01   -1.1518758367e+00
 560.0000000   -5.5769787385e-01   -7.6709667787e-01
 565.0000000   -1.6680274961e-01   -1.1111526057e+00
 570.0000000   -4.3724208867e-01   -1.0297918051e+00
 575.0000000   -4.7244434421e-01   -8.0543884889e-01
 580.0000000   -1.6221094268e-01   -1.2293200269e+00
 585.0000000   -5.9024627941e-01   -8.6103981806e-01
 590.0000000   -3.1485348773e-01   -9.6505204692e-01
 595.0000000   -2.8842541880e-01   -1.2057327946e+00
 600.0000000   -6.2805828461e-01   -7.5795123865e-01
 605.0000000   -1.8668732741e-01   -1.1613934602e+00
 610.0000000   -4.8869891111e-01   -1.0465274736e+00
 615.0000000   -5.2750696937e-01   -7.9821301680e-01
 620.0000000   -1.7893253121e-01   -1.2752227829e+00
 625.0000000   -6.5581783548e-01   -8.4372516062e-01
 630.0000000   -3.4885787165e-01   -9.7071192769e-01
 635.0000000   -3.1440891807e-01   -1.2275207087e+00
 640.0000000   -6.9523805284e-01   -7.2211339835e-01
 645.0000000   -2.0369799893e-01   -1.1758262984e+00
 650.0000000   -5.2956938900e-01   -1.0335830128e+00
 655.0000000   -5.8378395454e-01   -7.6103577525e-01
 660.0000000   -1.8939009625e-01   -1.2833815395e+00
 665.0000000   -7.0868507880e-01   -7.9935643252e-01
 670.0000000   -3.8724131521e-01   -9.4075085074e-01
 675.0000000   -3.2930620764e-01   -1.2136127785e+00
 680.0000000   -7.5138290786e-01   -6.5916226043e-01
 685.0000000   -2.2448232236e-01   -1.1495019733e+00
 690.0000000   -5.5573030741e-01   -9.9005335324e-01
 695.0000000   -6.3325780695e-01   -6.9257946627e-01
 700.0000000   -1.9837971429e-01   -1.2495422935e+00
 705.0000000   -7.4702506818e-01   -7.2915171402e-01
 710.0000000   -4.2266120642e-01   -8.7264165063e-01
 715.0000000   -3.3455021877e-01   -1.1618019462e+00
 720.0000000   -7.9776084191e-01   -5.7116706226e-01
 725.0000000   -2.4272373489e-01   -1.0794048257e+00
 730.0000000   -5.6471050799e-01   -9.1625802771e-01
 735.0000000   -6.8041858368e-01   -5.9450634610e-01
 740.0000000   -2.0071412186e-01   -1.1714778425e+00
 745.0000000   -7.6491029860e-01   -6.3565191947e-01
 750.0000000   -4.6204995243e-01   -7.6730318846e-01
 755.0000000   -3.2617822809e-01   -1.0719313483e+00
 760.0000000   -8.2620119615e-01   -4.6194725015e-01
 765.0000000   -2.6632725159e-01   -9.6602964035e-01
 770.0000000   -5.5403122888e-01   -8.1479247564e-01
 775.0000000   -7.1635631063e-01   -4.7119012815e-01
 780.0000000   -2.0342384647e-01   -1.0502581813e+00
 785.0000000   -7.6177127610e-01   -5.2413149802e-01
 790.0000000   -4.9725290328e-01   -6.2909103840e-01
 795.0000000   -3.0863176266e-01   -9.4652976691e-01
 800.0000000   -8.3844209487e-01   -3.3898241426e-01
 805.0000000   -2.8899371051e-01   -8.1376541715e-01
 810.0000000   -5.2435679346e-01   -6.9025285564e-01
 815.0000000   -7.4538425919e-01   -3.3139258689e-01
 820.0000000   -2.0266480452e-01   -8.9041938034e-01
 825.0000000   -7.3412093101e-01   -4.0147533837e-01
 830.0000000   -5.3505396206e-01   -4.6722708689e-01
 835.0000000   -2.8053718740e-01   -7.9074177885e-01
 840.0000000   -8.2746613424e-01   -2.1143780657e-01
 845.0000000   -3.1939454751e-01   -6.3158918143e-01
 850.0000000   -4.7633835612e-01   -5.4915846034e-01
 855.0000000   -7.5848967449e-01   -1.8640983246e-01
 860.0000000   -2.0782391694e-01   -7.0036784865e-01
 865.0000000   -6.8403460755e-01   -2.7654231725e-01
 870.0000000   -5.6659846485e-01   -2.9449792386e-01
 875.0000000   -2.5030290221e-01   -6.1238742290e-01
 880.0000000   -7.9639088451e-01   -9.1119185503e-02
 885.0000000   -3.5100992997e-01   -4.3246881566e-01
 890.0000000   -4.1549419726e-01   -3.9925588153e-01
 895.0000000   -7.5992778870e-01   -5.0936113031e-02
 900.0000000   -2.1618790997e-01   -4.9190348071e-01
 905.0000000   -6.1258501320e-01   -1.5836074396e-01
 910.0000000   -5.9782736628e-01   -1.2771445845e-01
 915.0000000   -2.1927317534e-01   -4.2165411769e-01
 920.0000000   -7.4135396639e-01    9.8086500695e-03
 925.0000000   -3.9207533303e-01   -2.3382221160e-01
 930.0000000   -3.4622778104e-01   -2.4986599509e-01
 935.0000000   -7.4197271690e-01    5.8761081509e-02
 940.0000000   -2.3832207837e-01   -2.8085517698e-01
 945.0000000   -5.2549885072e-01   -5.6865751077e-02
 950.0000000   -6.1964864648e-01    1.3783889388e-02
 955.0000000   -1.9922993657e-01   -2.3089054752e-01
 960.0000000   -6.6780407645e-01    7.9044413478e-02
 965.0000000   -4.3526242170e-01   -5.5474351904e-02
 970.0000000   -2.7925963745e-01   -1.0995779916e-01
 975.0000000   -7.0920509127e-01    1.2639136660e-01
 980.0000000   -2.7128059210e-01   -8.4947094992e-02
 985.0000000   -4.2974318810e-01    1.9652153858e-02
 990.0000000   -6.3659948836e-01    1.0926189216e-01
 995.0000000   -1.9270872888e-01   -5.4260518466e-02
1000.0000000   -5.7703955105e-01    1.0523356717e-01
1005.0000000   -4.8682668368e-01    7.9305392177e-02
1010.0000000   -2.2170308927e-01    9.9408156187e-03
1015.0000000   -6.5710688742e-01    1.3534480669e-01
1020.0000000   -3.2454568147e-01    7.4176376615e-02
1025.0000000   -3.3448659963e-01    6.3028626685e-02
1030.0000000   -6.4028683647e-01    1.3762781845e-01
1035.0000000   -2.1249214506e-01    9.2409943561e-02
1040.0000000   -4.7738566533e-01    7.9985600335e-02
1045.0000000   -5.3801699218e-01    1.4800554299e-01
1050.0000000   -1.8783736279e-01    1.0111388062e-01
1055.0000000   -5.9139885727e-01    7.3672982628e-02
1060.0000000   -3.9283546464e-01    1.7606014626e-01
1065.0000000   -2.5234363893e-01    6.8840160518e-02
1070.0000000   -6.3409871272e-01    8.1073775574e-02
1075.0000000   -2.5931234298e-01    1.9326330995e-01
1080.0000000   -3.7649574233e-01   -1.9559498237e-03
1085.0000000   -5.9195979263e-01    1.2786549890e-01
1090.0000000   -1.8453110180e-01    1.5357715616e-01
1095.0000000   -5.1279021637e-01   -6.8683189456e-02
1100.0000000   -4.8170699182e-01    1.9770312707e-01
1105.0000000   -1.9398468245e-01    3.2775658714e-02
1110.0000000   -6.1217613121e-01   -7.5924708492e-02
1115.0000000   -3.4297699259e-01    2.3119300097e-01
1120.0000000   -2.8519874975e-01   -1.4142770805e-01
1125.0000000   -6.3906407735e-01    2.6151720460e-04
1130.0000000   -2.2566198525e-01    1.5990648752e-01
1135.0000000   -4.2903088335e-01   -2.9313228031e-01
1140.0000000   -5.8211285294e-01    1.2111784134e-01
1145.0000000   -1.7493823437e-01   -4.3673172179e-02
1150.0000000   -5.7783097957e-01   -3.3939427844e-01
1155.0000000   -4.5896897595e-01    1.9253699709e-01
1160.0000000   -2.1680093775e-01   -3.3256985691e-01
1165.0000000   -6.7929451595e-01   -2.4690940319e-01
1170.0000000   -3.1330869037e-01    1.1354492122e-01
1175.0000000   -3.4742741313e-01   -5.9495114062e-01
1180.0000000   -6.9367331403e-01   -6.9295946561e-02
1185.0000000   -2.0319900160e-01   -1.5883456115e-01
1190.0000000   -5.3030749603e-01   -7.0952205295e-01
1195.0000000   -6.1005129397e-01    6.3765166094e-02
1200.0000000   -1.8211739881e-01   -5.6679353066e-01
1205.0000000   -7.0446100305e-01   -6.1957700633e-01
1210.0000000   -4.5563362068e-01    8.6702829802e-03
1215.0000000   -2.7743399175e-01   -9.6244106273e-01
1220.0000000   -8.0399415660e-01   -3.8313172049e-01
1225.0000000   -2.9213369723e-01   -3.0776738622e-01
1230.0000000   -4.7425243895e-01   -1.1762834957e+00
1235.0000000   -7.8431606769e-01   -1.6399932433e-01
1240.0000000   -1.9686088690e-01   -8.2899622005e-01
1245.0000000   -7.1322043917e-01   -1.1128338263e+00
1250.0000000   -6.4555426429e-01   -1.5761967525e-01
1255.0000000   -2.3248156986e-01   -1.3743290262e+00
1260.0000000   -9.0740123076e-01   -8.2114842729e-01
1265.0000000   -4.4170003593e-01   -4.8344779373e-01
1270.0000000   -4.1613814948e-01   -1.7182375275e+00
1275.0000000   -9.7566118441e-01   -4.9448806146e-01
1280.0000000   -2.6718583407e-01   -1.1012942994e+00
1285.0000000   -7.0230481657e-01   -1.7105662228e+00
1290.0000000   -8.8110343532e-01   -3.8672206597e-01
1295.0000000   -2.2133232672e-01   -1.8043420532e+00
1300.0000000   -9.9130951257e-01   -1.3749966593e+00
1305.0000000   -6.5721770987e-01   -6.7895711882e-01
1310.0000000   -3.6244540049e-01   -2.3059678614e+00
1315.0000000   -1.1658460921e+00   -9.2541467507e-01
1320.0000000   -4.0572017639e-01   -1.3646288659e+00
1325.0000000   -6.7182980086e-01   -2.3866236899e+00
1330.0000000   -1.1440155249e+00   -6.7721655952e-01
1335.0000000   -2.6035145446e-01   -2.2217320960e+00
1340.0000000   -1.0481851291e+00   -2.0267494713e+00
1345.0000000   -9.2586340792e-01   -8.8690385254e-01
1350.0000000   -3.2723089822e-01   -2.9019122537e+00
1355.0000000   -1.3421189379e+00   -1.4480203473e+00
1360.0000000   -6.0812538417e-01   -1.5998693295e+00
1365.0000000   -6.2728864346e-01   -3.1041526016e+00
1370.0000000   -1.4216733773e+00   -1.0255141697e+00
1375.0000000   -3.5285378640e-01   -2.5936906464e+00
1380.0000000   -1.0710603035e+00   -2.7473773284e+00
1385.0000000   -1.2411803548e+00   -1.1012642974e+00
1390.0000000   -3.1697092262e-01   -3.4628863932e+00
1395.0000000   -1.4853772735e+00   -2.0445799175e+00
1400.0000000   -8.7806452133e-01   -1.7905570415e+00
1405.0000000   -5.7216018883e-01   -3.8173488633e+00
1410.0000000   -1.6876348664e+00   -1.4232329486e+00
1415.0000000   -5.1241537342e-01   -2.8888291359e+00
1420.0000000   -1.0555049653e+00   -3.4978003219e+00
1425.0000000   -1.5769145339e+00   -1.3161982357e+00
1430.0000000   -3.5027106700e-01   -3.9441909470e+00
1435.0000000   -1.5821091227e+00   -2.6895394909e+00
1440.0000000   -1.1966305005e+00   -1.9244169249e+00
1445.0000000   -5.2203967270e-01   -4.4755805324e+00
1450.0000000   -1.9227881517e+00   -1.8589603576e+00
1455.0000000   -7.3119519096e-01   -3.0810742373e+00
1460.0000000   -1.0060361193e+00   -4.2315073691e+00
1465.0000000   -1.9153081358e+00   -1.5280666972e+00
1470.0000000   -4.2903146165e-01   -4.3040015434e+00
1475.0000000   -1.6211149844e+00   -3.3491736991e+00
1480.0000000   -1.5549131072e+00   -1.9951945505e+00
1485.0000000   -4.8284329921e-01   -5.0266446062e+00
1490.0000000   -2.1012197393e+00   -2.3154582772e+00
1495.0000000   -1.0136704563e+00   -3.1520925969e+00
1500.0000000   -9.2513257683e-01   -4.8968589981e+00
1505.0000000   -2.2222403684e+00   -1.7328685944e+00
1510.0000000   -5.7020431459e-01   -4.5076605398e+00
1515.0000000   -1.5958032064e+00   -3.9839991952e+00
1520.0000000   -1.9200564787e+00   -2.0027884250e+00
1525.0000000   -4.7736851613e-01   -5.4225687888e+00
1530.0000000   -2.2063049808e+00   -2.7722753048e+00
1535.0000000   -1.3368276043e+00   -3.0942395591e+00
1540.0000000   -8.3138298164e-01   -5.4419272891e+00
1545.0000000   -2.4755983371e+00   -1.9281783201e+00
1550.0000000   -7.6481521071e-01   -4.5317815514e+00
1555.0000000   -1.5110635703e+00   -4.5501566999e+00
1560.0000000   -2.2728194705e+00   -1.9543050344e+00
1565.0000000   -5.0888158247e-01   -5.6234078162e+00
1570.0000000   -2.2242725182e+00   -3.2033435317e+00
1575.0000000   -1.6928381337e+00   -2.9119841154e+00
1580.0000000   -7.3345869846e-01   -5.8177129352e+00
1585.0000000   -2.6447325119e+00   -2.1089921897e+00
1590.0000000   -1.0211588380e+00   -4.3677638906e+00
1595.0000000   -1.3722894180e+00   -5.0024515606e+00
1600.0000000   -2.5737249068e+00   -1.8609407882e+00
1605.0000000   -6.0011488196e-01   -5.6032847077e+00
1610.0000000   -2.1507839703e+00   -3.5798568038e+00
1615.0000000   -2.0446756882e+00   -2.6214432229e+00
1620.0000000   -6.6050661257e-01   -5.9849837003e+00
1625.0000000   -2.7144863294e+00   -2.2697380244e+00
1630.0000000   -1.3147436916e+00   -4.0237601758e+00
1635.0000000   -1.2034375011e+00   -5.2990840467e+00
1640.0000000   -2.8018530955e+00   -1.7386189999e+00
1645.0000000   -7.4403807141e-01   -5.3536787253e+00
1650.0000000   -1.9938711754e+00   -3.8709447918e+00
1655.0000000   -2.3748861291e+00   -2.2504049442e+00
1660.0000000   -6.2092221117e-01   -5.9180198013e+00
1665.0000000   -2.6714890673e+00   -2.4011321547e+00
1670.0000000   -1.6410208769e+00   -3.5257929608e+00
1675.0000000   -1.0204422485e+00   -5.4053433068e+00
1680.0000000   -2.9246773198e+00   -1.6029152835e+00
