#          t             R = ...
   0.0000000    1.1410600000e+00    5.0000000000e+02
   0.0000000    5.4001710809e-20    1.3905099009e-14
   5.0000000   -3.4260740884e-03   -9.6537977573e-02
  10.0000000    2.6787362275e-02   -2.7212530688e-01
  15.0000000    3.3636809020e-03   -3.4340562018e-01
  20.0000000    4.9875729321e-03   -4.7323494279e-01
  25.0000000    5.1205653981e-03   -6.3009534978e-01
  30.0000000    3.0502086290e-05   -6.9272372328e-01
  35.0000000    3.6430273539e-03   -8.5262098509e-01
  40.0000000   -2.6954365216e-03   -9.7838364136e-01
  45.0000000    3.0607626297e-03   -1.0518931604e+00
  50.0000000    1.3007112048e-03   -1.2284453686e+00
