#          t             R = ...
   0.0000000    1.7141400000e+00    5.0000000000e+02
   0.0000000   -4.2775395188e-19   -9.7529025261e-16
   1.2500000   -8.1455732742e-02   -2.4814731887e-01
   2.5000000   -4.1432052515e-02   -5.8376742460e-01
   3.7500000   -2.1988783993e-01   -9.6563885984e-01
   5.0000000   -1.3243975390e-01   -1.2844440306e+00
   6.2500000   -3.7525169737e-01   -1.5235789219e+00
   7.5000000   -2.1998942955e-01   -1.7836399659e+00
   8.7500000   -5.9752861501e-01   -2.1344846309e+00
  10.0000000   -3.2062646852e-01   -2.5123946432e+00
  11.2500000   -7.7870292041e-01   -2.8136993364e+00
  12.5000000   -6.1014858417e-01   -3.0473138306e+00
  13.7500000   -7.3842867631e-01   -3.3217898550e+00
  15.0000000   -1.1072500080e+00   -3.6856880918e+00
  16.2500000   -7.5066882041e-01   -4.0559714346e+00
  17.5000000   -1.2523444783e+00   -4.3399845902e+00
  18.7500000   -1.3285071961e+00   -4.5718580590e+00
  20.0000000   -1.0600983287e+00   -4.8625643478e+00
  21.2500000   -1.6882579575e+00   -5.2367060761e+00
  22.5000000   -1.6226555343e+00   -5.5960402327e+00
  23.7500000   -1.3999929079e+00   -5.8637943310e+00
  25.0000000   -2.0708533566e+00   -6.0978057564e+00
  26.2500000   -2.0213400788e+00   -6.4057869745e+00
  27.5000000   -1.7314969597e+00   -6.7868481256e+00
  28.7500000   -2.4009580740e+00   -7.1324054174e+00
  30.0000000   -2.5124100722e+00   -7.3857132854e+00
  31.2500000   -2.0915217931e+00   -7.6256658132e+00
  32.5000000   -2.6475192408e+00   -7.9511447010e+00
  33.7500000   -3.0453207267e+00   -8.3354351441e+00
  35.0000000   -2.5600990402e+00   -8.6650137999e+00
  36.2500000   -2.8131649040e+00   -8.9063912267e+00
  37.5000000   -3.5083698797e+00   -9.1558393057e+00
  38.7500000   -3.1971105951e+00   -9.4982009797e+00
  40.0000000   -3.0035740417e+00   -9.8818290814e+00
  41.2500000   -3.7698834389e+00   -1.0193957658e+01
  42.5000000   -3.9299465928e+00   -1.0426514976e+01
  43.7500000   -3.4136905812e+00   -1.0688601407e+01
  45.0000000   -3.8244529727e+00   -1.1046414062e+01
  46.2500000   -4.5130681330e+00   -1.1425460985e+01
  47.5000000   -4.1499677932e+00   -1.1719471615e+01
  48.7500000   -3.9272736668e+00   -1.1946778698e+01
  50.0000000   -4.7146558943e+00   -1.2224088522e+01
  51.2500000   -4.9954530675e+00   -1.2595159836e+01
  52.5000000   -4.4335302772e+00   -1.2965856253e+01
  53.7500000   -4.6590394536e+00   -1.3241923459e+01
  55.0000000   -5.4917403670e+00   -1.3467853701e+01
  56.2500000   -5.3493945158e+00   -1.3762291205e+01
  57.5000000   -4.8717430406e+00   -1.4143758262e+01
  58.7500000   -5.4673695642e+00   -1.4502656047e+01
  60.0000000   -6.1291726574e+00   -1.4761799280e+01
  61.2500000   -5.6939856689e+00   -1.4990359009e+01
  62.5000000   -5.4441563899e+00   -1.5303053175e+01
  63.7500000   -6.2598649651e+00   -1.5691502338e+01
  65.0000000   -6.6715206106e+00   -1.6035633938e+01
  66.2500000   -6.0884337238e+00   -1.6279683477e+01
  67.5000000   -6.0958370253e+00   -1.6514833906e+01
  68.7500000   -7.0029095840e+00   -1.6846076515e+01
  70.0000000   -7.1707866335e+00   -1.7237688422e+01
  71.2500000   -6.5469115176e+00   -1.7564707108e+01
  72.5000000   -6.7792031230e+00   -1.7796234467e+01
  73.7500000   -7.6958220447e+00   -1.8041713607e+01
  75.0000000   -7.6666630610e+00   -1.8390932876e+01
  76.2500000   -7.0577608050e+00   -1.8781646659e+01
  77.5000000   -7.4647529264e+00   -1.9089941584e+01
  78.7500000   -8.3531770713e+00   -1.9312157037e+01
  80.0000000   -8.1787287148e+00   -1.9571309088e+01
