#          t             R = ...
   0.0000000    1.1410600000e+00    3.0000000000e+02
   0.0000000   -1.1638216669e-19    1.1507618928e-17
   5.0000000   -8.5636871686e-03   -3.7607532789e-02
  10.0000000    3.6265625230e-03   -1.0747659278e-01
  15.0000000   -6.2575484633e-03   -1.3392396933e-01
  20.0000000   -1.6960370919e-02   -1.8657686573e-01
  25.0000000   -7.4404068720e-03   -2.4740502545e-01
  30.0000000   -1.0714391680e-02   -2.7092347663e-01
  35.0000000   -2.1206915269e-02   -3.3647538425e-01
  40.0000000   -1.4358530489e-02   -3.8286465674e-01
  45.0000000   -1.7358597849e-02   -4.1289692046e-01
  50.0000000   -2.0213095411e-02   -4.8414157292e-01
  55.0000000   -2.2190008451e-02   -5.1633591614e-01
  60.0000000   -2.4493095407e-02   -5.5979721298e-01
  65.0000000   -2.0416479869e-02   -6.2725104352e-01
  70.0000000   -3.3679988129e-02   -6.5106363363e-01
  75.0000000   -2.8812040971e-02   -7.0956699512e-01
  80.0000000   -2.8268348626e-02   -7.6516485346e-01
  85.0000000   -4.3245105256e-02   -7.8977945274e-01
  90.0000000   -3.1314054233e-02   -8.5900531397e-01
  95.0000000   -4.4171862943e-02   -8.9929348702e-01
 100.0000000   -4.6069859246e-02   -9.3370540748e-01
 105.0000000   -3.9739737548e-02   -1.0050595253e+00
 110.0000000   -6.1500118065e-02   -1.0325711483e+00
 115.0000000   -4.5140592716e-02   -1.0820103862e+00
 120.0000000   -5.9247348923e-02   -1.1459361924e+00
 125.0000000   -7.0831668854e-02   -1.1682545352e+00
 130.0000000   -5.0302706172e-02   -1.2320737745e+00
 135.0000000   -8.4556772283e-02   -1.2818031762e+00
 140.0000000   -6.9876997944e-02   -1.3086764597e+00
 145.0000000   -7.0769024283e-02   -1.3805366152e+00
 150.0000000   -1.0298539052e-01   -1.4147836735e+00
 155.0000000   -6.8851184525e-02   -1.4543369373e+00
