#          t             r = ...
   0.0000000    1.7141400000e+00    4.5000000000e+02
   0.0000000    2.6369491005e-05    3.7056522245e-04
   2.5000000    5.3163959188e-05   -1.5270562128e-04
   5.0000000   -9.9683092921e-05   -2.4465823210e-04
   7.5000000   -1.1541781221e-04    3.5451996369e-04
  10.0000000    1.5560424148e-04   -4.7565862497e-05
  12.5000000    2.5908957155e-05   -3.1540567256e-04
  15.0000000   -2.0748344835e-04    3.0743491088e-04
  17.5000000    2.1749244839e-04    6.1971733669e-05
  20.0000000    3.5801730963e-04   -3.5857464129e-04
  22.5000000   -3.1880187067e-04    2.3345135012e-04
  25.0000000    7.9995923155e-05    1.6616085652e-04
  27.5000000    7.6973856272e-04   -3.7042020824e-04
  30.0000000   -9.2564381684e-05    1.3914364748e-04
  32.5000000   -3.5058119824e-04    2.5568548253e-04
  35.0000000    8.7647101575e-04   -3.5001183919e-04
  37.5000000    4.5893272835e-04    3.2649210688e-05
  40.0000000   -6.5599442939e-04    3.2301381998e-04
  42.5000000    5.7353560888e-04   -2.9896713551e-04
  45.0000000    1.1014391849e-03   -7.6680798753e-05
  47.5000000   -5.8028624101e-04    3.6209760686e-04
  50.0000000   -4.1803693203e-05   -2.2183618487e-04
  52.5000000    1.5255445199e-03   -1.7928006317e-04
  55.0000000   -5.0846059084e-05    3.6960212486e-04
  57.5000000   -6.9984003421e-04   -1.2538520047e-04
  60.0000000    1.5010604666e-03   -2.6636166437e-04
  62.5000000    7.9280075226e-04    3.4480755258e-04
  65.0000000   -1.0850605925e-03   -1.7895711940e-05
  67.5000000    9.8291683507e-04   -3.3011865082e-04
  70.0000000    1.6625875893e-03    2.8989420717e-04
  72.5000000   -9.7912123154e-04    9.1096837284e-05
  75.0000000    1.2471042974e-04   -3.6513171054e-04
  77.5000000    2.2428906381e-03    2.0974928007e-04
  80.0000000   -3.3943775311e-04    1.9218906643e-04
  82.5000000   -7.8401820922e-04   -3.6826363908e-04
  85.0000000    2.3066583520e-03    1.1122576812e-04
  87.5000000    6.8746631138e-04    2.7655001155e-04
  90.0000000   -1.4219465393e-03   -3.3921193247e-04
  92.5000000    1.7918460010e-03    3.0303729131e-06
  95.0000000    1.8184863686e-03    3.3670002736e-04
  97.5000000   -1.5413180812e-03   -2.8054402744e-04
 100.0000000    8.2183594705e-04   -1.0552379061e-04
 102.5000000    2.7288357582e-03    3.6750008322e-04
 105.0000000   -1.0484558321e-03   -1.9735061874e-04
 107.5000000   -3.4258356238e-04   -2.0482213524e-04
 110.0000000    3.1447306091e-03    3.6622552056e-04
 112.5000000   -2.4530503340e-05   -9.6962502620e-05
 115.0000000   -1.3718809264e-03   -2.8640815056e-04
 117.5000000    2.9253418446e-03    3.3300442803e-04
 120.0000000    1.2998073439e-03    1.1850735430e-05
 122.5000000   -1.9667842356e-03   -3.7157249382e-04
 125.0000000    2.0975838731e-03    2.4370863341e-04
 127.5000000    2.6088176624e-03    1.1974668810e-04
 130.0000000   -1.9335677360e-03   -3.6929983974e-04
 132.5000000    8.4285186061e-04    1.8473608066e-04
 135.0000000    3.5801135021e-03    2.1711730298e-04
 137.5000000   -1.3082817333e-03   -3.6328815939e-04
 140.0000000   -5.4437144431e-04    5.6303004547e-05
 142.5000000    3.9654377801e-03    2.9544312595e-04
 145.0000000    1.4965424890e-05   -3.2733444353e-04
 147.5000000   -1.7260772352e-03   -6.6047632316e-05
 150.0000000    3.6518775437e-03    3.3595935805e-04
 152.5000000    1.5592780855e-03   -2.6008446935e-04
 155.0000000   -2.4154434748e-03   -1.3316739231e-04
 157.5000000    2.6825771407e-03    3.4655769033e-04
 160.0000000    3.0759248149e-03   -1.7229822836e-04
 162.5000000   -2.4205601318e-03   -2.3022859640e-04
 165.0000000    1.2486233198e-03    3.1924017608e-04
 167.5000000    4.2334247041e-03   -1.0906381554e-04
 170.0000000   -1.6979637311e-03   -3.0441295723e-04
 172.5000000   -3.5602458594e-04    3.1889512306e-04
 175.0000000    4.7773280379e-03    4.1631418959e-05
 177.5000000   -3.5759519444e-04   -3.5329163308e-04
 180.0000000   -1.9381435222e-03    2.4911356979e-04
 182.5000000    4.5723326132e-03    1.5201042225e-04
 185.0000000    1.3600450681e-03   -3.7175042812e-04
 187.5000000   -2.7378470155e-03    1.5832547166e-04
 190.0000000    3.6329444791e-03    2.4042692225e-04
 192.5000000    3.1279023018e-03   -3.5630285925e-04
 195.0000000   -2.9835349079e-03    2.6419994372e-05
 197.5000000    2.1224995422e-03    3.1254206176e-04
 200.0000000    4.6043021406e-03   -3.1140899298e-04
 202.5000000   -2.4360610613e-03   -5.6383725366e-05
 205.0000000    3.2107796699e-04    3.5754530003e-04
 207.5000000    5.4953906515e-03   -2.3855145725e-04
 210.0000000   -1.1604281950e-03   -1.8123016248e-04
 212.5000000   -1.4273166902e-03    3.7114428695e-04
 215.0000000    5.6112092016e-03   -1.4495523643e-04
 217.5000000    6.4332633592e-04   -2.4976054386e-04
 220.0000000   -2.7828625666e-03    3.5443191450e-04
 222.5000000    4.9021205509e-03   -6.1694763344e-05
 225.0000000    2.6584419738e-03   -3.2399211843e-04
 227.5000000   -3.4624053058e-03    3.0278362966e-04
 230.0000000    3.4733586864e-03    7.0884893774e-05
 232.5000000    4.5274228883e-03   -4.0215123175e-04
 235.0000000   -3.3072000687e-03    2.3269641847e-04
 237.5000000    1.5648659412e-03    1.7824679578e-04
 240.0000000    5.9155979167e-03   -4.2937996245e-04
 242.5000000   -2.3047034465e-03    1.3558744846e-04
 245.0000000   -4.9086318602e-04    2.6251681802e-04
 247.5000000    6.5538177824e-03   -3.5090768939e-04
 250.0000000   -5.8928587358e-04    2.3776526553e-05
 252.5000000   -2.3209909004e-03    3.0086532385e-04
 255.0000000    6.3074917953e-03   -2.9163158953e-04
 257.5000000    1.5635275951e-03   -8.5808765736e-05
 260.0000000   -3.5901940938e-03    3.6723363213e-04
 262.5000000    5.1933207736e-03   -2.1243332819e-04
 265.0000000    3.8109384714e-03   -1.8737125795e-04
 267.5000000   -4.0477204464e-03    3.2881810564e-04
 270.0000000    3.3679019926e-03   -1.1691265739e-04
 272.5000000    5.7638486845e-03   -2.7297849604e-04
 275.0000000   -3.5695062657e-03    3.1490644782e-04
 277.5000000    1.1389687067e-03   -5.2183154308e-05
 280.0000000    7.0891154398e-03   -3.3476717840e-04
 282.5000000   -2.1991026360e-03    2.8483773592e-04
 285.0000000   -1.1309954580e-03    5.9216554089e-05
 287.5000000    7.5388368992e-03   -3.6737191952e-04
 290.0000000   -1.2549505283e-04    1.7570231585e-04
 292.5000000   -3.0539393088e-03    1.7788799985e-04
 295.0000000    7.0146002437e-03   -3.8991154477e-04
 297.5000000    2.3377726119e-03    8.0706144374e-05
 300.0000000   -4.2857238552e-03    2.6061135449e-04
 302.5000000    5.5730464233e-03   -3.5820561067e-04
 305.0000000    4.7965114926e-03   -6.8772950310e-05
 307.5000000   -4.5911617647e-03    3.4091640588e-04
 310.0000000    3.4234512263e-03   -2.7537896451e-04
 312.5000000    6.8610304446e-03   -1.1417465148e-04
 315.0000000   -3.8798833870e-03    2.8662657980e-04
 317.5000000    9.0123155676e-04   -2.3205606381e-04
 320.0000000    8.1810729587e-03   -2.1250775117e-04
 322.5000000   -2.2173024792e-03    3.6493802305e-04
 325.0000000   -1.5931979544e-03   -8.9069298647e-05
 327.5000000    8.5243429154e-03   -2.8660991369e-04
 330.0000000    1.5528658687e-04    3.2979187557e-04
 332.5000000   -3.6447925732e-03    2.0761827959e-05
 335.0000000    7.8100313861e-03   -3.4660723032e-04
 337.5000000    2.8993906609e-03    2.6831895943e-04
 340.0000000   -4.9086930923e-03    1.2824524898e-04
 342.5000000    6.1211736048e-03   -3.7054774432e-04
 345.0000000    5.5913660210e-03    1.7757768888e-04
 347.5000000   -5.1509359614e-03    2.2460645226e-04
 350.0000000    3.6945132575e-03   -3.6269755626e-04
 352.5000000    7.8159814144e-03    7.4304285625e-05
 355.0000000   -4.2936835368e-03    2.7446103142e-04
 357.5000000    9.0267299038e-04   -3.2249567730e-04
 360.0000000    9.2112431144e-03   -3.5609111896e-05
 362.5000000   -2.4283896169e-03    3.5180643409e-04
 365.0000000   -1.8356759607e-03   -2.5449454558e-04
 367.5000000    9.5444479229e-03   -1.4205027569e-04
 370.0000000    1.9344611990e-04    3.7154047876e-04
 372.5000000   -4.0823295024e-03   -1.6418029813e-04
 375.0000000    8.7371356681e-03   -2.7734798052e-04
 377.5000000    3.2010400336e-03    3.5158202175e-04
 380.0000000   -5.4691369608e-03   -6.7011078764e-05
 382.5000000    6.8845027654e-03   -3.8485408124e-04
 385.0000000    6.1548222100e-03    2.8411144004e-04
 387.5000000   -5.8808838086e-03    4.9907959268e-05
 390.0000000    4.2351472365e-03   -3.8846070775e-04
 392.5000000    8.6044088668e-03    2.0102735782e-04
 395.0000000   -4.8579515107e-03    1.2859277189e-04
 397.5000000    1.1799821132e-03   -3.7203148653e-04
 400.0000000    1.0172070871e-02    1.0994542320e-04
 402.5000000   -2.8682200465e-03    2.0662451438e-04
 405.0000000   -1.8277985413e-03   -3.9583320832e-04
 407.5000000    1.0605410621e-02    3.9333097513e-06
 410.0000000   -5.1759676131e-05    2.7721371287e-04
 412.5000000   -4.3323999133e-03   -3.4797695380e-04
 415.0000000    9.8121283653e-03   -6.5019778938e-05
 417.5000000    3.1999980824e-03    3.6026385846e-04
 420.0000000   -5.9429304763e-03   -2.3209615179e-04
 422.5000000    7.8822957887e-03   -2.0968671316e-04
 425.0000000    6.4407458389e-03    3.4460083018e-04
 427.5000000   -6.3891551151e-03   -1.3713295833e-04
 430.0000000    5.0672995719e-03   -2.6344420536e-04
 432.5000000    9.1857872435e-03    3.5035226822e-04
 435.0000000   -5.5664757911e-03   -3.0028877348e-05
 437.5000000    1.7772596929e-03   -3.2532765773e-04
 440.0000000    1.1021753938e-02    2.9842220744e-04
 442.5000000   -3.5579106274e-03    7.9721448525e-05
 445.0000000   -1.6617917408e-03   -3.6381208897e-04
 447.5000000    1.1670170861e-02    2.2006650721e-04
