#          t             R = ...
   0.0000000    1.7141400000e+00    3.0000000000e+02
   0.0000000    5.3093083925e-18    3.6393698080e-15
   0.6250000   -9.7927505766e-02   -3.2322015908e-01
   1.2500000    7.1418691243e-02   -8.0071246472e-01
   1.8750000   -2.4715714591e-01   -1.0675949956e+00
   2.5000000    8.9481504133e-02   -1.4658502208e+00
   3.1250000   -3.1950842870e-01   -1.8989204527e+00
   3.7500000    7.6767549470e-02   -2.1502269847e+00
   4.3750000   -3.5683899932e-01   -2.6150452990e+00
   5.0000000    7.6694191105e-02   -2.9730710181e+00
   5.6250000   -3.9676725363e-01   -3.2591583458e+00
   6.2500000    1.0414874265e-01   -3.7529544760e+00
   6.8750000   -4.4850660260e-01   -4.0359743483e+00
   7.5000000    1.4696502843e-01   -4.3949851688e+00
   8.1250000   -4.9262999731e-01   -4.8656878566e+00
   8.7500000    1.7679227783e-01   -5.1058771998e+00
   9.3750000   -5.0322807527e-01   -5.5469008984e+00
  10.0000000    1.6198409781e-01   -5.9493721106e+00
  10.6250000   -4.5307466860e-01   -6.1989716165e+00
  11.2500000    8.0423860506e-02   -6.6967498115e+00
  11.8750000   -3.3237506145e-01   -7.0122219333e+00
  12.5000000   -6.5638542396e-02   -7.3224751049e+00
  13.1250000   -1.5903182273e-01   -7.8263303499e+00
  13.7500000   -2.4046139966e-01   -8.0716217163e+00
  14.3750000    1.5223564913e-02   -8.4712001545e+00
  15.0000000   -3.8620149503e-01   -8.9250052793e+00
  15.6250000    1.2689179492e-01   -9.1472650558e+00
  16.2500000   -4.3923346590e-01   -9.6291616706e+00
  16.8750000    1.2546198190e-01   -9.9944627970e+00
  17.5000000   -3.6953259649e-01   -1.0253066859e+01
  18.1250000    5.0206056305e-03   -1.0775727805e+01
  18.7500000   -2.0016463918e-01   -1.1048559526e+01
  19.3750000   -1.8288857955e-01   -1.1391149584e+01
  20.0000000   -7.4578753499e-03   -1.1893930693e+01
  20.6250000   -3.4597658545e-01   -1.2108141326e+01
  21.2500000    1.1225327891e-01   -1.2550449677e+01
  21.8750000   -3.9831068781e-01   -1.2977595713e+01
  22.5000000    9.5113789949e-02   -1.3192794713e+01
  23.1250000   -3.0832628150e-01   -1.3710673841e+01
  23.7500000   -5.1984074058e-02   -1.4034331204e+01
  24.3750000   -1.2247555327e-01   -1.4312794099e+01
  25.0000000   -2.4691125942e-01   -1.4850174251e+01
  25.6250000    5.2627403198e-02   -1.5083018033e+01
  26.2500000   -3.7551143392e-01   -1.5464528900e+01
  26.8750000    1.1076038133e-01   -1.5954676021e+01
  27.5000000   -3.5656084463e-01   -1.6146629605e+01
  28.1250000    1.1263391059e-02   -1.6631383523e+01
  28.7500000   -1.9848703748e-01   -1.7023352034e+01
  29.3750000   -1.8744775445e-01   -1.7243126630e+01
  30.0000000   -1.8920545066e-03   -1.7789900562e+01
  30.6250000   -3.6213206801e-01   -1.8069703883e+01
  31.2500000    1.0199876043e-01   -1.8378030481e+01
  31.8750000   -3.9480790417e-01   -1.8918925463e+01
  32.5000000    3.2457972384e-02   -1.9116718905e+01
  33.1250000   -2.5868640093e-01   -1.9541714580e+01
  33.7500000   -1.7606706907e-01   -2.0008164289e+01
  34.3750000   -4.6500453908e-02   -2.0188051724e+01
  35.0000000   -3.8883716733e-01   -2.0712656423e+01
  35.6250000    8.4838976590e-02   -2.1062712281e+01
  36.2500000   -4.5689072439e-01   -2.1298620946e+01
  36.8750000    1.9514109547e-02   -2.1865550680e+01
  37.5000000   -3.2417291830e-01   -2.2101613536e+01
  38.1250000   -2.2426498290e-01   -2.2448347790e+01
  38.7500000   -8.7769459199e-02   -2.2981214718e+01
  39.3750000   -4.8624213790e-01   -2.3150827834e+01
  40.0000000    5.4588026822e-02   -2.3621627661e+01
  40.6250000   -5.7177644927e-01   -2.4054413134e+01
  41.2500000   -4.9504598268e-02   -2.4233211329e+01
  41.8750000   -4.0956654381e-01   -2.4792931013e+01
  42.5000000   -3.7017109429e-01   -2.5096435199e+01
  43.1250000   -1.3632620862e-01   -2.5359378521e+01
  43.7500000   -6.8784134476e-01   -2.5936517497e+01
  44.3750000   -1.6064407569e-02   -2.6131237614e+01
  45.0000000   -7.5490643503e-01   -2.6523081219e+01
  45.6250000   -2.2548031872e-01   -2.7036563558e+01
  46.2500000   -5.1920607696e-01   -2.7186466819e+01
  46.8750000   -6.7243635491e-01   -2.7703069214e+01
  47.5000000   -2.1461922658e-01   -2.8093729995e+01
  48.1250000   -1.0296499281e+00   -2.8282729499e+01
  48.7500000   -1.9540587436e-01   -2.8870907097e+01
  49.3750000   -1.0084697763e+00   -2.9125476461e+01
  50.0000000   -6.1008180640e-01   -2.9425268399e+01
  50.6250000   -6.5961808069e-01   -3.0001868209e+01
  51.2500000   -1.2081922119e+00   -3.0159802472e+01
  51.8750000   -3.9363111101e-01   -3.0601381389e+01
  52.5000000   -1.5202452740e+00   -3.1084735592e+01
  53.1250000   -6.2538193447e-01   -3.1224658755e+01
  53.7500000   -1.3114579762e+00   -3.1784773333e+01
  54.3750000   -1.3356803119e+00   -3.2126643559e+01
  55.0000000   -8.8099365510e-01   -3.2337031674e+01
  55.6250000   -2.0102657397e+00   -3.2945357252e+01
  56.2500000   -8.4124540831e-01   -3.3150915387e+01
  56.8750000   -2.1101485266e+00   -3.3495949432e+01
  57.5000000   -1.5047400787e+00   -3.4060852034e+01
  58.1250000   -1.6668326135e+00   -3.4188522436e+01
  58.7500000   -2.4835588454e+00   -3.4682256370e+01
  59.3750000   -1.3505270044e+00   -3.5125716396e+01
  60.0000000   -3.0059708980e+00   -3.5266291206e+01
  60.6250000   -1.8250473801e+00   -3.5865452650e+01
  61.2500000   -2.7284693158e+00   -3.6153862921e+01
  61.8750000   -2.9917647238e+00   -3.6396341088e+01
  62.5000000   -2.2054517995e+00   -3.7015160651e+01
  63.1250000   -3.9756179643e+00   -3.7173906212e+01
  63.7500000   -2.3977396724e+00   -3.7570890180e+01
  64.3750000   -4.0239387163e+00   -3.8112912569e+01
  65.0000000   -3.6071365012e+00   -3.8218557426e+01
  65.6250000   -3.4190128146e+00   -3.8764608103e+01
  66.2500000   -5.0200033025e+00   -3.9159702141e+01
  66.8750000   -3.2956359791e+00   -3.9312091870e+01
  67.5000000   -5.5181516834e+00   -3.9943837733e+01
  68.1250000   -4.4075695444e+00   -4.0176247786e+01
  68.7500000   -4.9762117084e+00   -4.0460677569e+01
  69.3750000   -6.1688998142e+00   -4.1079332345e+01
  70.0000000   -4.5528855404e+00   -4.1195640662e+01
  70.6250000   -7.1768749573e+00   -4.1649389198e+01
  71.2500000   -5.4533423513e+00   -4.2157698134e+01
  71.8750000   -6.8243933694e+00   -4.2250980546e+01
  72.5000000   -7.4429716125e+00   -4.2847265826e+01
  73.1250000   -6.1572657259e+00   -4.3187088927e+01
  73.7500000   -8.9554817213e+00   -4.3362611593e+01
  74.3750000   -6.7657277258e+00   -4.4018711661e+01
  75.0000000   -8.8962079797e+00   -4.4194781775e+01
  75.6250000   -8.8498071614e+00   -4.4529860893e+01
  76.2500000   -8.0623895807e+00   -4.5137047295e+01
  76.8750000   -1.0819379750e+01   -4.5217315356e+01
  77.5000000   -8.3286774445e+00   -4.5730596680e+01
  78.1250000   -1.1115071331e+01   -4.6195067679e+01
  78.7500000   -1.0380212361e+01   -4.6286751306e+01
  79.3750000   -1.0179383737e+01   -4.6929017882e+01
  80.0000000   -1.2720468821e+01   -4.7208459435e+01
  80.6250000   -1.0077167112e+01   -4.7418212743e+01
  81.2500000   -1.3372662984e+01   -4.8088940652e+01
  81.8750000   -1.1984161216e+01   -4.8210545374e+01
  82.5000000   -1.2375684123e+01   -4.8603518113e+01
  83.1250000   -1.4577616598e+01   -4.9187659204e+01
  83.7500000   -1.1900043587e+01   -4.9240101186e+01
  84.3750000   -1.5536977194e+01   -4.9813537814e+01
  85.0000000   -1.3573864907e+01   -5.0225091537e+01
  85.6250000   -1.4499491986e+01   -5.0326692585e+01
  86.2500000   -1.6290997570e+01   -5.1008642548e+01
  86.8750000   -1.3664767049e+01   -5.1224565790e+01
  87.5000000   -1.7478551639e+01   -5.1479061992e+01
  88.1250000   -1.5039627525e+01   -5.2153501266e+01
  88.7500000   -1.6401754718e+01   -5.2224687381e+01
  89.3750000   -1.7759013596e+01   -5.2681094594e+01
  90.0000000   -1.5226404590e+01   -5.3230714377e+01
  90.6250000   -1.9079338556e+01   -5.3265113794e+01
  91.2500000   -1.6266104313e+01   -5.3897137928e+01
  91.8750000   -1.7940988337e+01   -5.4248047043e+01
  92.5000000   -1.8888582800e+01   -5.4371470774e+01
  93.1250000   -1.6447824725e+01   -5.5084938075e+01
  93.7500000   -2.0238528399e+01   -5.5236308574e+01
  94.3750000   -1.7150086253e+01   -5.5545127171e+01
  95.0000000   -1.8999256389e+01   -5.6211504381e+01
  95.6250000   -1.9606786414e+01   -5.6238394858e+01
  96.2500000   -1.7221380627e+01   -5.6761868572e+01
  96.8750000   -2.0887669325e+01   -5.7265960846e+01
  97.5000000   -1.7624039852e+01   -5.7293385193e+01
  98.1250000   -1.9506380023e+01   -5.7980249300e+01
  98.7500000   -1.9884081959e+01   -5.8264409346e+01
  99.3750000   -1.7499500003e+01   -5.8421579150e+01
 100.0000000   -2.1015295829e+01   -5.9156751873e+01
 100.6250000   -1.7684461264e+01   -5.9244712419e+01
 101.2500000   -1.9467140140e+01   -5.9616178212e+01
 101.8750000   -1.9756819989e+01   -6.0262215959e+01
 102.5000000   -1.7318925197e+01   -6.0252862076e+01
 103.1250000   -2.0685629279e+01   -6.0844969097e+01
 103.7500000   -1.7407690459e+01   -6.1293352924e+01
 104.3750000   -1.8974626193e+01   -6.1325837014e+01
 105.0000000   -1.9335012178e+01   -6.2061679394e+01
 105.6250000   -1.6805963028e+01   -6.2274837791e+01
 106.2500000   -2.0042210291e+01   -6.2477324815e+01
 106.8750000   -1.6947307749e+01   -6.3223008543e+01
 107.5000000   -1.8207524821e+01   -6.3250898782e+01
 108.1250000   -1.8799138450e+01   -6.3691792237e+01
 108.7500000   -1.6163130476e+01   -6.4305074440e+01
 109.3750000   -1.9297212997e+01   -6.4269259151e+01
 110.0000000   -1.6519600607e+01   -6.4929397168e+01
 110.6250000   -1.7404668213e+01   -6.5313051323e+01
 111.2500000   -1.8378707627e+01   -6.5363255991e+01
 111.8750000   -1.5641503516e+01   -6.6140220114e+01
 112.5000000   -1.8697688074e+01   -6.6280158298e+01
 113.1250000   -1.6371871030e+01   -6.6538819578e+01
 113.7500000   -1.6828091654e+01   -6.7282736388e+01
 114.3750000   -1.8312743811e+01   -6.7256056552e+01
 115.0000000   -1.5500093801e+01   -6.7771362822e+01
 115.6250000   -1.8481450790e+01   -6.8339704563e+01
 116.2500000   -1.6736646352e+01   -6.8288701108e+01
 116.8750000   -1.6716212564e+01   -6.9014049754e+01
 117.5000000   -1.8799720969e+01   -6.9325418893e+01
 118.1250000   -1.5956104258e+01   -6.9406272296e+01
 118.7500000   -1.8827551971e+01   -7.0214677613e+01
 119.3750000   -1.7778523295e+01   -7.0281342161e+01
 120.0000000   -1.7234507656e+01   -7.0605975057e+01
 120.6250000   -1.9947357148e+01   -7.1335091902e+01
 121.2500000   -1.7134215505e+01   -7.1261411157e+01
 121.8750000   -1.9811008346e+01   -7.1854113363e+01
 122.5000000   -1.9546748778e+01   -7.2365927343e+01
 123.1250000   -1.8433898116e+01   -7.2312218078e+01
 123.7500000   -2.1733567145e+01   -7.3097746311e+01
 124.3750000   -1.9027936182e+01   -7.3331012096e+01
 125.0000000   -2.1373672552e+01   -7.3455341264e+01
 125.6250000   -2.1945158594e+01   -7.4283902088e+01
 126.2500000   -2.0227548040e+01   -7.4279481710e+01
 126.8750000   -2.3990992131e+01   -7.4678502247e+01
 127.5000000   -2.1485161353e+01   -7.5379381771e+01
 128.1250000   -2.3321184670e+01   -7.5268192833e+01
 128.7500000   -2.4732426979e+01   -7.5939114368e+01
 129.3750000   -2.2398788516e+01   -7.6383765979e+01
 130.0000000   -2.6423538248e+01   -7.6340727309e+01
 130.6250000   -2.4226731410e+01   -7.7179257291e+01
 131.2500000   -2.5354444959e+01   -7.7330568342e+01
 131.8750000   -2.7554931647e+01   -7.7510728963e+01
 132.5000000   -2.4640797067e+01   -7.8346816940e+01
 133.1250000   -2.8658018107e+01   -7.8275763299e+01
 133.7500000   -2.6895220436e+01   -7.8755915614e+01
 134.3750000   -2.7131523345e+01   -7.9415081858e+01
 135.0000000   -3.0013535162e+01   -7.9277604709e+01
 135.6250000   -2.6622907756e+01   -8.0025304369e+01
 136.2500000   -3.0323755857e+01   -8.0393447499e+01
 136.8750000   -2.9131691896e+01   -8.0375007597e+01
 137.5000000   -2.8350227002e+01   -8.1257334094e+01
 138.1250000   -3.1750926589e+01   -8.1324989371e+01
 138.7500000   -2.8073331792e+01   -8.1572501979e+01
 139.3750000   -3.1144271768e+01   -8.2402446695e+01
 140.0000000   -3.0659957075e+01   -8.2271438134e+01
 140.6250000   -2.8833192683e+01   -8.2837541721e+01
 141.2500000   -3.2540214421e+01   -8.3441852736e+01
 141.8750000   -2.8853392753e+01   -8.3290791357e+01
 142.5000000   -3.1018991841e+01   -8.4111514082e+01
 143.1250000   -3.1359342904e+01   -8.4395400010e+01
 143.7500000   -2.8589586568e+01   -8.4415676700e+01
 144.3750000   -3.2352972283e+01   -8.5330739829e+01
 145.0000000   -2.9005959679e+01   -8.5315320959e+01
 145.6250000   -3.0069760101e+01   -8.5640521671e+01
 146.2500000   -3.1305869327e+01   -8.6449943042e+01
 146.8750000   -2.7836754818e+01   -8.6267791510e+01
 147.5000000   -3.1383215602e+01   -8.6922532239e+01
 148.1250000   -2.8759817356e+01   -8.7459551355e+01
 148.7500000   -2.8636598511e+01   -8.7308808459e+01
 149.3750000   -3.0762788062e+01   -8.8196493320e+01
 150.0000000   -2.6967039694e+01   -8.8390245544e+01
 150.6250000   -3.0016856659e+01   -8.8463172235e+01
 151.2500000   -2.8479660366e+01   -8.9398280240e+01
 151.8750000   -2.7214638263e+01   -8.9302729270e+01
 152.5000000   -3.0119716765e+01   -8.9714443070e+01
