#          t             R = ...
   0.0000000    1.1410600000e+00    3.0000000000e+02
   0.0000000    1.1128040101e-19   -6.7047824676e-16
   5.0000000   -8.6251202137e-03   -3.7614828764e-02
  10.0000000    3.3671563488e-03   -1.0766099547e-01
  15.0000000   -3.2869425620e-03   -1.3415263083e-01
  20.0000000   -4.9478733589e-03   -1.8682922782e-01
  25.0000000   -2.8758243549e-03   -2.4783465684e-01
  30.0000000   -3.5983311648e-03   -2.7124153613e-01
  35.0000000   -6.2177731373e-03   -3.3678358631e-01
  40.0000000   -4.7544194423e-03   -3.8335393270e-01
  45.0000000   -4.9184749684e-03   -4.1315675485e-01
  50.0000000   -5.3762146469e-03   -4.8437956922e-01
  55.0000000   -5.6148020905e-03   -5.1657689397e-01
  60.0000000   -6.5977127490e-03   -5.5971840424e-01
  65.0000000   -4.6860043254e-03   -6.2734591477e-01
  70.0000000   -8.9431407812e-03   -6.5103053540e-01
  75.0000000   -7.4577210671e-03   -7.0926470125e-01
  80.0000000   -6.8543779449e-03   -7.6532418747e-01
  85.0000000   -1.2126881678e-02   -7.8966919447e-01
  90.0000000   -6.9830222281e-03   -8.5869738142e-01
  95.0000000   -1.1943871873e-02   -8.9953168181e-01
 100.0000000   -1.2133631256e-02   -9.3345374021e-01
 105.0000000   -8.5511375413e-03   -1.0047175816e+00
 110.0000000   -1.7673548057e-02   -1.0326556549e+00
 115.0000000   -9.9988405117e-03   -1.0814741676e+00
 120.0000000   -1.5010227706e-02   -1.1455792821e+00
 125.0000000   -1.9953467015e-02   -1.1681555866e+00
 130.0000000   -9.9502124527e-03   -1.2314347196e+00
 135.0000000   -2.4144105808e-02   -1.2816835713e+00
 140.0000000   -1.7198596182e-02   -1.3086112726e+00
 145.0000000   -1.6356715697e-02   -1.3801406413e+00
 150.0000000   -3.0105287764e-02   -1.4150698575e+00
 155.0000000   -1.3727611503e-02   -1.4544168702e+00
 160.0000000   -2.9113547263e-02   -1.5246210969e+00
 165.0000000   -2.8595746063e-02   -1.5487501053e+00
 170.0000000   -1.6950494421e-02   -1.6038370926e+00
 175.0000000   -4.1718393148e-02   -1.6635312115e+00
 180.0000000   -2.1826452312e-02   -1.6857407199e+00
 185.0000000   -3.0705729703e-02   -1.7537823972e+00
 190.0000000   -4.5754278888e-02   -1.7977519272e+00
 195.0000000   -1.8741394796e-02   -1.8278696410e+00
 200.0000000   -5.0310342384e-02   -1.9009400446e+00
 205.0000000   -3.8619466825e-02   -1.9300302614e+00
 210.0000000   -2.8654569713e-02   -1.9749943422e+00
 215.0000000   -6.4388327252e-02   -2.0430079864e+00
 220.0000000   -2.7920901859e-02   -2.0638912796e+00
 225.0000000   -5.2473443924e-02   -2.1249628961e+00
 230.0000000   -6.3295831652e-02   -2.1795423930e+00
 235.0000000   -2.7613723678e-02   -2.2022235044e+00
 240.0000000   -7.9352429156e-02   -2.2743690490e+00
 245.0000000   -4.8496989061e-02   -2.3121465946e+00
 250.0000000   -4.7395681245e-02   -2.3461549401e+00
 255.0000000   -9.2922954460e-02   -2.4198864564e+00
 260.0000000   -3.4520427684e-02   -2.4439503243e+00
 265.0000000   -8.3017632585e-02   -2.4946443600e+00
 270.0000000   -8.3979138859e-02   -2.5596069433e+00
 275.0000000   -4.0066143341e-02   -2.5784524561e+00
 280.0000000   -1.1611025733e-01   -2.6448427212e+00
 285.0000000   -6.0212602567e-02   -2.6938068081e+00
 290.0000000   -7.3380156825e-02   -2.7181750829e+00
 295.0000000   -1.2591341623e-01   -2.7931598658e+00
 300.0000000   -4.4175262654e-02   -2.8248954463e+00
 305.0000000   -1.2281134101e-01   -2.8636653051e+00
 310.0000000   -1.0571572172e-01   -2.9366167207e+00
 315.0000000   -5.8569253355e-02   -2.9565100461e+00
 320.0000000   -1.6142714835e-01   -3.0132167781e+00
 325.0000000   -7.1617063298e-02   -3.0739875203e+00
 330.0000000   -1.0812914212e-01   -3.0921185992e+00
 335.0000000   -1.6485301368e-01   -3.1634445996e+00
 340.0000000   -5.5061207937e-02   -3.2062808170e+00
 345.0000000   -1.7187677526e-01   -3.2336511112e+00
 350.0000000   -1.3083550813e-01   -3.3105231056e+00
 355.0000000   -8.1732180414e-02   -3.3364034118e+00
 360.0000000   -2.1381205897e-01   -3.3808351503e+00
 365.0000000   -8.5685565351e-02   -3.4520373202e+00
 370.0000000   -1.5076278171e-01   -3.4686079074e+00
 375.0000000   -2.0714324919e-01   -3.5309845200e+00
 380.0000000   -7.0027507261e-02   -3.5860771187e+00
 385.0000000   -2.3009349498e-01   -3.6049951001e+00
 390.0000000   -1.5626872269e-01   -3.6822304882e+00
 395.0000000   -1.1136262459e-01   -3.7193639720e+00
 400.0000000   -2.7424307966e-01   -3.7482635727e+00
 405.0000000   -9.9199072108e-02   -3.8221619475e+00
 410.0000000   -2.0137642533e-01   -3.8431267765e+00
 415.0000000   -2.5518128389e-01   -3.8993923142e+00
 420.0000000   -8.5944064146e-02   -3.9714870025e+00
 425.0000000   -2.9569585073e-01   -3.9841450232e+00
 430.0000000   -1.8548718529e-01   -4.0511944034e+00
 435.0000000   -1.4458360963e-01   -4.1000069101e+00
 440.0000000   -3.3960174349e-01   -4.1096965800e+00
 445.0000000   -1.1591531965e-01   -4.1726604239e+00
 450.0000000   -2.5773805714e-01   -4.2074099695e+00
 455.0000000   -3.0505153551e-01   -4.2742450967e+00
 460.0000000   -1.0560076886e-01   -4.3707172223e+00
 465.0000000   -3.6780312199e-01   -4.3810923542e+00
 470.0000000   -2.1425460594e-01   -4.4406647065e+00
 475.0000000   -1.8215406153e-01   -4.5067401297e+00
 480.0000000   -4.1097274779e-01   -4.4746606113e+00
 485.0000000   -1.3139563958e-01   -4.4914570279e+00
 490.0000000   -3.1820342246e-01   -4.5399849314e+00
 495.0000000   -3.5998243991e-01   -4.5925666318e+00
 500.0000000   -1.2441639939e-01   -4.6692968565e+00
 505.0000000   -4.4273091433e-01   -4.7264819982e+00
 510.0000000   -2.4721685237e-01   -4.8671490961e+00
 515.0000000   -2.1964341692e-01   -4.9740561680e+00
 520.0000000   -4.8342999490e-01   -4.9413733348e+00
 525.0000000   -1.5019262113e-01   -5.0153745922e+00
 530.0000000   -3.7922308043e-01   -5.0696714954e+00
 535.0000000   -4.1456256943e-01   -4.9576621105e+00
 540.0000000   -1.4516981187e-01   -4.9548246206e+00
 545.0000000   -5.1889742562e-01   -5.0165041304e+00
 550.0000000   -2.7892110469e-01   -4.9955987830e+00
 555.0000000   -2.5695099562e-01   -5.0233460592e+00
 560.0000000   -5.5819386623e-01   -5.1478502304e+00
 565.0000000   -1.6681819694e-01   -5.2848047571e+00
 570.0000000   -4.3765554971e-01   -5.3415051780e+00
 575.0000000   -4.7279835594e-01   -5.4484891478e+00
 580.0000000   -1.6225489159e-01   -5.6412889165e+00
 585.0000000   -5.9081231228e-01   -5.6437799737e+00
 590.0000000   -3.1500590995e-01   -5.6492395723e+00
 595.0000000   -2.8864796062e-01   -5.8056391408e+00
 600.0000000   -6.2862166504e-01   -5.7400507032e+00
 605.0000000   -1.8670555808e-01   -5.6695005564e+00
 610.0000000   -4.8916145452e-01   -5.7906350559e+00
 615.0000000   -5.2790924679e-01   -5.7187713909e+00
 620.0000000   -1.7897904046e-01   -5.6494039645e+00
 625.0000000   -6.5644857883e-01   -5.7672771008e+00
 630.0000000   -3.4903379067e-01   -5.7471501795e+00
 635.0000000   -3.1464858330e-01   -5.7227772251e+00
 640.0000000   -6.9586630756e-01   -5.8465307558e+00
 645.0000000   -2.0372082029e-01   -5.8975957945e+00
 650.0000000   -5.3006976060e-01   -5.9134299927e+00
 655.0000000   -5.8423652720e-01   -6.0321037514e+00
 660.0000000   -1.8943539880e-01   -6.1446771867e+00
 665.0000000   -7.0937011844e-01   -6.1695238441e+00
 670.0000000   -3.8744523882e-01   -6.2696735280e+00
 675.0000000   -3.2955243162e-01   -6.4188817216e+00
 680.0000000   -7.5207049829e-01   -6.4176363660e+00
 685.0000000   -2.2451224602e-01   -6.4947434554e+00
 690.0000000   -5.5625339153e-01   -6.6530613125e+00
 695.0000000   -6.3376159351e-01   -6.6049926265e+00
 700.0000000   -1.9841974190e-01   -6.6678551694e+00
 705.0000000   -7.4774976872e-01   -6.8141404601e+00
 710.0000000   -4.2289822148e-01   -6.7203006755e+00
 715.0000000   -3.3479046113e-01   -6.7849440248e+00
 720.0000000   -7.9849886219e-01   -6.9057319105e+00
 725.0000000   -2.4276459862e-01   -6.7844422522e+00
 730.0000000   -5.6523767652e-01   -6.8648260902e+00
 735.0000000   -6.8097283246e-01   -6.9546382497e+00
 740.0000000   -2.0074569321e-01   -6.8327836020e+00
 745.0000000   -7.6565580378e-01   -6.9348365784e+00
 750.0000000   -4.6232528299e-01   -6.9960060067e+00
 755.0000000   -3.2639947104e-01   -6.8981757007e+00
 760.0000000   -8.2697700166e-01   -7.0173000540e+00
 765.0000000   -2.6638426418e-01   -7.0581348410e+00
 770.0000000   -5.5454168742e-01   -6.9983021799e+00
 775.0000000   -7.1695804979e-01   -7.1228792363e+00
 780.0000000   -2.0344535981e-01   -7.1560508857e+00
 785.0000000   -7.6251528856e-01   -7.1354178919e+00
 790.0000000   -4.9757165220e-01   -7.2543473839e+00
 795.0000000   -3.0882170546e-01   -7.2938024669e+00
 800.0000000   -8.3923927588e-01   -7.3022819598e+00
 805.0000000   -2.8907392437e-01   -7.4101854698e+00
 810.0000000   -5.2482888043e-01   -7.4649409158e+00
 815.0000000   -7.4602766320e-01   -7.4846431393e+00
 820.0000000   -2.0267766642e-01   -7.5838969371e+00
 825.0000000   -7.3483859196e-01   -7.6542994394e+00
 830.0000000   -5.3542033716e-01   -7.6672252377e+00
 835.0000000   -2.8068643996e-01   -7.7677391889e+00
 840.0000000   -8.2826469454e-01   -7.8457961972e+00
 845.0000000   -3.1950656774e-01   -7.8418826003e+00
 850.0000000   -4.7675191864e-01   -7.9559548338e+00
 855.0000000   -7.5916560836e-01   -8.0258336175e+00
 860.0000000   -2.0783315701e-01   -8.0057992300e+00
 865.0000000   -6.8470036020e-01   -8.1411090886e+00
 870.0000000   -5.6701519326e-01   -8.1837442761e+00
 875.0000000   -2.5040652489e-01   -8.1595099536e+00
 880.0000000   -7.9716806470e-01   -8.3153837864e+00
 885.0000000   -3.5116386863e-01   -8.3165111523e+00
 890.0000000   -4.1583262636e-01   -8.3076819873e+00
 895.0000000   -7.6062351451e-01   -8.4729428350e+00
 900.0000000   -2.1620319313e-01   -8.4282367929e+00
 905.0000000   -6.1317443837e-01   -8.4543483222e+00
 910.0000000   -5.9829470323e-01   -8.6088775992e+00
 915.0000000   -2.1933283395e-01   -8.5266968881e+00
 920.0000000   -7.4208526729e-01   -8.6003069895e+00
 925.0000000   -3.9228187125e-01   -8.7215337785e+00
 930.0000000   -3.4648088741e-01   -8.6222529530e+00
 935.0000000   -7.4267189484e-01   -8.7439378522e+00
 940.0000000   -2.3835756638e-01   -8.8141042257e+00
 945.0000000   -5.2599147006e-01   -8.7247257951e+00
 950.0000000   -6.2016363912e-01   -8.8816250230e+00
 955.0000000   -1.9925493583e-01   -8.8939070612e+00
 960.0000000   -6.6846514658e-01   -8.8405152939e+00
 965.0000000   -4.3553200407e-01   -9.0097337769e+00
 970.0000000   -2.7942567858e-01   -8.9711806881e+00
 975.0000000   -7.0988822646e-01   -8.9712641678e+00
 980.0000000   -2.7135483753e-01   -9.1263626873e+00
 985.0000000   -4.3012486147e-01   -9.0561337680e+00
 990.0000000   -6.3715505605e-01   -9.1133617952e+00
 995.0000000   -1.9271715365e-01   -9.2320670896e+00
1000.0000000   -5.7760815955e-01   -9.1559819841e+00
1005.0000000   -4.8716787598e-01   -9.2596625540e+00
1010.0000000   -2.2179119072e-01   -9.3304659294e+00
1015.0000000   -6.5775222565e-01   -9.2737879162e+00
1020.0000000   -3.2468018057e-01   -9.4030878601e+00
1025.0000000   -3.3475264320e-01   -9.4282697205e+00
1030.0000000   -6.4087133455e-01   -9.4087687832e+00
1035.0000000   -2.1251040868e-01   -9.5397498174e+00
1040.0000000   -4.7784452954e-01   -9.5334869149e+00
1045.0000000   -5.3843502157e-01   -9.5567612489e+00
1050.0000000   -1.8786845307e-01   -9.6695152508e+00
1055.0000000   -5.9198396101e-01   -9.6518736014e+00
1060.0000000   -3.9305299392e-01   -9.7107327924e+00
1065.0000000   -2.5250098037e-01   -9.7946659542e+00
1070.0000000   -6.3469573399e-01   -9.7843765299e+00
1075.0000000   -2.5937432622e-01   -9.8629988067e+00
1080.0000000   -3.7683518677e-01   -9.9189811838e+00
1085.0000000   -5.9245468974e-01   -9.9277465626e+00
1090.0000000   -1.8453856750e-01   -1.0008733370e+01
1095.0000000   -5.1329407775e-01   -1.0047056676e+01
1100.0000000   -4.8202881343e-01   -1.0076732301e+01
1105.0000000   -1.9405408424e-01   -1.0147723923e+01
1110.0000000   -6.1276510575e-01   -1.0182353041e+01
1115.0000000   -3.4312140816e-01   -1.0225640706e+01
1120.0000000   -2.8541981469e-01   -1.0283080462e+01
1125.0000000   -6.3962935625e-01   -1.0324902888e+01
1130.0000000   -2.2569028345e-01   -1.0369676323e+01
1135.0000000   -4.2943673184e-01   -1.0418949805e+01
1140.0000000   -5.8255588278e-01   -1.0471165993e+01
1145.0000000   -1.7495477897e-01   -1.0506931917e+01
1150.0000000   -5.7838844950e-01   -1.0558997284e+01
1155.0000000   -4.5923615015e-01   -1.0616189590e+01
1160.0000000   -2.1691755410e-01   -1.0639561178e+01
1165.0000000   -6.7991613254e-01   -1.0704904809e+01
1170.0000000   -3.1341112810e-01   -1.0755590359e+01
1175.0000000   -3.4772557117e-01   -1.0772243632e+01
1180.0000000   -6.9424682614e-01   -1.0854747737e+01
1185.0000000   -2.0321190406e-01   -1.0886714284e+01
1190.0000000   -5.3080917329e-01   -1.0909344387e+01
1195.0000000   -6.1047859208e-01   -1.1003104060e+01
1200.0000000   -1.8215840529e-01   -1.1009838793e+01
1205.0000000   -7.0511730604e-01   -1.1053106135e+01
1210.0000000   -4.5586806951e-01   -1.1143690994e+01
1215.0000000   -2.7762522376e-01   -1.1129028272e+01
1220.0000000   -8.0469711547e-01   -1.1203077851e+01
1225.0000000   -2.9220384011e-01   -1.1272604803e+01
1230.0000000   -4.7467625947e-01   -1.1251122027e+01
1235.0000000   -7.8493322928e-01   -1.1355853472e+01
1240.0000000   -1.9687019012e-01   -1.1389774305e+01
1245.0000000   -7.1388320499e-01   -1.1382413286e+01
1250.0000000   -6.4597807929e-01   -1.1505234623e+01
1255.0000000   -2.3257950479e-01   -1.1498724051e+01
1260.0000000   -9.0822024844e-01   -1.1525455248e+01
1265.0000000   -4.4189636442e-01   -1.1644175738e+01
1270.0000000   -4.1646748690e-01   -1.1605868462e+01
1275.0000000   -9.7648535854e-01   -1.1678063742e+01
1280.0000000   -2.6722164704e-01   -1.1768010572e+01
1285.0000000   -7.0294127103e-01   -1.1718998478e+01
1290.0000000   -8.8176699285e-01   -1.1834061003e+01
1295.0000000   -2.2136571387e-01   -1.1876772400e+01
1300.0000000   -9.9221806179e-01   -1.1844627814e+01
1305.0000000   -6.5761142735e-01   -1.1985093760e+01
1310.0000000   -3.6267312341e-01   -1.1975565587e+01
1315.0000000   -1.1668777489e+00   -1.1985338668e+01
1320.0000000   -4.0585182982e-01   -1.2123310208e+01
1325.0000000   -6.7240630421e-01   -1.2073116255e+01
1330.0000000   -1.1449557835e+00   -1.2138414399e+01
1335.0000000   -2.6036447717e-01   -1.2244133431e+01
1340.0000000   -1.0491446556e+00   -1.2178957441e+01
1345.0000000   -9.2652128772e-01   -1.2296314416e+01
1350.0000000   -3.2736256938e-01   -1.2348091530e+01
1355.0000000   -1.3433391883e+00   -1.2300197584e+01
1360.0000000   -6.0842878967e-01   -1.2449031836e+01
1365.0000000   -6.2777483627e-01   -1.2441150408e+01
1370.0000000   -1.4229077494e+00   -1.2439144716e+01
1375.0000000   -3.5290529454e-01   -1.2587644873e+01
1380.0000000   -1.0720228229e+00   -1.2533264809e+01
1385.0000000   -1.2421569951e+00   -1.2592427367e+01
1390.0000000   -3.1702785454e-01   -1.2707476074e+01
1395.0000000   -1.4867469530e+00   -1.2635132713e+01
1400.0000000   -8.7861542968e-01   -1.2751625001e+01
1405.0000000   -5.7253427108e-01   -1.2809537900e+01
1410.0000000   -1.6891563016e+00   -1.2754277516e+01
1415.0000000   -5.1257549444e-01   -1.2905615850e+01
1420.0000000   -1.0564179394e+00   -1.2900289056e+01
1425.0000000   -1.5782447545e+00   -1.2892496904e+01
1430.0000000   -3.5029133572e-01   -1.3044531841e+01
1435.0000000   -1.5835706753e+00   -1.2990126024e+01
1440.0000000   -1.1974968409e+00   -1.3045622694e+01
1445.0000000   -5.2229302608e-01   -1.3163590418e+01
1450.0000000   -1.9245625704e+00   -1.3090338336e+01
1455.0000000   -7.3154047421e-01   -1.3204822928e+01
1460.0000000   -1.0068482926e+00   -1.3264598209e+01
1465.0000000   -1.9170003245e+00   -1.3208932932e+01
1470.0000000   -4.2906974644e-01   -1.3358892578e+01
1475.0000000   -1.6225965027e+00   -1.3354887875e+01
1480.0000000   -1.5561464095e+00   -1.3347468698e+01
1485.0000000   -4.8298510092e-01   -1.3497744082e+01
1490.0000000   -2.1031859512e+00   -1.3444980594e+01
1495.0000000   -1.0142765367e+00   -1.3500738738e+01
1500.0000000   -9.2580149513e-01   -1.3616247755e+01
1505.0000000   -2.2242716938e+00   -1.3545639902e+01
1510.0000000   -5.7032866528e-01   -1.3658966502e+01
1515.0000000   -1.5972256866e+00   -1.3716368810e+01
1520.0000000   -1.9216838778e+00   -1.3664486643e+01
1525.0000000   -4.7742790809e-01   -1.3811051405e+01
1530.0000000   -2.2083784529e+00   -1.3806308820e+01
1535.0000000   -1.3377610596e+00   -1.3803067043e+01
1540.0000000   -8.3188165571e-01   -1.3947827355e+01
1545.0000000   -2.4779131237e+00   -1.3897297066e+01
1550.0000000   -7.6510219980e-01   -1.3956003592e+01
1555.0000000   -1.5123492478e+00   -1.4064971411e+01
1560.0000000   -2.2748370189e+00   -1.3999838614e+01
1565.0000000   -5.0890850595e-01   -1.4113058511e+01
1570.0000000   -2.2263517601e+00   -1.4164771530e+01
1575.0000000   -1.6941473060e+00   -1.4120518528e+01
1580.0000000   -7.3378234808e-01   -1.4262871669e+01
1585.0000000   -2.6472437666e+00   -1.4255426107e+01
1590.0000000   -1.0216857273e+00   -1.4259814732e+01
1595.0000000   -1.3733722182e+00   -1.4396720706e+01
1600.0000000   -2.5760933527e+00   -1.4348075909e+01
1605.0000000   -6.0017712578e-01   -1.4411915349e+01
1610.0000000   -2.1527608237e+00   -1.4511433468e+01
1615.0000000   -2.0463823703e+00   -1.4452999880e+01
1620.0000000   -6.6067629786e-01   -1.4566797425e+01
1625.0000000   -2.7170818701e+00   -1.4610392817e+01
1630.0000000   -1.3155796919e+00   -1.4576045792e+01
1635.0000000   -1.2042722778e+00   -1.4713535348e+01
1640.0000000   -2.8044974135e+00   -1.4702060693e+01
1645.0000000   -7.4421632265e-01   -1.4716505243e+01
1650.0000000   -1.9956422767e+00   -1.4843963462e+01
1655.0000000   -2.3769787692e+00   -1.4797029100e+01
1660.0000000   -6.2098665746e-01   -1.4867649145e+01
1665.0000000   -2.6740407560e+00   -1.4955748630e+01
1670.0000000   -1.6422170590e+00   -1.4904657705e+01
1675.0000000   -1.0210137514e+00   -1.5019365602e+01
1680.0000000   -2.9274900675e+00   -1.5053168036e+01
1685.0000000   -9.5466121182e-01   -1.5029807346e+01
1690.0000000   -1.7683025551e+00   -1.5161574856e+01
1695.0000000   -2.6436254425e+00   -1.5145338278e+01
1700.0000000   -6.4474160617e-01   -1.5171116187e+01
