#          t             R = ...
   0.0000000    1.7141400000e+00    3.0000000000e+02
   0.0000000   -1.5199504502e-18    2.1270682816e-13
   1.2500000   -3.9836202853e-02   -1.2058413826e-01
   2.5000000   -4.6063277442e-02   -2.8479721034e-01
   3.7500000   -1.1566177726e-01   -4.7234539690e-01
   5.0000000   -1.2032301579e-01   -6.2871051782e-01
   6.2500000   -1.9802189570e-01   -7.4500836848e-01
   7.5000000   -2.1143951140e-01   -8.7100155037e-01
   8.7500000   -2.9285970232e-01   -1.0422084911e+00
  10.0000000   -3.1561208726e-01   -1.2278797864e+00
  11.2500000   -3.9097013507e-01   -1.3760433237e+00
  12.5000000   -4.3739103563e-01   -1.4896339330e+00
  13.7500000   -4.8701633500e-01   -1.6221943514e+00
  15.0000000   -5.6651431304e-01   -1.7994477001e+00
  16.2500000   -6.0016659672e-01   -1.9816222326e+00
  17.5000000   -6.7709282389e-01   -2.1217120930e+00
  18.7500000   -7.4273675313e-01   -2.2343319065e+00
  20.0000000   -7.8415021378e-01   -2.3743089620e+00
  21.2500000   -8.6947126027e-01   -2.5563740667e+00
  22.5000000   -9.2962165153e-01   -2.7335875150e+00
  23.7500000   -9.7694534194e-01   -2.8660986458e+00
  25.0000000   -1.0644504533e+00   -2.9795186551e+00
  26.2500000   -1.1264880327e+00   -3.1274046457e+00
  27.5000000   -1.1750341251e+00   -3.3128109830e+00
  28.7500000   -1.2625815138e+00   -3.4838184888e+00
  30.0000000   -1.3319560531e+00   -3.6095870096e+00
  31.2500000   -1.3787525188e+00   -3.7255288330e+00
  32.5000000   -1.4615295079e+00   -3.8814359037e+00
  33.7500000   -1.5416713029e+00   -4.0685464412e+00
  35.0000000   -1.5893784101e+00   -4.2323820316e+00
  36.2500000   -1.6620983347e+00   -4.3525480991e+00
  37.5000000   -1.7525409313e+00   -4.4726060209e+00
  38.7500000   -1.8088080885e+00   -4.6362635976e+00
  40.0000000   -1.8675718320e+00   -4.8233539167e+00
  41.2500000   -1.9596689530e+00   -4.9793783179e+00
  42.5000000   -2.0327875708e+00   -5.0953357390e+00
  43.7500000   -2.0825294402e+00   -5.2209052025e+00
  45.0000000   -2.1627150491e+00   -5.3916754148e+00
  46.2500000   -2.2531866614e+00   -5.5770167432e+00
  47.5000000   -2.3095449681e+00   -5.7249495931e+00
  48.7500000   -2.3702161076e+00   -5.8382831140e+00
  50.0000000   -2.4636894977e+00   -5.9704978775e+00
  51.2500000   -2.5413760418e+00   -6.1474073858e+00
  52.5000000   -2.5925537416e+00   -6.3293490328e+00
  53.7500000   -2.6685617731e+00   -6.4692835403e+00
  55.0000000   -2.7636390266e+00   -6.5816964381e+00
  56.2500000   -2.8286856699e+00   -6.7213771509e+00
  57.5000000   -2.8834312384e+00   -6.9031638259e+00
  58.7500000   -2.9714421639e+00   -7.0802111998e+00
  60.0000000   -3.0614392940e+00   -7.2126106658e+00
  61.2500000   -3.1178983567e+00   -7.3258461648e+00
  62.5000000   -3.1807395907e+00   -7.4734629381e+00
  63.7500000   -3.2758385863e+00   -7.6586354230e+00
  65.0000000   -3.3581438070e+00   -7.8295202235e+00
  66.2500000   -3.4112809861e+00   -7.9551968307e+00
  67.5000000   -3.4826818589e+00   -8.0709572536e+00
  68.7500000   -3.5804858275e+00   -8.2266082109e+00
  70.0000000   -3.6560681453e+00   -8.4135158201e+00
  71.2500000   -3.7087202824e+00   -8.5772553644e+00
  72.5000000   -3.7874784548e+00   -8.6973324495e+00
  73.7500000   -3.8857797833e+00   -8.8172000810e+00
  75.0000000   -3.9556155937e+00   -8.9806070726e+00
  76.2500000   -4.0098093327e+00   -9.1675169396e+00
  77.5000000   -4.0941410195e+00   -9.3234600188e+00
  78.7500000   -4.1913901774e+00   -9.4393197382e+00
  80.0000000   -4.2576718206e+00   -9.5646832196e+00
  81.2500000   -4.3135451315e+00   -9.7352050112e+00
  82.5000000   -4.4017197419e+00   -9.9203829863e+00
  83.7500000   -4.4981763713e+00   -1.0068240207e+01
  85.0000000   -4.5617693192e+00   -1.0181459116e+01
  86.2500000   -4.6194655624e+00   -1.0313448869e+01
  87.5000000   -4.7102358378e+00   -1.0490111236e+01
  88.7500000   -4.8057443680e+00   -1.0671902803e+01
  90.0000000   -4.8683787235e+00   -1.0811760037e+01
  91.2500000   -4.9270270506e+00   -1.0924035622e+01
  92.5000000   -5.0191702772e+00   -1.1063471328e+01
  93.7500000   -5.1148368608e+00   -1.1245012661e+01
  95.0000000   -5.1768265748e+00   -1.1421920109e+01
  96.2500000   -5.2360464387e+00   -1.1554234440e+01
  97.5000000   -5.3288110441e+00   -1.1667306034e+01
  98.7500000   -5.4247212736e+00   -1.1814658613e+01
 100.0000000   -5.4874659868e+00   -1.1999588900e+01
 101.2500000   -5.5462282912e+00   -1.2170341145e+01
 102.5000000   -5.6386027606e+00   -1.2295919496e+01
 103.7500000   -5.7358928813e+00   -1.2411487254e+01
 105.0000000   -5.7995068502e+00   -1.2566857110e+01
 106.2500000   -5.8575512104e+00   -1.2753527523e+01
 107.5000000   -5.9488267343e+00   -1.2917139320e+01
 108.7500000   -6.0473586306e+00   -1.3037100761e+01
 110.0000000   -6.1133137961e+00   -1.3156746480e+01
 111.2500000   -6.1698621776e+00   -1.3319858995e+01
 112.5000000   -6.2589964696e+00   -1.3506538837e+01
 113.7500000   -6.3595583166e+00   -1.3662356617e+01
 115.0000000   -6.4280698250e+00   -1.3778080106e+01
 116.2500000   -6.4834309154e+00   -1.3903193565e+01
 117.5000000   -6.5695574319e+00   -1.4073412066e+01
 118.7500000   -6.6715194793e+00   -1.4258369470e+01
 120.0000000   -6.7442690336e+00   -1.4406101668e+01
 121.2500000   -6.7982290652e+00   -1.4519161677e+01
 122.5000000   -6.8803354247e+00   -1.4650875936e+01
 123.7500000   -6.9837770694e+00   -1.4827231499e+01
 125.0000000   -7.0609885967e+00   -1.5008814128e+01
 126.2500000   -7.1147540521e+00   -1.5148544602e+01
 127.5000000   -7.1919296712e+00   -1.5260637627e+01
 128.7500000   -7.2954729146e+00   -1.5399776299e+01
 130.0000000   -7.3787084080e+00   -1.5581013018e+01
 131.2500000   -7.4328265488e+00   -1.5757725001e+01
 132.5000000   -7.5045258362e+00   -1.5889908919e+01
 133.7500000   -7.6072796218e+00   -1.6002774324e+01
 135.0000000   -7.6962725196e+00   -1.6149813279e+01
 136.2500000   -7.7529437757e+00   -1.6334446868e+01
 137.5000000   -7.8187263105e+00   -1.6505018391e+01
 138.7500000   -7.9185991527e+00   -1.6630460798e+01
 140.0000000   -8.0140461664e+00   -1.6745799679e+01
 141.2500000   -8.0744016289e+00   -1.6900844970e+01
 142.5000000   -8.1349265235e+00   -1.7087231980e+01
 143.7500000   -8.2302545940e+00   -1.7250678295e+01
 145.0000000   -8.3306898811e+00   -1.7370496379e+01
 146.2500000   -8.3974423585e+00   -1.7489892243e+01
 147.5000000   -8.4534398155e+00   -1.7652675265e+01
 148.7500000   -8.5421534344e+00   -1.7839089679e+01
 150.0000000   -8.6466788497e+00   -1.7994756795e+01
 151.2500000   -8.7207492182e+00   -1.8110327603e+01
 152.5000000   -8.7747069764e+00   -1.8235172568e+01
 153.7500000   -8.8553543695e+00   -1.8405062689e+01
 155.0000000   -8.9609790834e+00   -1.8589776321e+01
 156.2500000   -9.0443357966e+00   -1.8737371249e+01
 157.5000000   -9.0983499556e+00   -1.8850267329e+01
 158.7500000   -9.1702886583e+00   -1.8981697274e+01
 160.0000000   -9.2744623510e+00   -1.9157731330e+01
 161.2500000   -9.3664228984e+00   -1.9339094288e+01
 162.5000000   -9.4244343068e+00   -1.9478698446e+01
 163.7500000   -9.4878606216e+00   -1.9590614401e+01
 165.0000000   -9.5868668047e+00   -1.9729456099e+01
 166.2500000   -9.6871036099e+00   -1.9910383373e+01
 167.5000000   -9.7515505742e+00   -2.0086900832e+01
 168.7500000   -9.8086502712e+00   -2.0218965988e+01
 170.0000000   -9.8996586407e+00   -2.0331639384e+01
 171.2500000   -1.0004900489e+01   -2.0478372073e+01
 172.5000000   -1.0079335473e+01   -2.0662712657e+01
 173.7500000   -1.0132758050e+01   -2.0833114360e+01
 175.0000000   -1.0213543265e+01   -2.0958441325e+01
 176.2500000   -1.0320667271e+01   -2.1073571644e+01
 177.5000000   -1.0405639057e+01   -2.1228304816e+01
 178.7500000   -1.0460287392e+01   -2.1414418621e+01
 180.0000000   -1.0530133881e+01   -2.1577717882e+01
 181.2500000   -1.0634084711e+01   -2.1697418947e+01
 182.5000000   -1.0730133350e+01   -2.1816588361e+01
 183.7500000   -1.0789842456e+01   -2.1979056801e+01
 185.0000000   -1.0850416255e+01   -2.2165220002e+01
 186.2500000   -1.0947056206e+01   -2.2320759457e+01
 187.5000000   -1.1050918362e+01   -2.2436206336e+01
 188.7500000   -1.1120682316e+01   -2.2560805999e+01
 190.0000000   -1.1174929182e+01   -2.2730382292e+01
 191.2500000   -1.1260599704e+01   -2.2914867625e+01
 192.5000000   -1.1368672152e+01   -2.3062349616e+01
 193.7500000   -1.1450147499e+01   -2.3175109332e+01
 195.0000000   -1.1503797938e+01   -2.3306274619e+01
 196.2500000   -1.1576960992e+01   -2.3481998531e+01
 197.5000000   -1.1683044732e+01   -2.3663155712e+01
 198.7500000   -1.1777397295e+01   -2.3802655890e+01
 200.0000000   -1.1835457603e+01   -2.3914417602e+01
 201.2500000   -1.1897508972e+01   -2.4052975307e+01
 202.5000000   -1.1996312410e+01   -2.4233598657e+01
 203.7500000   -1.2100084176e+01   -2.4409931157e+01
 205.0000000   -1.2168711333e+01   -2.4541894680e+01
 206.2500000   -1.2223080153e+01   -2.4654390864e+01
 207.5000000   -1.2309947879e+01   -2.4800820814e+01
 208.7500000   -1.2418819042e+01   -2.4984865740e+01
 210.0000000   -1.2500322851e+01   -2.5155100358e+01
 211.2500000   -1.2553735283e+01   -2.5280320870e+01
 212.5000000   -1.2626779512e+01   -2.5395246533e+01
 213.7500000   -1.2733430800e+01   -2.5549659390e+01
 215.0000000   -1.2829006338e+01   -2.5735487277e+01
 216.2500000   -1.2887520787e+01   -2.5898633249e+01
 217.5000000   -1.2948553070e+01   -2.6018215642e+01
 218.7500000   -1.3046743940e+01   -2.6137149327e+01
 220.0000000   -1.3152163673e+01   -2.6299281611e+01
 221.2500000   -1.3222703140e+01   -2.6485169462e+01
 222.5000000   -1.3276132554e+01   -2.6640564379e+01
 223.7500000   -1.3360853413e+01   -2.6755873070e+01
 225.0000000   -1.3470611850e+01   -2.6880203344e+01
 226.2500000   -1.3555407700e+01   -2.7049429882e+01
 227.5000000   -1.3609263029e+01   -2.7233650571e+01
 228.7500000   -1.3679052963e+01   -2.7380990957e+01
 230.0000000   -1.3784700359e+01   -2.7493586101e+01
 231.2500000   -1.3884067296e+01   -2.7624446945e+01
 232.5000000   -1.3945242138e+01   -2.7799810164e+01
 233.7500000   -1.4003267317e+01   -2.7980712817e+01
 235.0000000   -1.4097995077e+01   -2.8120067966e+01
 236.2500000   -1.4206161066e+01   -2.8231632600e+01
 237.5000000   -1.4281672898e+01   -2.8369850688e+01
 238.7500000   -1.4333912276e+01   -2.8550105373e+01
 240.0000000   -1.4413313949e+01   -2.8726192139e+01
 241.2500000   -1.4523147445e+01   -2.8858000566e+01
 242.5000000   -1.4614108583e+01   -2.8970262069e+01
 243.7500000   -1.4670041518e+01   -2.9116318410e+01
 245.0000000   -1.4734146825e+01   -2.9299989822e+01
 246.2500000   -1.4836345944e+01   -2.9469985459e+01
 247.5000000   -1.4941079909e+01   -2.9595034153e+01
 248.7500000   -1.5007853007e+01   -2.9709683692e+01
 250.0000000   -1.5062193038e+01   -2.9863691395e+01
 251.2500000   -1.5150200400e+01   -3.0049144034e+01
 252.5000000   -1.5260707857e+01   -3.0212055067e+01
 253.7500000   -1.5344300941e+01   -3.0331442520e+01
 255.0000000   -1.5396774570e+01   -3.0450056244e+01
 256.2500000   -1.5468141257e+01   -3.0611755432e+01
 257.5000000   -1.5575617784e+01   -3.0797269242e+01
 258.7500000   -1.5674700086e+01   -3.0952429946e+01
 260.0000000   -1.5735825438e+01   -3.1067514695e+01
 261.2500000   -1.5793267971e+01   -3.1191480343e+01
 262.5000000   -1.5888471076e+01   -3.1360250442e+01
 263.7500000   -1.5998316242e+01   -3.1544100888e+01
 265.0000000   -1.6074273483e+01   -3.1691203973e+01
 266.2500000   -1.6126393985e+01   -3.1803541071e+01
 267.5000000   -1.6204436908e+01   -3.1933993400e+01
 268.7500000   -1.6314666822e+01   -3.2108882223e+01
 270.0000000   -1.6408774218e+01   -3.2289420513e+01
 271.2500000   -1.6465049812e+01   -3.2428531086e+01
 272.5000000   -1.6527061315e+01   -3.2539799463e+01
 273.7500000   -1.6627984290e+01   -3.2677567523e+01
 275.0000000   -1.6735160614e+01   -3.2857335770e+01
 276.2500000   -1.6805819200e+01   -3.3033065489e+01
 277.5000000   -1.6858117399e+01   -3.3164617658e+01
 278.7500000   -1.6942322664e+01   -3.3276541771e+01
 280.0000000   -1.7054308373e+01   -3.3422110452e+01
 281.2500000   -1.7142663229e+01   -3.3605289550e+01
 282.5000000   -1.7196745502e+01   -3.3774936134e+01
 283.7500000   -1.7262892585e+01   -3.3899712434e+01
 285.0000000   -1.7367856405e+01   -3.4013981866e+01
 286.2500000   -1.7472788523e+01   -3.4167469507e+01
 287.5000000   -1.7538229355e+01   -3.4352430081e+01
 288.7500000   -1.7592374762e+01   -3.4514999910e+01
 290.0000000   -1.7681648589e+01   -3.4634094518e+01
 291.2500000   -1.7793694444e+01   -3.4752285263e+01
 292.5000000   -1.7878098760e+01   -3.4913438356e+01
 293.7500000   -1.7930077653e+01   -3.5098466135e+01
 295.0000000   -1.8000529159e+01   -3.5253292488e+01
 296.2500000   -1.8108687207e+01   -3.5368059965e+01
 297.5000000   -1.8210358898e+01   -3.5491561080e+01
 298.7500000   -1.8272911757e+01   -3.5659766292e+01
 300.0000000   -1.8328424540e+01   -3.5843141914e+01
 301.2500000   -1.8421794693e+01   -3.5989915676e+01
 302.5000000   -1.8534087928e+01   -3.6101907628e+01
