#          t             R = ...
   0.0000000    1.7141400000e+00    3.0000000000e+02
   0.0000000   -5.6282190889e-19   -8.3123912857e-15
   5.0000000   -4.6736406709e-03   -9.1486075519e-02
  10.0000000    2.0113507127e-03   -2.6198032388e-01
  15.0000000    4.3204605934e-03   -3.2772951120e-01
  20.0000000   -9.7245807818e-03   -4.5343186852e-01
  25.0000000    6.3343399975e-03   -6.0415439375e-01
  30.0000000   -9.2916166933e-03   -6.6164114938e-01
  35.0000000   -3.1731286275e-03   -8.1780197363e-01
  40.0000000   -1.8568920574e-03   -9.3619231789e-01
  45.0000000   -1.0554573762e-02   -1.0060144409e+00
  50.0000000   -2.8353596299e-03   -1.1781389551e+00
  55.0000000   -1.1181117677e-02   -1.2631491299e+00
  60.0000000   -6.8708135512e-03   -1.3614673557e+00
  65.0000000   -8.8446084984e-03   -1.5292635421e+00
  70.0000000   -1.5583900645e-02   -1.5915749818e+00
  75.0000000   -5.2180741009e-03   -1.7243022448e+00
  80.0000000   -1.7237043978e-02   -1.8689529994e+00
  85.0000000   -1.4861773477e-02   -1.9272943682e+00
  90.0000000   -9.8520641769e-03   -2.0881566656e+00
  95.0000000   -2.2371002942e-02   -2.1991925591e+00
 100.0000000   -1.3869008566e-02   -2.2737927678e+00
 105.0000000   -1.9509438752e-02   -2.4465640087e+00
 110.0000000   -2.1956607266e-02   -2.5254939537e+00
 115.0000000   -1.7801740015e-02   -2.6307600125e+00
 120.0000000   -2.8889585600e-02   -2.7949038693e+00
 125.0000000   -1.9194453828e-02   -2.8545614206e+00
 130.0000000   -2.7678622178e-02   -2.9939081361e+00
 135.0000000   -3.3408320317e-02   -3.1319041434e+00
 140.0000000   -2.0214478558e-02   -3.1919346247e+00
 145.0000000   -3.9304532683e-02   -3.3566559629e+00
 150.0000000   -3.3347406572e-02   -3.4603183711e+00
 155.0000000   -2.8963833065e-02   -3.5402542622e+00
 160.0000000   -4.6697290804e-02   -3.7126572321e+00
 165.0000000   -3.3954270641e-02   -3.7860419361e+00
 170.0000000   -4.3742025256e-02   -3.8983323922e+00
 175.0000000   -4.7354844784e-02   -4.0579902211e+00
 180.0000000   -4.1173038767e-02   -4.1158888478e+00
 185.0000000   -5.8242109260e-02   -4.2614243288e+00
 190.0000000   -4.4907013563e-02   -4.3923951369e+00
 195.0000000   -5.6398236073e-02   -4.4550313963e+00
 200.0000000   -6.6500913672e-02   -4.6228332161e+00
 205.0000000   -4.6908873586e-02   -4.7193593470e+00
 210.0000000   -7.4842933588e-02   -4.8052423373e+00
 215.0000000   -6.8160756105e-02   -4.9764241174e+00
 220.0000000   -5.9091615429e-02   -5.0450041011e+00
 225.0000000   -8.8573172219e-02   -5.1643580005e+00
 230.0000000   -6.9306520120e-02   -5.3188376585e+00
 235.0000000   -8.0570044272e-02   -5.3758852464e+00
 240.0000000   -9.2938046343e-02   -5.5270089228e+00
 245.0000000   -7.8140938551e-02   -5.6506462829e+00
 250.0000000   -1.0380824726e-01   -5.7166420529e+00
 255.0000000   -9.0916012806e-02   -5.8865229706e+00
 260.0000000   -9.8556553337e-02   -5.9761348790e+00
 265.0000000   -1.2000803990e-01   -6.0683266936e+00
 270.0000000   -9.1717807783e-02   -6.2372638093e+00
 275.0000000   -1.2624615666e-01   -6.3017347114e+00
 280.0000000   -1.2593933141e-01   -6.4280143852e+00
 285.0000000   -1.0465802485e-01   -6.5766476457e+00
 290.0000000   -1.5108104584e-01   -6.6337739712e+00
 295.0000000   -1.2717431734e-01   -6.7898895779e+00
 300.0000000   -1.3200097679e-01   -6.9060755003e+00
 305.0000000   -1.6417683771e-01   -6.9762108532e+00
 310.0000000   -1.3470696223e-01   -7.1472814090e+00
 315.0000000   -1.6645044257e-01   -7.2304066624e+00
 320.0000000   -1.6508862489e-01   -7.3292399076e+00
 325.0000000   -1.5698924592e-01   -7.4950676889e+00
 330.0000000   -1.9580760204e-01   -7.5562414474e+00
 335.0000000   -1.6324423164e-01   -7.6892065925e+00
 340.0000000   -1.9329943565e-01   -7.8314383502e+00
 345.0000000   -2.1137189526e-01   -7.8894790748e+00
 350.0000000   -1.7219590556e-01   -8.0498024923e+00
 355.0000000   -2.3264583052e-01   -8.1585672743e+00
 360.0000000   -2.1514429812e-01   -8.2336369114e+00
 365.0000000   -2.0026182158e-01   -8.4049399912e+00
 370.0000000   -2.6117498611e-01   -8.4816741227e+00
 375.0000000   -2.1890456861e-01   -8.5867404127e+00
 380.0000000   -2.4406513115e-01   -8.7488289222e+00
 385.0000000   -2.7161528162e-01   -8.8092236853e+00
 390.0000000   -2.3702272443e-01   -8.9501299797e+00
 395.0000000   -2.8980294768e-01   -9.0835286301e+00
 400.0000000   -2.6966546443e-01   -9.1370191595e+00
 405.0000000   -2.7556753823e-01   -9.2976224609e+00
 410.0000000   -3.2240901260e-01   -9.4082983004e+00
 415.0000000   -2.7071513794e-01   -9.5039292003e+00
 420.0000000   -3.2750814874e-01   -9.6745167220e+00
 425.0000000   -3.3588957059e-01   -9.7266120365e+00
 430.0000000   -2.9078907188e-01   -9.8258598211e+00
 435.0000000   -3.7593679741e-01   -9.9899790651e+00
 440.0000000   -3.3813436144e-01   -1.0048231554e+01
 445.0000000   -3.3495308438e-01   -1.0179799312e+01
 450.0000000   -4.0549446882e-01   -1.0324887586e+01
 455.0000000   -3.4654039557e-01   -1.0442403803e+01
 460.0000000   -3.9353589599e-01   -1.0622834840e+01
 465.0000000   -4.1178946951e-01   -1.0664236744e+01
 470.0000000   -3.7636769992e-01   -1.0722313010e+01
 475.0000000   -4.4729633590e-01   -1.0907773746e+01
