#          t             r = ...
   0.0000000    1.7141400000e+00    4.5000000000e+02
   0.0000000    9.7983120964e-03    8.9843215128e-09
   2.5000000    1.8403323029e-02   -1.6436516980e-08
   5.0000000    1.8431762880e-02   -1.5417553006e-08
   7.5000000    1.6073843834e-02   -1.0234617767e-08
  10.0000000    9.6086927289e-03   -1.5135143285e-07
  12.5000000    2.9440701452e-03   -3.9327984314e-08
  15.0000000    5.4441139296e-04   -3.1495664891e-08
  17.5000000    1.6177170608e-03   -5.4148161415e-08
  20.0000000    2.4290412477e-03   -6.3873876108e-08
  22.5000000    1.5863294362e-03   -5.3183523965e-08
  25.0000000    4.2187035815e-04   -7.2537834726e-08
  27.5000000    6.5158751912e-05   -8.7427538772e-08
  30.0000000    2.4321779339e-04   -7.5679207716e-08
  32.5000000    3.1815201905e-04   -9.0186349819e-08
  35.0000000    1.7327618266e-04   -1.0973343050e-07
  37.5000000    3.3542987135e-05   -9.9061702887e-08
  40.0000000    1.1126980713e-05   -1.0873914594e-07
  42.5000000    3.7859463055e-05   -1.3154330075e-07
  45.0000000    3.9137351880e-05   -1.2234002618e-07
  47.5000000    1.7114534493e-05   -1.2669817322e-07
  50.0000000    2.2837439294e-06   -1.5225437396e-07
  52.5000000    2.2410537203e-06   -1.4739815259e-07
  55.0000000    5.4500737082e-06   -1.4586787299e-07
  57.5000000    4.4646043982e-06   -1.7113743399e-07
  60.0000000    1.4641849270e-06   -1.7148170944e-07
  62.5000000    8.5826542639e-08   -1.6529472289e-07
  65.0000000    3.8693147495e-07   -1.9079571730e-07
  67.5000000    7.3274273913e-07   -1.9655599256e-07
  70.0000000    5.9620489896e-06   -1.8660165583e-07
  72.5000000    1.2791991676e-07   -2.0851579560e-07
  75.0000000    1.4998783313e-08   -2.2006744099e-07
  77.5000000    6.7573327336e-08   -2.0844376243e-07
  80.0000000    9.0123604688e-08   -2.2648981933e-07
  82.5000000    4.8721161527e-08   -2.4307182818e-07
  85.0000000    9.4690499291e-09   -2.3060437954e-07
  87.5000000    8.5593974582e-09   -2.4367632361e-07
  90.0000000    2.1089456621e-08   -2.6534024314e-07
  92.5000000    1.4352373245e-08   -2.5452679497e-07
  95.0000000   -2.0456208545e-10   -2.6238887275e-07
  97.5000000   -5.9620187198e-09   -2.8671755925e-07
 100.0000000   -2.0217897737e-08   -2.7893333293e-07
 102.5000000   -1.1911386678e-08   -2.8029117923e-07
 105.0000000   -4.6597307204e-06   -3.0669563822e-07
 107.5000000   -4.6505657411e-06   -3.0295052853e-07
 110.0000000   -4.6588606749e-06   -2.9951475921e-07
 112.5000000   -9.0154599007e-07   -3.2574417263e-07
 115.0000000    4.9162313653e-09   -3.3157217183e-07
 117.5000000    1.0842295091e-06   -3.1992136395e-07
 120.0000000    7.2533983688e-09   -3.4399662073e-07
 122.5000000    4.8555796939e-09   -3.5220055445e-07
 125.0000000    2.9629418225e-09   -3.8870872710e-07
 127.5000000    2.8122215386e-09   -3.6218329417e-07
 130.0000000    2.1677442339e-09   -3.7598346115e-07
 132.5000000    1.7013558205e-09   -3.6269871781e-07
 135.0000000    1.3606278816e-09   -3.8015982192e-07
 137.5000000    4.9662295911e-10   -3.9860527057e-07
 140.0000000    4.0210237607e-10   -1.3673144992e-05
 142.5000000    5.7584183852e-10   -1.5663327188e-05
 145.0000000    4.7347393641e-11   -1.4994719716e-05
 147.5000000    1.4110399736e-10   -4.6396244443e-07
 150.0000000    1.5230470828e-11   -4.6250400234e-07
 152.5000000    2.6428694960e-10   -1.6104077864e-05
 155.0000000   -6.4505300455e-10   -1.6355160614e-05
 157.5000000   -1.3975195844e-09   -1.3041754278e-06
 160.0000000   -1.4094367984e-08   -9.2441884947e-07
 162.5000000   -1.5730681251e-08   -1.7640566775e-06
 165.0000000    1.8909679349e-10   -4.5370180261e-07
 167.5000000   -2.2417429690e-08   -4.7152947647e-07
 170.0000000   -4.0523384669e-08   -4.7317685546e-07
 172.5000000    5.5614130766e-08   -4.6714307114e-07
 175.0000000    1.5435278631e-08   -5.4493326919e-07
 177.5000000   -1.0904996077e-07   -5.3752024694e-07
 180.0000000    2.0993663103e-09   -5.5334134227e-07
 182.5000000    7.3154991674e-08   -1.3341924065e-05
