#          t             R = ...
   0.0000000    1.7141400000e+00    5.0000000000e+02
   0.0000000    5.2467536342e-19   -4.5594809463e-16
   5.0000000    4.6045247341e-03   -3.5443708656e-02
  10.0000000    3.0594344470e-04   -1.0389147171e-01
  15.0000000   -9.2888567646e-04   -1.2829790354e-01
  20.0000000   -1.8647895938e-03   -1.7822416705e-01
  25.0000000   -1.2570942258e-03   -2.3857289913e-01
  30.0000000   -3.1448088633e-04   -2.5909532007e-01
  35.0000000   -1.7724082816e-04   -3.2226255018e-01
  40.0000000   -2.4124872752e-04   -3.6893362521e-01
  45.0000000   -1.4340731612e-05   -3.9413063307e-01
  50.0000000    1.6760334756e-05   -4.6486964320e-01
  55.0000000   -1.0320751167e-05   -4.9670356897e-01
  60.0000000    4.6686699880e-07   -5.3380433469e-01
  65.0000000   -1.7900643422e-05   -6.0374868673e-01
  70.0000000   -7.9769632599e-06   -6.2446138974e-01
  75.0000000    4.1698471754e-06   -6.7703426675e-01
  80.0000000    1.6619932984e-06   -7.3771951763e-01
  85.0000000   -6.8074311684e-06   -7.5485550412e-01
  90.0000000    3.1642099972e-07   -8.2154705624e-01
  95.0000000    5.2793508352e-06   -8.6710628939e-01
 100.0000000   -6.7598465102e-06   -8.8977685356e-01
 105.0000000    8.8675598317e-07   -9.6453753743e-01
 110.0000000    4.6957663421e-06   -9.9368234558e-01
 115.0000000   -1.3665134628e-05   -1.0297398646e+00
 120.0000000    1.4215799546e-06   -1.1035202654e+00
 125.0000000    3.8973015370e-06   -1.1201817840e+00
 130.0000000   -3.9360924934e-06   -1.1736651492e+00
 135.0000000    9.9045726604e-08   -1.2371235450e+00
 140.0000000    2.4974842314e-06   -1.2495011726e+00
 145.0000000   -9.7128554981e-07   -1.3191391258e+00
 150.0000000   -2.1658759372e-06   -1.3655786030e+00
 155.0000000    1.7760367576e-06   -1.3838096068e+00
 160.0000000    2.0406373371e-06   -1.4630908185e+00
 165.0000000   -4.7622352990e-06   -1.4907389722e+00
 170.0000000    1.9229276741e-06   -1.5238290870e+00
 175.0000000    3.9984873926e-06   -1.6027051467e+00
 180.0000000   -5.7380655513e-06   -1.6156007001e+00
 185.0000000    1.4295897852e-06   -1.6685156625e+00
 190.0000000    3.9686245687e-06   -1.7363133987e+00
 195.0000000   -5.6765359529e-06   -1.7434422503e+00
 200.0000000    7.7285076573e-07   -1.8152659812e+00
 205.0000000    3.3975147584e-06   -1.8639904436e+00
 210.0000000   -3.4919922339e-06   -1.8768229724e+00
 215.0000000   -6.0411850637e-07   -1.9606215777e+00
 220.0000000    2.6876458292e-06   -1.9876559117e+00
 225.0000000   -7.7737444752e-07   -2.0167363498e+00
 230.0000000   -2.9976331996e-06   -2.1012885162e+00
 235.0000000    2.1839693059e-06   -2.1106114639e+00
 240.0000000    1.7840303480e-06   -2.1621880783e+00
 245.0000000   -4.9646377400e-06   -2.2351797367e+00
 250.0000000    1.9767473170e-06   -2.2366137546e+00
 255.0000000    3.0347612482e-06   -2.3103598913e+00
 260.0000000   -6.3514664647e-06   -2.3621584029e+00
 265.0000000    1.9726785667e-06   -2.3687342836e+00
 270.0000000    3.7548984557e-06   -2.4573531372e+00
 275.0000000   -6.0651105207e-06   -2.4842281817e+00
 280.0000000    8.3858956559e-07   -2.5083445197e+00
 285.0000000    3.8107853774e-06   -2.5993267378e+00
 290.0000000   -4.1932495755e-06   -2.6050680859e+00
 295.0000000   -5.6583923136e-07   -2.6545540706e+00
 300.0000000    3.1878988626e-06   -2.7337062132e+00
 305.0000000   -2.4542293058e-06   -2.7290056413e+00
 310.0000000   -3.1765312600e-06   -2.8043152857e+00
 315.0000000    2.1740152520e-06   -2.8600907833e+00
 320.0000000    9.4232232823e-07   -2.8597057021e+00
 325.0000000   -5.8125057576e-06   -2.9532158830e+00
 330.0000000    2.8819884689e-06   -2.9805483766e+00
 335.0000000    3.6985816339e-06   -2.9989647365e+00
 340.0000000   -6.9812338342e-06   -3.0967655922e+00
 345.0000000    1.4511849544e-06   -3.0991548622e+00
 350.0000000    3.2463128456e-06   -3.1459999406e+00
 355.0000000   -7.4701835137e-06   -3.2318097388e+00
 360.0000000    4.2855878209e-06   -3.2208609914e+00
 365.0000000    5.9225531471e-06   -3.2974987064e+00
 370.0000000   -6.4470274053e-06   -3.3576311787e+00
 375.0000000   -4.1082822339e-06   -3.3499915138e+00
 380.0000000    4.0223029032e-06   -3.4484747240e+00
 385.0000000   -3.4551388960e-07   -3.4763643563e+00
 390.0000000    1.0079620635e-07   -3.4888244179e+00
 395.0000000    1.3966115189e-06   -3.5937236967e+00
 400.0000000   -1.1972332439e-06   -3.5925335800e+00
 405.0000000   -4.5607766779e-06   -3.6367105657e+00
 410.0000000    4.3464856328e-06   -3.7294621950e+00
 415.0000000    2.5742769616e-06   -3.7117922737e+00
 420.0000000   -8.9117082110e-06   -3.7900590726e+00
 425.0000000    4.8292732000e-06   -3.8546396246e+00
 430.0000000    5.1338383254e-06   -3.8392033066e+00
 435.0000000   -9.5878589665e-06   -3.9432628318e+00
 440.0000000    2.3020914727e-06   -3.9714767123e+00
 445.0000000    5.9344974655e-06   -3.9775767941e+00
 450.0000000   -7.7306892779e-06   -4.0903417786e+00
 455.0000000    2.6188230267e-07   -4.0849963397e+00
 460.0000000    5.3288620708e-06   -4.1264047976e+00
 465.0000000   -4.1798881482e-06   -4.2268307821e+00
 470.0000000   -2.3612687810e-06   -4.2016184220e+00
 475.0000000    4.5412140596e-06   -4.2817824375e+00
 480.0000000   -6.2228929480e-08   -4.3513216727e+00
 485.0000000   -6.7215695808e-03   -4.3271996786e+00
 490.0000000   -2.7292533540e-03   -4.4374170557e+00
 495.0000000    2.9575952728e-06   -4.4661346736e+00
 500.0000000   -7.6964444935e-06   -4.4651100994e+00
 505.0000000    2.7136721290e-06   -4.5864823895e+00
 510.0000000    5.0403968086e-06   -4.5768360675e+00
 515.0000000   -8.8085190659e-06   -4.6149722455e+00
 520.0000000    3.0093584463e-06   -4.7237806379e+00
 525.0000000   -6.4860404590e-03   -4.6906716618e+00
 530.0000000   -9.3369498972e-06   -4.7725216649e+00
 535.0000000    2.4280346584e-06   -4.8475331169e+00
 540.0000000    5.4844508435e-06   -4.8143438001e+00
 545.0000000   -7.0035447841e-06   -4.9307161135e+00
