#          t             r = ...
   0.0000000    1.7141400000e+00    4.5000000000e+02
   0.0000000    3.2219109356e-03    7.9940880505e-04
   2.5000000    3.2003745505e-03    7.9942509607e-04
   5.0000000    4.1559952288e-03    7.9926498870e-04
   7.5000000    4.3246037954e-03    7.9930293735e-04
  10.0000000    4.2107693223e-03    7.9906352506e-04
  12.5000000    5.0996863578e-03    7.9898257099e-04
  15.0000000    4.8124260765e-03    7.9909822802e-04
  17.5000000    4.5779649125e-03    7.9902289217e-04
  20.0000000    5.2545724172e-03    7.9903681873e-04
  22.5000000    4.8857568504e-03    7.9884121787e-04
  25.0000000    4.5250547888e-03    7.9886444410e-04
  27.5000000    5.0704235907e-03    7.9895460675e-04
  30.0000000    4.7922815390e-03    7.9907188965e-04
  32.5000000    4.3278217619e-03    7.9908472104e-04
  35.0000000    4.7747668093e-03    7.9911618879e-04
  37.5000000    4.6685434617e-03    7.9904218270e-04
  40.0000000    4.1520507705e-03    7.9902145669e-04
  42.5000000    4.4957559422e-03    7.9909921573e-04
  45.0000000    4.5874915406e-03    7.9901492933e-04
  47.5000000    4.0746726869e-03    7.9909113742e-04
  50.0000000    4.2884573372e-03    8.0241613508e-04
  52.5000000    4.5672678024e-03    7.9917325402e-04
  55.0000000    4.1273309336e-03    7.9924939959e-04
  57.5000000    4.1867835516e-03    7.9914165861e-04
  60.0000000    4.6069597306e-03    7.9919442787e-04
  62.5000000    4.3020539355e-03    7.9920756536e-04
  65.0000000    4.2055545343e-03    7.9922510616e-04
  67.5000000    4.6992601942e-03    7.9929574238e-04
  70.0000000    4.5787073181e-03    7.9920597659e-04
  72.5000000    4.3468205634e-03    7.9920546369e-04
  75.0000000    4.8325394242e-03    7.9929527323e-04
  77.5000000    4.9240344547e-03    7.9934275593e-04
  80.0000000    4.6068532236e-03    7.9925681954e-04
  82.5000000    5.0089191327e-03    7.9941846454e-04
  85.0000000    5.3092981670e-03    7.9945540360e-04
  87.5000000    4.9761230177e-03    7.9946141226e-04
  90.0000000    5.2266605445e-03    7.9946951530e-04
  92.5000000    5.7031076393e-03    7.9923476614e-04
  95.0000000    5.4373436596e-03    7.9940586268e-04
  97.5000000    5.5044345586e-03    7.9947927177e-04
 100.0000000    6.0943592618e-03    7.9937454942e-04
 102.5000000    5.9700394068e-03    7.9942781640e-04
 105.0000000    5.8552511217e-03    7.9947807616e-04
 107.5000000    6.4724615838e-03    7.9947261058e-04
 110.0000000    6.5478873680e-03    7.9949294177e-04
 112.5000000    6.2903167238e-03    7.9945304821e-04
 115.0000000    6.8446822769e-03    7.9942082082e-04
 117.5000000    7.1421100047e-03    7.9947388873e-04
 120.0000000    6.8154217095e-03    7.9958128201e-04
 122.5000000    7.2299803522e-03    7.9955295610e-04
 125.0000000    7.7417607419e-03    7.9963635883e-04
 127.5000000    7.4326630993e-03    7.9948664215e-04
 130.0000000    7.6460925279e-03    7.9947592960e-04
 132.5000000    8.3148130770e-03    7.9961466433e-04
 135.0000000    8.1169734414e-03    7.9971159250e-04
 137.5000000    8.1097363871e-03    7.9972305723e-04
 140.0000000    8.8638271383e-03    7.9969005666e-04
 142.5000000    8.8598643991e-03    7.9907920610e-04
 145.0000000    8.6602144184e-03    7.9899901166e-04
 147.5000000    9.3916561955e-03    7.9965554984e-04
 150.0000000    9.6358309372e-03    7.9962826075e-04
 152.5000000    9.3030860337e-03    7.9955937944e-04
 155.0000000    9.9104403046e-03    7.9937163174e-04
 157.5000000    1.0412596116e-02    7.9910765154e-04
 160.0000000    1.0037483297e-02    7.9975208495e-04
 162.5000000    1.0445661878e-02    7.9947581533e-04
 165.0000000    1.1171825442e-02    7.9898207212e-04
 167.5000000    1.0870384764e-02    7.9946655517e-04
 170.0000000    1.1026670653e-02    7.9934704678e-04
 172.5000000    1.1903305541e-02    7.9971231486e-04
 175.0000000    1.1777611453e-02    7.9914980159e-04
 177.5000000    1.1677244330e-02    7.9984156199e-04
 180.0000000    1.2596447295e-02    7.9985518004e-04
 182.5000000    1.2730290553e-02    7.9996460900e-04
 185.0000000    1.2431293565e-02    7.9989699076e-04
 187.5000000    1.3267497102e-02    7.9976548693e-04
 190.0000000    1.3703645421e-02    8.0043501301e-04
 192.5000000    1.3289066772e-02    7.9947800721e-04
 195.0000000    1.3940681233e-02    8.0033404279e-04
 197.5000000    1.4667444320e-02    8.0029222410e-04
 200.0000000    1.4255626238e-02    8.0031388003e-04
 202.5000000    1.4642341444e-02    8.0008449851e-04
 205.0000000    1.5604325574e-02    7.9993472134e-04
 207.5000000    1.5322233602e-02    8.0013841492e-04
 210.0000000    1.5401298696e-02    8.0012233216e-04
 212.5000000    1.6493078598e-02    8.0012933535e-04
 215.0000000    1.6459694793e-02    8.0013235826e-04
 217.5000000    1.6256402424e-02    8.0020841499e-04
 220.0000000    1.7338613939e-02    8.0017557818e-04
 222.5000000    1.7631267548e-02    8.0019509472e-04
 225.0000000    1.7230866197e-02    8.0022984305e-04
 227.5000000    1.8171360340e-02    8.0009678202e-04
 230.0000000    1.8811110454e-02    8.0011805477e-04
 232.5000000    1.8316770246e-02    8.0031511681e-04
 235.0000000    1.9003848135e-02    8.0030673347e-04
 237.5000000    1.9976049149e-02    8.0030738753e-04
 240.0000000    1.9533174035e-02    8.0032348638e-04
 242.5000000    1.9877785129e-02    8.0034040872e-04
 245.0000000    2.1082859242e-02    8.0034683472e-04
 247.5000000    2.0838921091e-02    8.0036258505e-04
 250.0000000    2.0831123345e-02    8.0039727454e-04
 252.5000000    2.2142243397e-02    8.0040083205e-04
 255.0000000    2.2212408441e-02    8.0043812951e-04
 257.5000000    2.1898598599e-02    8.0049039715e-04
 260.0000000    2.3149472267e-02    8.0048138278e-04
 262.5000000    2.3622092761e-02    8.0049814919e-04
 265.0000000    2.3099736891e-02    8.0051613124e-04
 267.5000000    2.4133009301e-02    8.0052534641e-04
 270.0000000    2.5006401437e-02    8.0055018644e-04
 272.5000000    2.4437518544e-02    8.0056152302e-04
 275.0000000    2.5139124302e-02    8.0058307097e-04
 277.5000000    2.6356381072e-02    8.0059465318e-04
 280.0000000    2.5887151740e-02    8.0059118132e-04
 282.5000000    2.6190837518e-02    8.0060772242e-04
 285.0000000    2.7639315271e-02    8.0062493439e-04
 287.5000000    2.7439852054e-02    8.0064783191e-04
 290.0000000    2.7336917765e-02    8.0065310426e-04
 292.5000000    2.8845746210e-02    8.0066969646e-04
 295.0000000    2.9045968082e-02    8.0054150457e-04
 297.5000000    2.8618003564e-02    8.0069067015e-04
 300.0000000    3.0020499253e-02    8.0067653498e-04
 302.5000000    3.0669188345e-02    7.9985849095e-04
 305.0000000    3.0033358788e-02    8.0058953524e-04
 307.5000000    3.1161351956e-02    8.0069564245e-04
 310.0000000    3.2261238525e-02    8.0073309877e-04
 312.5000000    3.1601815098e-02    8.0077497505e-04
 315.0000000    3.2321069455e-02    8.0075690501e-04
 317.5000000    3.3768794649e-02    8.0077185222e-04
 320.0000000    3.3282186223e-02    8.0078178935e-04
 322.5000000    3.3536922032e-02    8.0103284201e-04
 325.0000000    3.5211300005e-02    8.0103276600e-04
 327.5000000    3.5061065892e-02    8.0107140008e-04
 330.0000000    3.4871689162e-02    8.0102666811e-04
 332.5000000    3.6597797520e-02    8.0104792497e-04
 335.0000000    3.6878011640e-02    8.0106521009e-04
 337.5000000    3.6347347718e-02    8.0107914457e-04
 340.0000000    3.7889029231e-02    8.0106906370e-04
 342.5000000    3.8696585842e-02    8.0035844514e-04
 345.0000000    3.7969120356e-02    8.0111800618e-04
 347.5000000    3.9165821822e-02    8.0115050628e-04
 350.0000000    4.0451140694e-02    8.0115975964e-04
 352.5000000    3.9738024145e-02    8.0110053194e-04
 355.0000000    4.0474831577e-02    8.0108087528e-04
 357.5000000    4.2142018686e-02    8.0112544533e-04
 360.0000000    4.1625278300e-02    8.0111501204e-04
 362.5000000    4.1828154606e-02    8.0117143713e-04
 365.0000000    4.3726126496e-02    8.0118177053e-04
 367.5000000    4.3589536789e-02    8.0118683220e-04
 370.0000000    4.3323616034e-02    8.0120969569e-04
 372.5000000    4.5207694852e-02    8.0123946860e-04
 375.0000000    4.5606903508e-02    8.0123718849e-04
 377.5000000    4.4942837810e-02    8.0125375258e-04
 380.0000000    4.6632188126e-02    8.0127033853e-04
 382.5000000    4.7570641656e-02    8.0128933551e-04
 385.0000000    4.6726687823e-02    8.0130121409e-04
 387.5000000    4.8005762781e-02    8.0132067816e-04
 390.0000000    4.9482292580e-02    8.0135552281e-04
 392.5000000    4.8669713140e-02    8.0137606401e-04
 395.0000000    4.9407189170e-02    8.0139259393e-04
 397.5000000    5.1275944382e-02    8.0139858495e-04
 400.0000000    5.0716027274e-02    8.0138342468e-04
 402.5000000    5.0882944683e-02    8.0140404922e-04
 405.0000000    5.2956099502e-02    8.0142724209e-04
 407.5000000    5.2832928155e-02    8.0144825178e-04
 410.0000000    5.2485438839e-02    8.0147461532e-04
 412.5000000    5.4511417681e-02    8.0150317653e-04
 415.0000000    5.4961921753e-02    8.0155140186e-04
 417.5000000    5.4209288048e-02    8.0159508788e-04
 420.0000000    5.6008799401e-02    8.0159055865e-04
 422.5000000    5.7056241750e-02    7.9945920612e-04
 425.0000000    5.6140779856e-02    7.9951145970e-04
 427.5000000    5.7455627441e-02    7.9949237989e-04
 430.0000000    5.9040625626e-02    7.9950218181e-04
 432.5000000    5.8169513234e-02    8.0166866377e-04
 435.0000000    5.8909842016e-02    8.0170085253e-04
 437.5000000    6.0914080463e-02    8.0170728550e-04
 440.0000000    6.0313808591e-02    8.0170496005e-04
 442.5000000    6.0449772118e-02    7.9975069597e-04
 445.0000000    6.2623491996e-02    8.0175525288e-04
 447.5000000    6.2499266063e-02    8.0178246912e-04
 450.0000000    6.2086749520e-02    8.0177678246e-04
 452.5000000    6.4241354538e-02    8.0181999929e-04
 455.0000000    6.4687869556e-02    8.0181949273e-04
 457.5000000    6.3869905873e-02    8.0185793677e-04
 460.0000000    6.5719180938e-02    7.8682677897e-04
 462.5000000    6.6826214663e-02    7.8537148527e-04
 465.0000000    6.5809560022e-02    7.8539441431e-04
 467.5000000    6.7197693360e-02    8.0042224918e-04
 470.0000000    6.8829064592e-02    8.0043167296e-04
 472.5000000    6.7882199421e-02    8.0192185695e-04
 475.0000000    6.8647571527e-02    8.0035869192e-04
 477.5000000    7.0713172099e-02    8.0039565760e-04
