#          t             R = ...
   0.0000000    1.7141400000e+00    3.0000000000e+02
   0.0000000   -1.3970102793e-19   -1.7149399627e-17
  20.0000000   -9.1936821386e-06   -2.4638646839e-04
  40.0000000   -3.0837301598e-02   -1.3327254700e-02
  60.0000000   -1.4715076256e-02   -9.3486624929e-03
  80.0000000   -1.5169704847e-02   -1.5255572148e-02
 100.0000000   -1.5153242016e-02   -2.5092187814e-02
 120.0000000   -1.3146011542e-02   -1.9832163639e-02
 140.0000000   -1.3136585458e-02   -3.0691368131e-02
 160.0000000   -1.7570397052e-02   -3.5287663822e-02
 180.0000000   -1.6537849273e-02   -3.2105615000e-02
 200.0000000   -2.3125580550e-02   -4.5530738990e-02
 220.0000000   -2.9551894191e-02   -4.4699685550e-02
 240.0000000   -1.6586982912e-02   -4.6259416767e-02
 260.0000000   -2.6552169364e-02   -5.8970815849e-02
 280.0000000   -1.6576359589e-02   -5.4444153510e-02
 300.0000000   -1.6585660141e-02   -6.3373206682e-02
 320.0000000   -1.6585572034e-02   -7.9500650802e-02
 340.0000000   -1.6576884730e-02   -4.5840341182e-01
 360.0000000   -2.8506814167e-02   -5.3858924788e-02
 380.0000000   -2.8509701436e-02    1.9603048445e-01
 400.0000000   -2.2609393528e-02   -3.1174343447e-01
 420.0000000   -3.5092493830e-02   -5.6811672107e-01
 440.0000000   -1.9703541243e-02   -4.1212290880e-01
 460.0000000   -2.4721498132e-02   -2.4709281184e-01
 480.0000000   -2.4022859227e-02   -7.0862817106e-02
 500.0000000   -1.3211779713e-02    3.0770869074e-01
 520.0000000   -4.4338045693e-03    5.3187797780e-01
 540.0000000   -6.3948834379e-03    3.9105438371e-01
 560.0000000   -1.0424699522e-02    2.9731351159e-01
 580.0000000   -9.4519054010e-03    2.8474528452e-01
 600.0000000   -4.4313178378e-03    4.5886487907e-02
 620.0000000   -9.4462743826e-03   -1.9460838691e-01
 640.0000000   -1.9351000801e-02   -2.4959848323e-01
 660.0000000   -1.3090487227e-02   -4.1466100155e-01
 680.0000000   -9.5895365334e-03   -6.0808618521e-01
 700.0000000   -4.4404601523e-03   -6.0546711482e-01
 720.0000000   -7.9421532975e-03   -6.7662508678e-01
 740.0000000   -9.3650309702e-03   -7.8917661713e-01
 760.0000000   -9.4492998488e-03   -7.2013891701e-01
 780.0000000   -9.4415189196e-03   -7.3148770152e-01
 800.0000000   -1.5434653771e-02   -7.7962090208e-01
 820.0000000   -4.4395127027e-03   -6.6565504092e-01
 840.0000000   -4.4318169262e-03   -6.5416556993e-01
 860.0000000   -9.3788751705e-03   -6.5774434989e-01
 880.0000000   -8.7722215529e-03   -5.2518990113e-01
 900.0000000   -4.4328976000e-03   -5.1836659913e-01
 920.0000000   -1.3092252358e-02   -4.9116115313e-01
 940.0000000   -1.3099385459e-02   -3.5264704254e-01
 960.0000000   -1.5300829283e-02   -3.5542691483e-01
 980.0000000   -5.9228268680e-03   -3.0789844404e-01
1000.0000000   -1.5024642802e-02   -2.0095162255e-01
1020.0000000   -1.5023122978e-02   -2.2398659858e-01
1040.0000000   -1.5016003517e-02   -1.4608916624e-01
1060.0000000   -1.8100907566e-02   -5.2558026131e-02
1080.0000000   -2.3793233845e-02   -7.8255467528e-02
1100.0000000   -8.6432012200e-03    9.0351906041e-03
1120.0000000   -8.6496732797e-03    6.1440090564e-02
1140.0000000   -9.3529615874e-03    3.0813224490e-02
1160.0000000   -8.7929643815e-03    1.1122490943e-01
1180.0000000   -4.3158018388e-03    1.2045243961e-01
1200.0000000   -5.7857381765e-03    1.0674960655e-01
1220.0000000   -6.1389287140e-03    1.8997142680e-01
1240.0000000   -8.0602161534e-03    1.7396317456e-01
1260.0000000   -7.0181638427e-03    1.8718330392e-01
1280.0000000   -1.3459014144e-02    2.6362940002e-01
1300.0000000   -5.6766763015e-03    2.3019759477e-01
1320.0000000   -4.3194534484e-03    2.6077051894e-01
1340.0000000   -8.3509556740e-03    3.1007145756e-01
1360.0000000   -4.3121006566e-03    2.6624053740e-01
1380.0000000   -4.1374556161e-06    3.0751574836e-01
1400.0000000    4.5014844769e-07    3.2141655879e-01
1420.0000000   -5.7658560041e-03    2.7463915039e-01
1440.0000000   -5.7733876365e-03    3.2142387671e-01
1460.0000000   -9.5203581549e-07    3.1315109385e-01
1480.0000000    4.4279868211e-06    2.7719296880e-01
1500.0000000   -2.1668152755e-06    3.0550022487e-01
1520.0000000   -2.3883143299e-06    2.7210765228e-01
1540.0000000    4.6643039447e-06    2.7182999243e-01
1560.0000000   -1.2417372298e-06    3.0732722524e-01
1580.0000000   -3.0365863399e-06    2.6903930518e-01
1600.0000000    4.3492824602e-06    2.8004265467e-01
1620.0000000   -4.4345550199e-03    2.8642355825e-01
1640.0000000   -3.7705619105e-06    2.4553597515e-01
1660.0000000    3.3674094313e-06    2.7329862454e-01
1680.0000000   -4.2247526295e-03    2.6792996801e-01
1700.0000000   -5.2273771150e-06    2.5246412133e-01
1720.0000000   -8.3654572274e-03    2.9575193442e-01
1740.0000000   -8.3648153704e-03    2.7080436030e-01
1760.0000000   -4.0968010502e-06    2.6316163884e-01
1780.0000000   -8.7698215763e-03    2.9657472031e-01
1800.0000000    4.0660376886e-06    2.4976409399e-01
1820.0000000   -6.7269066356e-03    2.3340233891e-01
1840.0000000   -3.2024792070e-03    2.3972635124e-01
1860.0000000   -3.1982038514e-03    2.0999120426e-01
1880.0000000   -4.3854813153e-03    2.3653962013e-01
1900.0000000   -3.2036269047e-03    2.3540231099e-01
1920.0000000    4.7014987725e-06    2.0519682824e-01
1940.0000000   -1.7360877303e-06    2.3384005271e-01
1960.0000000   -2.6849554421e-06    2.1313124027e-01
1980.0000000    4.1533587874e-06    1.8470242953e-01
2000.0000000   -4.0952455986e-03    2.0123040666e-01
