#          t             R = ...
   0.0000000    1.1410600000e+00    5.0000000000e+02
   0.0000000   -1.1156924214e-19    5.8706905956e-15
   5.0000000   -2.9597684763e-03   -6.9211027545e-02
  10.0000000    3.2950728581e-02   -1.9509086695e-01
  15.0000000    5.9107918294e-03   -2.4618838270e-01
  20.0000000    8.2493600138e-03   -3.3927771886e-01
  25.0000000    9.6495965265e-03   -4.5172081208e-01
  30.0000000    4.5984717588e-03   -4.9662109666e-01
  35.0000000    6.4778724775e-03   -6.1127099409e-01
  40.0000000    1.5092220169e-04   -7.0140442752e-01
  45.0000000    1.1567314528e-02   -7.5412238529e-01
  50.0000000    2.1623274520e-03   -8.8070243025e-01
