#          t             R = ...
   0.0000000    1.1410600000e+00    3.0000000000e+02
   0.0000000   -3.0423547833e-20   -1.2001549846e-16
   5.0000000   -8.5639893886e-03   -3.7543757981e-02
  10.0000000    3.6251751058e-03   -1.0776176436e-01
  15.0000000   -6.2578357896e-03   -1.3406350654e-01
  20.0000000   -1.6965099223e-02   -1.8681677146e-01
  25.0000000   -7.4411906161e-03   -2.4803353325e-01
  30.0000000   -1.0718978857e-02   -2.7116473600e-01
  35.0000000   -2.1212522056e-02   -3.3689483938e-01
  40.0000000   -1.4359447449e-02   -3.8367045633e-01
  45.0000000   -1.7368885529e-02   -4.1312835031e-01
  50.0000000   -2.0214982080e-02   -4.8463338483e-01
  55.0000000   -2.2197316629e-02   -5.1688227896e-01
  60.0000000   -2.4503801839e-02   -5.5969470431e-01
  65.0000000   -2.0417349732e-02   -6.2780624000e-01
  70.0000000   -3.3696357217e-02   -6.5130716396e-01
  75.0000000   -2.8816964846e-02   -7.0932463483e-01
  80.0000000   -2.8277070989e-02   -7.6608433940e-01
  85.0000000   -4.3264504886e-02   -7.8996549841e-01
  90.0000000   -3.1314686712e-02   -8.5894570833e-01
  95.0000000   -4.4194608723e-02   -9.0052465772e-01
 100.0000000   -4.6082281527e-02   -9.3372594754e-01
 105.0000000   -3.9747245269e-02   -1.0051768588e+00
 110.0000000   -6.1532064074e-02   -1.0336685561e+00
 115.0000000   -4.5143188995e-02   -1.0816587074e+00
 120.0000000   -5.9273849718e-02   -1.1462530420e+00
 125.0000000   -7.0858721642e-02   -1.1690137143e+00
 130.0000000   -5.0306590458e-02   -1.2315844604e+00
 135.0000000   -8.4602675638e-02   -1.2825796021e+00
 140.0000000   -6.9888363517e-02   -1.3092437930e+00
 145.0000000   -7.0793285399e-02   -1.3803970724e+00
 150.0000000   -1.0303507301e-01   -1.4161298207e+00
 155.0000000   -6.8852717959e-02   -1.4548235683e+00
 160.0000000   -1.0529583781e-01   -1.5251128381e+00
 165.0000000   -1.0578477361e-01   -1.5498267696e+00
 170.0000000   -8.3695017325e-02   -1.6040809831e+00
 175.0000000   -1.3927549241e-01   -1.6643146039e+00
 180.0000000   -9.8499528160e-02   -1.6866629018e+00
 185.0000000   -1.2184787336e-01   -1.7540001571e+00
 190.0000000   -1.5508954673e-01   -1.7987887893e+00
 195.0000000   -1.0075539127e-01   -1.8285219514e+00
 200.0000000   -1.7247190118e-01   -1.9013147812e+00
 205.0000000   -1.4824745744e-01   -1.9311963999e+00
 210.0000000   -1.3187473901e-01   -1.9753778132e+00
 215.0000000   -2.1108615379e-01   -2.0437085018e+00
 220.0000000   -1.3571917522e-01   -2.0650168148e+00
 225.0000000   -1.9278963640e-01   -2.1252109956e+00
 230.0000000   -2.1799631283e-01   -2.1806481844e+00
 235.0000000   -1.4699146702e-01   -2.2031465132e+00
 240.0000000   -2.5987002388e-01   -2.2747049999e+00
 245.0000000   -1.9744828650e-01   -2.3135984401e+00
 250.0000000   -2.0155009802e-01   -2.3467854341e+00
 255.0000000   -2.9890214595e-01   -2.4205470740e+00
 260.0000000   -1.8067332716e-01   -2.4455607763e+00
 265.0000000   -2.8919745341e-01   -2.4950190291e+00
 270.0000000   -2.9166728296e-01   -2.5607586408e+00
 275.0000000   -2.0650122869e-01   -2.5799722935e+00
 280.0000000   -3.7084621694e-01   -2.6451359691e+00
 285.0000000   -2.5549263311e-01   -2.6954750987e+00
 290.0000000   -2.9091265849e-01   -2.7193856334e+00
 295.0000000   -4.0367171478e-01   -2.7936343413e+00
 300.0000000   -2.3784466168e-01   -2.8269361651e+00
 305.0000000   -4.0833916120e-01   -2.8644663850e+00
 310.0000000   -3.7508820739e-01   -2.9375316263e+00
 315.0000000   -2.8511569244e-01   -2.9586448246e+00
 320.0000000   -5.0241647852e-01   -3.0136814076e+00
 325.0000000   -3.1986740241e-01   -3.0754999611e+00
 330.0000000   -4.0546115310e-01   -3.0940270543e+00
 335.0000000   -5.2352466705e-01   -3.1638128348e+00
 340.0000000   -3.0337582072e-01   -3.2083777422e+00
 345.0000000   -5.5394340482e-01   -3.2350938580e+00
 350.0000000   -4.6872863357e-01   -3.3111499311e+00
 355.0000000   -3.7762478084e-01   -3.3389508481e+00
 360.0000000   -6.5592740404e-01   -3.3818068640e+00
 365.0000000   -3.9362494860e-01   -3.4530866421e+00
 370.0000000   -5.3882712819e-01   -3.4708192057e+00
 375.0000000   -6.5739625577e-01   -3.5313551302e+00
 380.0000000   -3.8200162364e-01   -3.5884677502e+00
 385.0000000   -7.1958121096e-01   -3.6081417244e+00
 390.0000000   -5.6932463548e-01   -3.6826296786e+00
 395.0000000   -4.8863317364e-01   -3.7198579106e+00
 400.0000000   -8.2632142710e-01   -3.7479464150e+00
 405.0000000   -4.7134799083e-01   -3.8251522282e+00
 410.0000000   -6.9422350507e-01   -3.8518336200e+00
 415.0000000   -8.0312581159e-01   -3.9014805511e+00
 420.0000000   -4.6574378708e-01   -3.9641985196e+00
 425.0000000   -9.0611836814e-01   -3.9789201365e+00
 430.0000000   -6.7810820651e-01   -4.0576008700e+00
 435.0000000   -6.0807037978e-01   -4.1132520139e+00
 440.0000000   -1.0123234873e+00   -4.1090486860e+00
 445.0000000   -5.5657730953e-01   -4.1652434070e+00
 450.0000000   -8.6030854886e-01   -4.2232759880e+00
 455.0000000   -9.5746608764e-01   -4.2935289569e+00
 460.0000000   -5.5881965775e-01   -4.3515821665e+00
 465.0000000   -1.1031695221e+00   -4.3469277930e+00
 470.0000000   -7.8950223701e-01   -4.4475290893e+00
 475.0000000   -7.3872436935e-01   -4.5362223175e+00
 480.0000000   -1.2068231418e+00   -4.4617599794e+00
 485.0000000   -6.4087665963e-01   -4.4739537079e+00
 490.0000000   -1.0375163542e+00   -4.5950605161e+00
 495.0000000   -1.1180385803e+00   -4.6433821888e+00
 500.0000000   -6.4934363906e-01   -4.6313699669e+00
 505.0000000   -1.3087900219e+00   -4.7034571350e+00
 510.0000000   -9.0562084019e-01   -4.9139550983e+00
 515.0000000   -8.6581992122e-01   -4.9547601998e+00
 520.0000000   -1.4059936475e+00   -4.8452305071e+00
 525.0000000   -7.2875667918e-01   -5.0110291405e+00
 530.0000000   -1.2101506469e+00   -5.1220694739e+00
 535.0000000   -1.2794099314e+00   -4.9060309610e+00
 540.0000000   -7.4145462671e-01   -4.9212588220e+00
 545.0000000   -1.5094841115e+00   -5.1268696412e+00
 550.0000000   -1.0190818594e+00   -5.0496919892e+00
 555.0000000   -9.9096430087e-01   -4.9806346984e+00
 560.0000000   -1.6013338032e+00   -5.2249288565e+00
 565.0000000   -8.0989791391e-01   -5.3836003492e+00
 570.0000000   -1.3766468016e+00   -5.2809177031e+00
 575.0000000   -1.4393998323e+00   -5.4198154186e+00
 580.0000000   -8.2114654076e-01   -5.7040254423e+00
 585.0000000   -1.7010636621e+00   -5.5742968430e+00
 590.0000000   -1.1330112902e+00   -5.5363381136e+00
 595.0000000   -1.0970635396e+00   -5.8245714656e+00
 600.0000000   -1.7872942476e+00   -5.7041852342e+00
 605.0000000   -8.9011712249e-01   -5.5517347711e+00
 610.0000000   -1.5190436403e+00   -5.8082500101e+00
 615.0000000   -1.5916373577e+00   -5.7512054269e+00
 620.0000000   -8.9379173267e-01   -5.5828692560e+00
 625.0000000   -1.8681528294e+00   -5.8107503622e+00
 630.0000000   -1.2397491567e+00   -5.8422387223e+00
 635.0000000   -1.1866719849e+00   -5.7080073264e+00
 640.0000000   -1.9541815218e+00   -5.9047710885e+00
 645.0000000   -9.5923414026e-01   -6.0189754311e+00
 650.0000000   -1.6363245817e+00   -5.9173465610e+00
 655.0000000   -1.7337223136e+00   -6.0741667986e+00
 660.0000000   -9.4584271045e-01   -6.2519813069e+00
 665.0000000   -2.0068170947e+00   -6.1583982093e+00
 670.0000000   -1.3435218256e+00   -6.2707192613e+00
 675.0000000   -1.2433504294e+00   -6.4877536770e+00
 680.0000000   -2.0964268318e+00   -6.3757849083e+00
 685.0000000   -1.0255525662e+00   -6.4501090485e+00
 690.0000000   -1.7112272122e+00   -6.6818406794e+00
 695.0000000   -1.8593594325e+00   -6.5363789049e+00
 700.0000000   -9.8633585966e-01   -6.5913131705e+00
 705.0000000   -2.1021105217e+00   -6.8189223721e+00
 710.0000000   -1.4374013107e+00   -6.6414519787e+00
 715.0000000   -1.2739954364e+00   -6.6993303326e+00
 720.0000000   -2.2044623434e+00   -6.9096166249e+00
 725.0000000   -1.0809469358e+00   -6.7150184873e+00
 730.0000000   -1.7469757959e+00   -6.7923885060e+00
 735.0000000   -1.9662925147e+00   -6.9768399997e+00
 740.0000000   -1.0053119729e+00   -6.7866381904e+00
 745.0000000   -2.1534039910e+00   -6.8903392311e+00
 750.0000000   -1.5265653786e+00   -7.0458895509e+00
 755.0000000   -1.2668658677e+00   -6.8792184827e+00
 760.0000000   -2.2747433353e+00   -7.0057218761e+00
 765.0000000   -1.1364031796e+00   -7.1351338192e+00
 770.0000000   -1.7309546509e+00   -7.0018965982e+00
 775.0000000   -2.0493574568e+00   -7.1407721276e+00
 780.0000000   -1.0168361738e+00   -7.2523393374e+00
 785.0000000   -2.1491599655e+00   -7.1521042004e+00
 790.0000000   -1.6054767166e+00   -7.2927183277e+00
 795.0000000   -1.2358478205e+00   -7.3970660963e+00
 800.0000000   -2.2991225573e+00   -7.3209190248e+00
 805.0000000   -1.1868611614e+00   -7.4578610891e+00
 810.0000000   -1.6741267507e+00   -7.5617675554e+00
 815.0000000   -2.1061021768e+00   -7.4953638503e+00
 820.0000000   -1.0164946918e+00   -7.6311830494e+00
 825.0000000   -2.0955609911e+00   -7.7337891998e+00
 830.0000000   -1.6789918995e+00   -7.6630632218e+00
 835.0000000   -1.1768983139e+00   -7.8077792195e+00
 840.0000000   -2.2786898845e+00   -7.9013291702e+00
 845.0000000   -1.2447979345e+00   -7.8193754383e+00
 850.0000000   -1.5722195296e+00   -7.9845148381e+00
 855.0000000   -2.1338149115e+00   -8.0549722827e+00
 860.0000000   -1.0230801739e+00   -7.9656158771e+00
 865.0000000   -1.9878539852e+00   -8.1571110297e+00
 870.0000000   -1.7431027710e+00   -8.1871686080e+00
 875.0000000   -1.1120864926e+00   -8.1053055783e+00
 880.0000000   -2.2089162131e+00   -8.3206925797e+00
 885.0000000   -1.3077080973e+00   -8.2971483323e+00
 890.0000000   -1.4463800727e+00   -8.2444344727e+00
 895.0000000   -2.1301559052e+00   -8.4709866727e+00
 900.0000000   -1.0374275523e+00   -8.3907874762e+00
 905.0000000   -1.8421604448e+00   -8.3880654454e+00
 910.0000000   -1.8006056938e+00   -8.6034403223e+00
 915.0000000   -1.0455491922e+00   -8.4765983934e+00
 920.0000000   -2.0984400977e+00   -8.5376216945e+00
 925.0000000   -1.3863931894e+00   -8.7160079505e+00
 930.0000000   -1.3021476667e+00   -8.5647739771e+00
 935.0000000   -2.0966434479e+00   -8.6911785242e+00
 940.0000000   -1.0795724045e+00   -8.8110066903e+00
 945.0000000   -1.6626557818e+00   -8.6649201749e+00
 950.0000000   -1.8490507357e+00   -8.8439969349e+00
 955.0000000   -1.0048654573e+00   -8.8942394785e+00
 960.0000000   -1.9481556573e+00   -8.7830994653e+00
 965.0000000   -1.4790381795e+00   -8.9906642554e+00
 970.0000000   -1.1699509698e+00   -8.9742441648e+00
 975.0000000   -2.0314428302e+00   -8.9205004649e+00
 980.0000000   -1.1523096600e+00   -9.1271578358e+00
 985.0000000   -1.4764350643e+00   -9.0601758620e+00
 990.0000000   -1.8874162330e+00   -9.0732036653e+00
 995.0000000   -9.9886397285e-01   -9.2519007239e+00
1000.0000000   -1.7766048972e+00   -9.1591939578e+00
1005.0000000   -1.5906942612e+00   -9.2337693135e+00
1010.0000000   -1.0626684060e+00   -9.3665165347e+00
1015.0000000   -1.9424939813e+00   -9.2751053437e+00
1020.0000000   -1.2711177882e+00   -9.3944092707e+00
1025.0000000   -1.2958871114e+00   -9.4759297466e+00
1030.0000000   -1.9151072956e+00   -9.4082157551e+00
1035.0000000   -1.0543766610e+00   -9.5497711431e+00
1040.0000000   -1.5910347431e+00   -9.5867395003e+00
1045.0000000   -1.7176125322e+00   -9.5554087339e+00
1050.0000000   -1.0149656366e+00   -9.6977281062e+00
1055.0000000   -1.8299528470e+00   -9.7042826001e+00
1060.0000000   -1.4354015153e+00   -9.7106278337e+00
1065.0000000   -1.1565702875e+00   -9.8385828462e+00
1070.0000000   -1.9274755455e+00   -9.8304763680e+00
1075.0000000   -1.1781441596e+00   -9.8669398323e+00
1080.0000000   -1.4201320246e+00   -9.9744351864e+00
1085.0000000   -1.8561815895e+00   -9.9640851341e+00
1090.0000000   -1.0408261091e+00   -1.0019613455e+01
1095.0000000   -1.7101761457e+00   -1.0108577904e+01
1100.0000000   -1.6494028464e+00   -1.0102196607e+01
1105.0000000   -1.0752944520e+00   -1.0167623782e+01
1110.0000000   -1.9276953090e+00   -1.0243779695e+01
1115.0000000   -1.3868788859e+00   -1.0241264195e+01
1120.0000000   -1.2770215370e+00   -1.0312602610e+01
1125.0000000   -2.0004919893e+00   -1.0380363076e+01
1130.0000000   -1.1694437455e+00   -1.0378158766e+01
1135.0000000   -1.5873164654e+00   -1.0456976005e+01
1140.0000000   -1.9053221956e+00   -1.0516123141e+01
1145.0000000   -1.0886712918e+00   -1.0511878607e+01
1150.0000000   -1.9096805496e+00   -1.0602713198e+01
1155.0000000   -1.6778455893e+00   -1.0648038974e+01
1160.0000000   -1.1972602687e+00   -1.0644506392e+01
1165.0000000   -2.1379862069e+00   -1.0750156733e+01
1170.0000000   -1.4067176569e+00   -1.0773845391e+01
1175.0000000   -1.4872099237e+00   -1.0779902347e+01
1180.0000000   -2.1916214548e+00   -1.0896865491e+01
1185.0000000   -1.2097880899e+00   -1.0892880850e+01
1190.0000000   -1.8840808702e+00   -1.0921229671e+01
1195.0000000   -2.0486938497e+00   -1.1037948842e+01
1200.0000000   -1.1952957666e+00   -1.1006993628e+01
1205.0000000   -2.2639609574e+00   -1.1069391870e+01
1210.0000000   -1.7647486545e+00   -1.1168399891e+01
1215.0000000   -1.4180886102e+00   -1.1120997329e+01
1220.0000000   -2.4933995515e+00   -1.1222575482e+01
1225.0000000   -1.4650452287e+00   -1.1285840955e+01
1230.0000000   -1.8471193330e+00   -1.1241515466e+01
1235.0000000   -2.4826382004e+00   -1.1376225981e+01
1240.0000000   -1.3058443841e+00   -1.1391717989e+01
1245.0000000   -2.3615420205e+00   -1.1374016724e+01
1250.0000000   -2.2327864356e+00   -1.1523575078e+01
1255.0000000   -1.4130484659e+00   -1.1490890386e+01
1260.0000000   -2.7853409985e+00   -1.1520001155e+01
1265.0000000   -1.8537655985e+00   -1.1657753918e+01
1270.0000000   -1.8199851776e+00   -1.1590771581e+01
1275.0000000   -2.9550162522e+00   -1.1676198693e+01
1280.0000000   -1.5365809810e+00   -1.1774847216e+01
1285.0000000   -2.4333786996e+00   -1.1699691680e+01
1290.0000000   -2.7970289527e+00   -1.1835422478e+01
1295.0000000   -1.4811944968e+00   -1.1875884328e+01
1300.0000000   -3.0512561379e+00   -1.1824186108e+01
1305.0000000   -2.3800485123e+00   -1.1988497357e+01
1310.0000000   -1.8039830615e+00   -1.1966975800e+01
1315.0000000   -3.4370247617e+00   -1.1966414231e+01
1320.0000000   -1.9098932244e+00   -1.2127039238e+01
1325.0000000   -2.4656903962e+00   -1.2057754029e+01
1330.0000000   -3.4264158260e+00   -1.2122941143e+01
1335.0000000   -1.6560020912e+00   -1.2246286244e+01
1340.0000000   -3.2608572825e+00   -1.2158517604e+01
1345.0000000   -3.0208302480e+00   -1.2285366149e+01
1350.0000000   -1.8311161141e+00   -1.2346932817e+01
1355.0000000   -3.8879784650e+00   -1.2276965625e+01
1360.0000000   -2.4163237723e+00   -1.2442785756e+01
1365.0000000   -2.4756964508e+00   -1.2435392742e+01
1370.0000000   -4.0817693699e+00   -1.2415721293e+01
1375.0000000   -1.9397272567e+00   -1.2585390528e+01
1380.0000000   -3.4078532303e+00   -1.2522250619e+01
1385.0000000   -3.7515678932e+00   -1.2571341626e+01
1390.0000000   -1.9064243971e+00   -1.2707710772e+01
1395.0000000   -4.2778168728e+00   -1.2618997136e+01
1400.0000000   -3.0547446248e+00   -1.2734960893e+01
1405.0000000   -2.4592304986e+00   -1.2810253871e+01
1410.0000000   -4.7179704826e+00   -1.2734131727e+01
1415.0000000   -2.3547815695e+00   -1.2894733715e+01
1420.0000000   -3.4696384650e+00   -1.2899402598e+01
1425.0000000   -4.5262699348e+00   -1.2870445308e+01
1430.0000000   -2.0662652871e+00   -1.3039809053e+01
1435.0000000   -4.5640242951e+00   -1.2985858514e+01
1440.0000000   -3.7917667766e+00   -1.3024406903e+01
1445.0000000   -2.4503575857e+00   -1.3164198135e+01
1450.0000000   -5.2807155600e+00   -1.3081535280e+01
1455.0000000   -2.8870443656e+00   -1.3187215981e+01
1460.0000000   -3.4614023691e+00   -1.3268562463e+01
1465.0000000   -5.2941008326e+00   -1.3195456360e+01
1470.0000000   -2.3125050540e+00   -1.3347138989e+01
1475.0000000   -4.7329454533e+00   -1.3359557389e+01
1480.0000000   -4.5963882742e+00   -1.3330528843e+01
1485.0000000   -2.4550926564e+00   -1.3493116088e+01
1490.0000000   -5.7286131223e+00   -1.3447696050e+01
1495.0000000   -3.5356527240e+00   -1.3482824133e+01
1500.0000000   -3.3783637164e+00   -1.3618680243e+01
1505.0000000   -5.9978695766e+00   -1.3544367598e+01
1510.0000000   -2.6735109679e+00   -1.3643268568e+01
1515.0000000   -4.7581468866e+00   -1.3724285097e+01
1520.0000000   -5.4133463275e+00   -1.3658307996e+01
1525.0000000   -2.5182951411e+00   -1.3800603821e+01
1530.0000000   -6.0125809262e+00   -1.3816866614e+01
1535.0000000   -4.2631529705e+00   -1.3792506267e+01
1540.0000000   -3.2618570321e+00   -1.3944699721e+01
1545.0000000   -6.5763409314e+00   -1.3907128916e+01
1550.0000000   -3.1367967108e+00   -1.3943105367e+01
1555.0000000   -4.6580878615e+00   -1.4069718635e+01
1560.0000000   -6.1876795664e+00   -1.4006003347e+01
1565.0000000   -2.6477800411e+00   -1.4101002531e+01
1570.0000000   -6.1174610460e+00   -1.4176210203e+01
1575.0000000   -5.0397220910e+00   -1.4121317744e+01
1580.0000000   -3.1256233867e+00   -1.4255124459e+01
1585.0000000   -6.9831307736e+00   -1.4270845621e+01
1590.0000000   -3.7087419331e+00   -1.4255295994e+01
1595.0000000   -4.4349231073e+00   -1.4395996076e+01
1600.0000000   -6.8564358213e+00   -1.4363877082e+01
1605.0000000   -2.8840383167e+00   -1.4403919286e+01
1610.0000000   -6.0214128447e+00   -1.4518824926e+01
1615.0000000   -5.8067447353e+00   -1.4465637165e+01
1620.0000000   -3.0289504491e+00   -1.4558508746e+01
1625.0000000   -7.1713731817e+00   -1.4625006838e+01
1630.0000000   -4.3534834665e+00   -1.4583075389e+01
1635.0000000   -4.1436432788e+00   -1.4708644947e+01
1640.0000000   -7.3595656241e+00   -1.4721269637e+01
1645.0000000   -3.2221477795e+00   -1.4717410696e+01
1650.0000000   -5.7531729709e+00   -1.4845617244e+01
1655.0000000   -6.5115963601e+00   -1.4817171587e+01
1660.0000000   -2.9924220507e+00   -1.4864054003e+01
1665.0000000   -7.1315302702e+00   -1.4965562816e+01
1670.0000000   -5.0469724634e+00   -1.4922008007e+01
1675.0000000   -3.8137051909e+00   -1.5014531620e+01
1680.0000000   -7.6521637835e+00   -1.5070665421e+01
1685.0000000   -3.6792391149e+00   -1.5041655920e+01
1690.0000000   -5.3305519621e+00   -1.5159390484e+01
1695.0000000   -7.0908471249e+00   -1.5167962130e+01
1700.0000000   -3.0722844416e+00   -1.5176582804e+01
1705.0000000   -6.8546158391e+00   -1.5291490530e+01
1710.0000000   -5.7313417852e+00   -1.5266749907e+01
1715.0000000   -3.5233853937e+00   -1.5321879867e+01
1720.0000000   -7.6960081560e+00   -1.5408342045e+01
1725.0000000   -4.2245644478e+00   -1.5375212369e+01
1730.0000000   -4.8276352324e+00   -1.5469037058e+01
1735.0000000   -7.4894754760e+00   -1.5512616169e+01
1740.0000000   -3.2750034877e+00   -1.5497523763e+01
1745.0000000   -6.3851414997e+00   -1.5609071953e+01
1750.0000000   -6.3578200738e+00   -1.5611125553e+01
