#          t             R = ...
   0.0000000    1.1410600000e+00    3.0000000000e+02
   0.0000000   -6.1056781816e-18   -3.2816793987e-14
   0.6250000    1.1526139352e-01   -7.3432236962e-01
   1.2500000    2.0475227208e-01   -9.2716285967e-01
   1.8750000    1.0118986883e+00   -1.9846919082e+00
   2.5000000    8.6706030244e-01   -2.2051837675e+00
   3.1250000    2.6084880411e-01   -2.8978580278e+00
   3.7500000    1.4974726072e+00   -3.6741220038e+00
   4.3750000    8.4730432554e-01   -3.8473227415e+00
   5.0000000    5.9827529204e-01   -4.8983445650e+00
   5.6250000    1.5724854405e+00   -5.1525907682e+00
   6.2500000    2.3900416698e-01   -5.8028244183e+00
   6.8750000    1.4623687689e+00   -6.6138405644e+00
   7.5000000    3.6281395927e-01   -6.7785753153e+00
   8.1250000    1.1187419867e+00   -7.8081351023e+00
   8.7500000    4.8609214200e-01   -8.1072997951e+00
   9.3750000    8.6095154877e-01   -8.7080448775e+00
  10.0000000    5.0050065025e-01   -9.5522463667e+00
  10.6250000    7.1682479595e-01   -9.7152859228e+00
  11.2500000    4.4329965634e-01   -1.0711869837e+01
  11.8750000    6.4377230758e-01   -1.1066535600e+01
  12.5000000    3.5740418425e-01   -1.1609885075e+01
  13.1250000    6.0731547239e-01   -1.2489343732e+01
  13.7500000    2.6734608504e-01   -1.2653476063e+01
  14.3750000    5.8468177521e-01   -1.3610577929e+01
  15.0000000    1.9273522588e-01   -1.4027987716e+01
  15.6250000    5.5643012086e-01   -1.4508355996e+01
  16.2500000    1.4606396080e-01   -1.5425672944e+01
  16.8750000    5.1011798395e-01   -1.5591647137e+01
  17.5000000    1.3105926408e-01   -1.6506722595e+01
  18.1250000    4.4451517611e-01   -1.6990147977e+01
  18.7500000    1.4546170507e-01   -1.7405535176e+01
  19.3750000    3.6293442916e-01   -1.8361558763e+01
  20.0000000    1.8063065151e-01   -1.8530020796e+01
  20.6250000    2.7402058351e-01   -1.9402579197e+01
  21.2500000    2.2304815994e-01   -1.9952097260e+01
  21.8750000    1.9219563744e-01   -2.0303876145e+01
  22.5000000    2.5712262027e-01   -2.1296804820e+01
  23.1250000    1.3094247211e-01   -2.1469490797e+01
  23.7500000    2.7079617907e-01   -2.2299495898e+01
  24.3750000    9.7663138305e-02   -2.2913230822e+01
  25.0000000    2.5971755880e-01   -2.3205243486e+01
  25.6250000    9.2557174102e-02   -2.4230796812e+01
  26.2500000    2.2645580145e-01   -2.4410915753e+01
  26.8750000    1.0944565536e-01   -2.5197900807e+01
  27.5000000    1.7923582726e-01   -2.5873105042e+01
  28.1250000    1.3687164975e-01   -2.6110672116e+01
  28.7500000    1.3043076754e-01   -2.7162791539e+01
  29.3750000    1.6180023801e-01   -2.7354835233e+01
  30.0000000    9.2618582199e-02   -2.8097675430e+01
  30.6250000    1.7331024335e-01   -2.8831392390e+01
  31.2500000    7.3206311722e-02   -2.9020552625e+01
  31.8750000    1.6673935896e-01   -3.0092185499e+01
  32.5000000    7.2792276600e-02   -3.0301465157e+01
  33.1250000    1.4481903370e-01   -3.0998561621e+01
  33.7500000    8.6001907852e-02   -3.1787870446e+01
  34.3750000    1.1479004561e-01   -3.1934935688e+01
  35.0000000    1.0416532584e-01   -3.3018645790e+01
  35.6250000    8.5553580469e-02   -3.3250796115e+01
  36.2500000    1.1841089038e-01   -3.3900412917e+01
  36.8750000    6.5062042143e-02   -3.4742391202e+01
  37.5000000    1.2219805793e-01   -3.4853760320e+01
  38.1250000    5.7545747147e-02   -3.5942091949e+01
  38.7500000    1.1361663358e-01   -3.6202679014e+01
  39.3750000    6.2008249839e-02   -3.6803255731e+01
  40.0000000    9.5995753312e-02   -3.7694824246e+01
  40.6250000    7.3236764372e-02   -3.7776948060e+01
  41.2500000    7.5697733154e-02   -3.8862590868e+01
  41.8750000    8.4516562990e-02   -3.9156863093e+01
  42.5000000    5.8921787186e-02   -3.9707226649e+01
  43.1250000    9.0501442597e-02   -4.0644999310e+01
  43.7500000    4.9693175324e-02   -4.0704399111e+01
  44.3750000    8.8604172420e-02   -4.1780243798e+01
  45.0000000    4.9052617769e-02   -4.2113003239e+01
  45.6250000    7.9250084145e-02   -4.2612476953e+01
  46.2500000    5.4885099018e-02   -4.3592676270e+01
  46.8750000    6.5733500926e-02   -4.3635955099e+01
  47.5000000    6.3142774429e-02   -4.4695118560e+01
  48.1250000    5.2765221799e-02   -4.5070666044e+01
  48.7500000    6.9073452598e-02   -4.5519108154e+01
  49.3750000    4.4094990926e-02   -4.6537554424e+01
  50.0000000    6.9752656909e-02   -4.6571376485e+01
  50.6250000    4.1478775513e-02   -4.7607241576e+01
  51.2500000    6.5087227912e-02   -4.8029352176e+01
  51.8750000    4.4004660188e-02   -4.8427160222e+01
  52.5000000    5.6661784096e-02   -4.9479314230e+01
  53.1250000    4.9096200726e-02   -4.9510352030e+01
  53.7500000    4.7222265912e-02   -5.0516635382e+01
  54.3750000    5.3853014321e-02   -5.0988535619e+01
  55.0000000    3.9737944568e-02   -5.1336642390e+01
  55.6250000    5.5869201690e-02   -5.2417673683e+01
  56.2500000    3.6147874652e-02   -5.2452533831e+01
  56.8750000    5.3919226820e-02   -5.3423375094e+01
  57.5000000    3.6651485196e-02   -5.3947709282e+01
  58.1250000    4.8587661073e-02   -5.4247582569e+01
  58.7500000    3.9777577909e-02   -5.5352440158e+01
  59.3750000    4.1876378993e-02   -5.5397580970e+01
  60.0000000    4.3259771524e-02   -5.6327638835e+01
  60.6250000    3.5984974175e-02   -5.6906424053e+01
  61.2500000    4.5207941712e-02   -5.7160072010e+01
  61.8750000    3.2404723470e-02   -5.8283543848e+01
  62.5000000    4.4685301964e-02   -5.8345195513e+01
  63.1250000    3.1596945941e-02   -5.9229736115e+01
  63.7500000    4.1675349120e-02   -5.9864312058e+01
  64.3750000    3.3043917782e-02   -6.0074290234e+01
  65.0000000    3.7060697758e-02   -6.1211046958e+01
  65.6250000    3.5508113687e-02   -6.1295141037e+01
  66.2500000    3.2441951557e-02   -6.2130108643e+01
  66.8750000    3.7486899586e-02   -6.2821090961e+01
  67.5000000    2.9234824743e-02   -6.2990505111e+01
  68.1250000    3.7718786326e-02   -6.4135130127e+01
