#          t             R = ...
   0.0000000    1.7141400000e+00    5.0000000000e+02
   0.0000000   -7.5286569819e-19   -5.6232419903e-15
   5.0000000   -4.7447891129e-03   -9.6542692019e-02
  10.0000000    2.0421967830e-03   -2.7213249540e-01
  15.0000000    4.3844018472e-03   -3.4341878271e-01
  20.0000000   -9.8721749223e-03   -4.7325098278e-01
  25.0000000    6.4302183703e-03   -6.3011526430e-01
  30.0000000   -9.4325676623e-03   -6.9274948017e-01
  35.0000000   -3.2212111567e-03   -8.5264834635e-01
  40.0000000   -1.8846861057e-03   -9.7841691274e-01
  45.0000000   -1.0714784708e-02   -1.0519306621e+00
  50.0000000   -2.8784211235e-03   -1.2284846605e+00
  55.0000000   -1.1350059848e-02   -1.3213123575e+00
  60.0000000   -6.9765264751e-03   -1.4215436929e+00
  65.0000000   -8.9764823217e-03   -1.5956956668e+00
  70.0000000   -1.5821731901e-02   -1.6648861903e+00
  75.0000000   -5.2962805981e-03   -1.7986155513e+00
  80.0000000   -1.7497966270e-02   -1.9521172501e+00
  85.0000000   -1.5084882128e-02   -2.0149693368e+00
  90.0000000   -9.9978490398e-03   -2.1776225318e+00
  95.0000000   -2.2713938626e-02   -2.2992130171e+00
 100.0000000   -1.4080927942e-02   -2.3751583767e+00
 105.0000000   -1.9805548637e-02   -2.5523560967e+00
 110.0000000   -2.2287596416e-02   -2.6415735998e+00
 115.0000000   -1.8063770508e-02   -2.7455950371e+00
 120.0000000   -2.9324352249e-02   -2.9180252897e+00
 125.0000000   -1.9483655030e-02   -2.9853625334e+00
 130.0000000   -2.8097842152e-02   -3.1229216609e+00
 135.0000000   -3.3912253351e-02   -3.2728829932e+00
 140.0000000   -2.0516190841e-02   -3.3362322579e+00
 145.0000000   -3.9898432265e-02   -3.5014226527e+00
 150.0000000   -3.3864228035e-02   -3.6188195345e+00
 155.0000000   -2.9413778408e-02   -3.6974108077e+00
 160.0000000   -4.7415663337e-02   -3.8749605724e+00
 165.0000000   -3.4476003870e-02   -3.9607199096e+00
 170.0000000   -4.4414525834e-02   -4.0686062948e+00
 175.0000000   -4.8079664635e-02   -4.2390517165e+00
 180.0000000   -4.1795617451e-02   -4.3048050228e+00
 185.0000000   -5.9124556304e-02   -4.4461035567e+00
 190.0000000   -4.5584995567e-02   -4.5923819904e+00
 195.0000000   -5.7267547636e-02   -4.6565228710e+00
 200.0000000   -6.7506598783e-02   -4.8240230982e+00
 205.0000000   -4.7612466862e-02   -4.9372518432e+00
 210.0000000   -7.5970814995e-02   -5.0187050245e+00
 215.0000000   -6.9204175332e-02   -5.1963152250e+00
 220.0000000   -5.9964445233e-02   -5.2787983869e+00
 225.0000000   -8.9899692207e-02   -5.3906105501e+00
 230.0000000   -7.0334701705e-02   -5.5588109790e+00
 235.0000000   -8.1784922676e-02   -5.6232557758e+00
 240.0000000   -9.4337112870e-02   -5.7681785078e+00
 245.0000000   -7.9313719026e-02   -5.9106332377e+00
 250.0000000   -1.0538473794e-01   -5.9758422617e+00
 255.0000000   -9.2290289265e-02   -6.1454028086e+00
 260.0000000   -1.0004634141e-01   -6.2544906550e+00
 265.0000000   -1.2181588546e-01   -6.3389908705e+00
 270.0000000   -9.3123527492e-02   -6.5163649116e+00
 275.0000000   -1.2814154450e-01   -6.5957569978e+00
 280.0000000   -1.2777037267e-01   -6.7115246505e+00
 285.0000000   -1.0622505481e-01   -6.8772371407e+00
 290.0000000   -1.5335759505e-01   -6.9406493339e+00
 295.0000000   -1.2898977000e-01   -7.0890562738e+00
 300.0000000   -1.3399861402e-01   -7.2275783491e+00
 305.0000000   -1.6660685046e-01   -7.2941223612e+00
 310.0000000   -1.3673671245e-01   -7.4654757258e+00
 315.0000000   -1.6896446035e-01   -7.5704826310e+00
 320.0000000   -1.6756587400e-01   -7.6581914121e+00
 325.0000000   -1.5937128344e-01   -7.8350209338e+00
 330.0000000   -1.9871084940e-01   -7.9115304137e+00
 335.0000000   -1.6569713638e-01   -8.0312513967e+00
 340.0000000   -1.9622023507e-01   -8.1942293335e+00
 345.0000000   -2.1456943116e-01   -8.2568974835e+00
 350.0000000   -1.7478141748e-01   -8.4086219284e+00
 355.0000000   -2.3618475392e-01   -8.5431095164e+00
 360.0000000   -2.1837487596e-01   -8.6112630089e+00
 365.0000000   -2.0327497184e-01   -8.7841337200e+00
 370.0000000   -2.6511064528e-01   -8.8851366908e+00
 375.0000000   -2.2218506367e-01   -8.9762254226e+00
 380.0000000   -2.4772510980e-01   -9.1522186116e+00
 385.0000000   -2.7571653008e-01   -9.2260741281e+00
 390.0000000   -2.4050692080e-01   -9.3497625425e+00
 395.0000000   -2.9427787120e-01   -9.5097951034e+00
 400.0000000   -2.7371985766e-01   -9.5720202300e+00
 405.0000000   -2.7976576904e-01   -9.7269180668e+00
 410.0000000   -3.2733115930e-01   -9.8573104737e+00
 415.0000000   -2.7485580806e-01   -9.9273425249e+00
 420.0000000   -3.3232721032e-01   -1.0101480752e+01
 425.0000000   -3.4097419139e-01   -1.0198586425e+01
 430.0000000   -2.9518723291e-01   -1.0293198055e+01
 435.0000000   -3.8176197603e-01   -1.0468086932e+01
 440.0000000   -3.4320184413e-01   -1.0539521252e+01
 445.0000000   -3.4006153602e-01   -1.0667141214e+01
 450.0000000   -4.1159116274e-01   -1.0824034309e+01
 455.0000000   -3.5174061006e-01   -1.0886088841e+01
 460.0000000   -3.9919019496e-01   -1.1043951255e+01
 465.0000000   -4.1790697721e-01   -1.1170192671e+01
 470.0000000   -3.8191613071e-01   -1.1242312301e+01
 475.0000000   -4.5395535092e-01   -1.1417398251e+01
 480.0000000   -4.1339688352e-01   -1.1510703490e+01
 485.0000000   -4.3688720033e-01   -1.1608898661e+01
 490.0000000   -4.8884155419e-01   -1.1782349319e+01
 495.0000000   -4.2552743389e-01   -1.1851571484e+01
 500.0000000   -5.0358093541e-01   -1.1982997488e+01
 505.0000000   -4.9737790244e-01   -1.2136502482e+01
 510.0000000   -4.4963824129e-01   -1.2198626723e+01
 515.0000000   -5.5660629910e-01   -1.2359165284e+01
 520.0000000   -4.9784812530e-01   -1.2481161843e+01
 525.0000000   -5.0737587108e-01   -1.2555548226e+01
 530.0000000   -5.8412907620e-01   -1.2731208554e+01
 535.0000000   -5.1089991280e-01   -1.2820792165e+01
 540.0000000   -5.7739730891e-01   -1.2922618289e+01
 545.0000000   -5.8584448480e-01   -1.3094280645e+01
 550.0000000   -5.5101410893e-01   -1.3161504321e+01
 555.0000000   -6.3525178525e-01   -1.3296628715e+01
 560.0000000   -5.7823326620e-01   -1.3446521901e+01
 565.0000000   -6.1650702970e-01   -1.3508985015e+01
 570.0000000   -6.6603032593e-01   -1.3671969797e+01
 575.0000000   -5.8509198525e-01   -1.3789687912e+01
