#          t             R = ...
   0.0000000    5.0000000000e+00    5.0000000000e+02
   0.0000000    9.7647016951e-19   -2.1455937477e-16
   5.0000000    1.0894396540e-02   -3.8079072979e-02
  10.0000000    1.2009054435e-03   -1.0710441015e-01
  15.0000000    5.4539040013e-03   -1.3493920201e-01
  20.0000000    1.5215234757e-03   -1.8664194827e-01
  25.0000000    1.8943604270e-03   -2.4776828714e-01
  30.0000000   -4.9916818782e-03   -2.7246247074e-01
  35.0000000   -4.1700726281e-03   -3.3621645162e-01
  40.0000000   -5.4959307038e-03   -3.8440862767e-01
  45.0000000   -1.2006448329e-02   -4.1421374680e-01
  50.0000000   -6.7327860282e-03   -4.8405937152e-01
  55.0000000   -1.3834872874e-02   -5.1897476696e-01
  60.0000000   -1.3342337452e-02   -5.6029986408e-01
  65.0000000   -1.1259423940e-02   -6.2804552992e-01
  70.0000000   -1.9647793498e-02   -6.5416879467e-01
  75.0000000   -1.2875806317e-02   -7.0924969610e-01
  80.0000000   -1.8627838090e-02   -7.6743779686e-01
  85.0000000   -2.1104882888e-02   -7.9246642698e-01
  90.0000000   -1.5229337546e-02   -8.5853873639e-01
  95.0000000   -2.5813838061e-02   -9.0315399035e-01
 100.0000000   -2.0030903087e-02   -9.3521514852e-01
 105.0000000   -2.2226734995e-02   -1.0054960737e+00
 110.0000000   -2.9404925744e-02   -1.0374383756e+00
 115.0000000   -2.0768614267e-02   -1.0821402548e+00
 120.0000000   -3.1552085713e-02   -1.1482717729e+00
 125.0000000   -2.9074114675e-02   -1.1730564090e+00
 130.0000000   -2.6686112993e-02   -1.2314387061e+00
 135.0000000   -3.8729000378e-02   -1.2865143392e+00
 140.0000000   -2.8344879909e-02   -1.3122985438e+00
 145.0000000   -3.7233281214e-02   -1.3804262950e+00
 150.0000000   -4.1021156789e-02   -1.4215093583e+00
 155.0000000   -3.2006005885e-02   -1.4561489004e+00
 160.0000000   -4.8080996973e-02   -1.5265052745e+00
 165.0000000   -4.0074073953e-02   -1.5557248646e+00
 170.0000000   -4.2157093918e-02   -1.6039186910e+00
 175.0000000   -5.4440425272e-02   -1.6681047218e+00
 180.0000000   -4.1030146627e-02   -1.6919240637e+00
 185.0000000   -5.6093390282e-02   -1.7534802469e+00
 190.0000000   -5.5096305823e-02   -1.8052553313e+00
 195.0000000   -4.8650189906e-02   -1.8321641948e+00
 200.0000000   -6.8017934920e-02   -1.9020230301e+00
 205.0000000   -5.3912429351e-02   -1.9395902752e+00
 210.0000000   -6.3273261787e-02   -1.9770432139e+00
 215.0000000   -7.3407438083e-02   -2.0470636780e+00
 220.0000000   -5.7315299938e-02   -2.0737676748e+00
 225.0000000   -8.0008577202e-02   -2.1254677819e+00
 230.0000000   -7.2918740140e-02   -2.1873471441e+00
 235.0000000   -6.9490408472e-02   -2.2105172086e+00
 240.0000000   -9.2005717551e-02   -2.2750297316e+00
 245.0000000   -7.2525763523e-02   -2.3233121508e+00
 250.0000000   -8.8724172242e-02   -2.3516507701e+00
 255.0000000   -9.5648181247e-02   -2.4228607373e+00
 260.0000000   -7.9445254014e-02   -2.4569493187e+00
 265.0000000   -1.0801746841e-01   -2.4973941735e+00
 270.0000000   -9.3819521904e-02   -2.5666626571e+00
 275.0000000   -9.6679302835e-02   -2.5910980615e+00
 280.0000000   -1.1986600116e-01   -2.6462850410e+00
 285.0000000   -9.4508633570e-02   -2.7055448709e+00
 290.0000000   -1.2016798505e-01   -2.7284303026e+00
 295.0000000   -1.2194614966e-01   -2.7956800873e+00
 300.0000000   -1.0534355660e-01   -2.8403648956e+00
 305.0000000   -1.4101796985e-01   -2.8704834791e+00
 310.0000000   -1.1947781111e-01   -2.9426956076e+00
 315.0000000   -1.2780358145e-01   -2.9734434529e+00
 320.0000000   -1.5160087888e-01   -3.0170911293e+00
 325.0000000   -1.2216614412e-01   -3.0852471547e+00
 330.0000000   -1.5540490123e-01   -3.1077486370e+00
 335.0000000   -1.5134104830e-01   -3.1664204899e+00
 340.0000000   -1.3750664197e-01   -3.2228151444e+00
 345.0000000   -1.7760366794e-01   -3.2458359390e+00
 350.0000000   -1.4793685961e-01   -3.3156110974e+00
 355.0000000   -1.6504038011e-01   -3.3566573539e+00
 360.0000000   -1.8693955313e-01   -3.3889221723e+00
 365.0000000   -1.5256711076e-01   -3.4617925296e+00
 370.0000000   -1.9587973593e-01   -3.4893845050e+00
 375.0000000   -1.8482448295e-01   -3.5364279598e+00
 380.0000000   -1.7232347872e-01   -3.6031204764e+00
 385.0000000   -2.1815392000e-01   -3.6240426567e+00
 390.0000000   -1.8119119371e-01   -3.6861595731e+00
 395.0000000   -2.0463285194e-01   -3.7394590548e+00
 400.0000000   -2.2503361164e-01   -3.7630249725e+00
 405.0000000   -1.8828433972e-01   -3.8350737724e+00
 410.0000000   -2.3835255860e-01   -3.8724590716e+00
 415.0000000   -2.2015280739e-01   -3.9072008637e+00
 420.0000000   -2.1235847798e-01   -3.9803593731e+00
 425.0000000   -2.6058609493e-01   -4.0049950243e+00
 430.0000000   -2.1565255173e-01   -4.0555781003e+00
 435.0000000   -2.4864275120e-01   -4.1204522199e+00
 440.0000000   -2.6536698744e-01   -4.1401531384e+00
 445.0000000   -2.2460320618e-01   -4.2056272754e+00
 450.0000000   -2.8386423481e-01   -4.2556187068e+00
 455.0000000   -2.5831823192e-01   -4.2801263116e+00
 460.0000000   -2.5224375595e-01   -4.3541625929e+00
 465.0000000   -3.0455685950e-01   -4.3878918543e+00
 470.0000000   -2.5347222017e-01   -4.4254102398e+00
 475.0000000   -2.9179498562e-01   -4.4984721455e+00
 480.0000000   -3.0599513165e-01   -4.5203723670e+00
 485.0000000   -2.6432744816e-01   -4.5745933627e+00
 490.0000000   -3.2816473609e-01   -4.6372971636e+00
 495.0000000   -2.9577606577e-01   -4.6561346476e+00
 500.0000000   -2.9480663894e-01   -4.7248257357e+00
 505.0000000   -3.4748319733e-01   -4.7713076778e+00
 510.0000000   -2.8954245266e-01   -4.7971227911e+00
 515.0000000   -3.3614959297e-01   -4.8728106845e+00
 520.0000000   -3.4611147896e-01   -4.9028962943e+00
 525.0000000   -3.0101619014e-01   -4.9434311474e+00
 530.0000000   -3.7196436469e-01   -5.0159737448e+00
 535.0000000   -3.3345960823e-01   -5.0353522380e+00
 540.0000000   -3.3303499847e-01   -5.0932330177e+00
 545.0000000   -3.8838450712e-01   -5.1533944575e+00
 550.0000000   -3.2621754921e-01   -5.1716999665e+00
 555.0000000   -3.7521736801e-01   -5.2433941877e+00
 560.0000000   -3.8302940076e-01   -5.2861644384e+00
