#          t             R = ...
   0.0000000    1.1410600000e+00    3.0000000000e+02
   0.0000000    5.9829230536e-21    2.1302607308e-17
   5.0000000   -8.6243072992e-03   -3.7647298064e-02
  10.0000000    3.3668728638e-03   -1.0739452877e-01
  15.0000000   -3.2861877444e-03   -1.3398473455e-01
  20.0000000   -4.9444972752e-03   -1.8654432740e-01
  25.0000000   -2.8751287804e-03   -2.4729278493e-01
  30.0000000   -3.5950501745e-03   -2.7097964174e-01
  35.0000000   -6.2147162520e-03   -3.3636693353e-01
  40.0000000   -4.7537764201e-03   -3.8273520902e-01
  45.0000000   -4.9118108067e-03   -4.1292876489e-01
  50.0000000   -5.3751525517e-03   -4.8397759947e-01
  55.0000000   -5.6099645538e-03   -5.1621014555e-01
  60.0000000   -6.5908253035e-03   -5.5975361664e-01
  65.0000000   -4.6855518422e-03   -6.2699757299e-01
  70.0000000   -8.9324382687e-03   -6.5094607028e-01
  75.0000000   -7.4546931565e-03   -7.0943720146e-01
  80.0000000   -6.8487622525e-03   -7.6483949084e-01
  85.0000000   -1.2114307502e-02   -7.8969532765e-01
  90.0000000   -6.9828162660e-03   -8.5881515279e-01
  95.0000000   -1.1928993894e-02   -8.9895172270e-01
 100.0000000   -1.2125764846e-02   -9.3364465343e-01
 105.0000000   -8.5464339452e-03   -1.0047935154e+00
 110.0000000   -1.7652801167e-02   -1.0322398547e+00
 115.0000000   -9.9974929053e-03   -1.0819045413e+00
 120.0000000   -1.4993062832e-02   -1.1455483522e+00
 125.0000000   -1.9936071410e-02   -1.1679467375e+00
 130.0000000   -9.9480452124e-03   -1.2318635900e+00
 135.0000000   -2.4114270995e-02   -1.2813004261e+00
 140.0000000   -1.7191625358e-02   -1.3084260616e+00
 145.0000000   -1.6341159001e-02   -1.3802109440e+00
 150.0000000   -3.0073102215e-02   -1.4142360187e+00
 155.0000000   -1.3727181667e-02   -1.4541562362e+00
 160.0000000   -2.9077495303e-02   -1.5241711805e+00
 165.0000000   -2.8574995968e-02   -1.5476401888e+00
 170.0000000   -1.6941179313e-02   -1.6035104465e+00
 175.0000000   -4.1668831278e-02   -1.6626119290e+00
 180.0000000   -2.1821483981e-02   -1.6846529797e+00
 185.0000000   -3.0671072004e-02   -1.7533868553e+00
 190.0000000   -4.5710048237e-02   -1.7965290626e+00
 195.0000000   -1.8739267726e-02   -1.8270279559e+00
 200.0000000   -5.0247560688e-02   -1.9003761740e+00
 205.0000000   -3.8597006843e-02   -1.9286804574e+00
 210.0000000   -2.8630840534e-02   -1.9744202937e+00
 215.0000000   -6.4314830913e-02   -2.0421078521e+00
 220.0000000   -2.7918120073e-02   -2.0625661817e+00
 225.0000000   -5.2409968769e-02   -2.1244975706e+00
 230.0000000   -6.3239427214e-02   -2.1782049512e+00
 235.0000000   -2.7605634694e-02   -2.2010699356e+00
 240.0000000   -7.9254649747e-02   -2.2737929229e+00
 245.0000000   -4.8474268530e-02   -2.3104570120e+00
 250.0000000   -4.7348648839e-02   -2.3453043672e+00
 255.0000000   -9.2821508836e-02   -2.4190212286e+00
 260.0000000   -3.4518958630e-02   -2.4421646255e+00
 265.0000000   -8.2914693659e-02   -2.4941322045e+00
 270.0000000   -8.3910666800e-02   -2.5583632299e+00
 275.0000000   -4.0046291842e-02   -2.5768946587e+00
 280.0000000   -1.1596903440e-01   -2.6445651878e+00
 285.0000000   -6.0190768374e-02   -2.6922241998e+00
 290.0000000   -7.3299625805e-02   -2.7171132585e+00
 295.0000000   -1.2578019876e-01   -2.7928840332e+00
 300.0000000   -4.4173372668e-02   -2.8231226777e+00
 305.0000000   -1.2265765836e-01   -2.8631778455e+00
 310.0000000   -1.0563525410e-01   -2.9360418172e+00
 315.0000000   -5.8530895760e-02   -2.9547637729e+00
 320.0000000   -1.6123401044e-01   -3.0131616672e+00
 325.0000000   -7.1596742656e-02   -3.0728929839e+00
 330.0000000   -1.0800436590e-01   -3.0906561117e+00
 335.0000000   -1.6468431211e-01   -3.1635329680e+00
 340.0000000   -5.5056406437e-02   -3.2046564926e+00
 345.0000000   -1.7166104649e-01   -3.2327002339e+00
 350.0000000   -1.3074297546e-01   -3.3104107059e+00
 355.0000000   -8.1668052185e-02   -3.3344444036e+00
 360.0000000   -2.1355869461e-01   -3.3804623184e+00
 365.0000000   -8.5667016199e-02   -3.4514240656e+00
 370.0000000   -1.5058308900e-01   -3.4666640021e+00
 375.0000000   -2.0693529283e-01   -3.5310613105e+00
 380.0000000   -7.0017102680e-02   -3.5848139773e+00
 385.0000000   -2.2980486701e-01   -3.6034124781e+00
 390.0000000   -1.5616358588e-01   -3.6823827860e+00
 395.0000000   -1.1126590361e-01   -3.7174514206e+00
 400.0000000   -2.7392160636e-01   -3.7473047989e+00
 405.0000000   -9.9182045666e-02   -3.8221081472e+00
 410.0000000   -2.0113219029e-01   -3.8409589051e+00
 415.0000000   -2.5493020834e-01   -3.8990512498e+00
 420.0000000   -8.5925452999e-02   -3.9706174838e+00
 425.0000000   -2.9532473555e-01   -3.9817539571e+00
 430.0000000   -1.8536845794e-01   -4.0510618739e+00
 435.0000000   -1.4444853642e-01   -4.0983560137e+00
 440.0000000   -3.3920494302e-01   -4.1080682821e+00
 445.0000000   -1.1589935531e-01   -4.1731284120e+00
 450.0000000   -2.5742155421e-01   -4.2055534486e+00
 455.0000000   -3.0475327952e-01   -4.2731776416e+00
 460.0000000   -1.0557217755e-01   -4.3699515071e+00
 465.0000000   -3.6734182638e-01   -4.3778946273e+00
 470.0000000   -2.1412053762e-01   -4.4396111009e+00
 475.0000000   -1.8197707362e-01   -4.5050693517e+00
 480.0000000   -4.1049447932e-01   -4.4721301053e+00
 485.0000000   -1.3137993764e-01   -4.4922342366e+00
 490.0000000   -3.1780996751e-01   -4.5392258773e+00
 495.0000000   -3.5963283294e-01   -4.5915834268e+00
 500.0000000   -1.2437710148e-01   -4.6699248803e+00
 505.0000000   -4.4217454626e-01   -4.7242479877e+00
 510.0000000   -2.4706500473e-01   -4.8653325855e+00
 515.0000000   -2.1942371168e-01   -4.9718319290e+00
 520.0000000   -4.8286561020e-01   -4.9370996390e+00
 525.0000000   -1.5017632112e-01   -5.0138679615e+00
 530.0000000   -3.7875181227e-01   -5.0670899250e+00
 535.0000000   -4.1415734313e-01   -4.9548925895e+00
 540.0000000   -1.4512075578e-01   -4.9560388506e+00
 545.0000000   -5.1824462103e-01   -5.0155808173e+00
 550.0000000   -2.7874807735e-01   -4.9948570994e+00
 555.0000000   -2.5669144377e-01   -5.0246684936e+00
 560.0000000   -5.5754074086e-01   -5.1459779007e+00
 565.0000000   -1.6680005538e-01   -5.2835232648e+00
 570.0000000   -4.3711042212e-01   -5.3399374407e+00
 575.0000000   -4.7233342130e-01   -5.4448079405e+00
 580.0000000   -1.6219853191e-01   -5.6398981686e+00
 585.0000000   -5.9006613187e-01   -5.6406808348e+00
 590.0000000   -3.1480748356e-01   -5.6458622525e+00
 595.0000000   -2.8835519684e-01   -5.8050640613e+00
 600.0000000   -6.2787979419e-01   -5.7364943366e+00
 605.0000000   -1.8668406551e-01   -5.6669488230e+00
 610.0000000   -4.8855161514e-01   -5.7896576366e+00
 615.0000000   -5.2738090283e-01   -5.7146431879e+00
 620.0000000   -1.7891952408e-01   -5.6476787371e+00
 625.0000000   -6.5561708210e-01   -5.7654007137e+00
 630.0000000   -3.4880469423e-01   -5.7435207828e+00
 635.0000000   -3.1433333428e-01   -5.7228062822e+00
 640.0000000   -6.9503898042e-01   -5.8447156958e+00
 645.0000000   -2.0369358671e-01   -5.8958352430e+00
 650.0000000   -5.2941004261e-01   -5.9151240259e+00
 655.0000000   -5.8364205452e-01   -6.0303600065e+00
 660.0000000   -1.8937771089e-01   -6.1440590521e+00
 665.0000000   -7.0846700613e-01   -6.1703090706e+00
 670.0000000   -3.8717948351e-01   -6.2664242796e+00
 675.0000000   -3.2922866053e-01   -6.4177467404e+00
 680.0000000   -7.5116495786e-01   -6.4158180937e+00
 685.0000000   -2.2447593132e-01   -6.4902659048e+00
 690.0000000   -5.5556375186e-01   -6.6515896638e+00
 695.0000000   -6.3309970325e-01   -6.6014436669e+00
 700.0000000   -1.9836924321e-01   -6.6638969386e+00
 705.0000000   -7.4679433387e-01   -6.8125872206e+00
 710.0000000   -4.2258902915e-01   -6.7158256506e+00
 715.0000000   -3.3447471580e-01   -6.7823479275e+00
 720.0000000   -7.9752680463e-01   -6.9038342148e+00
 725.0000000   -2.4271410354e-01   -6.7799765707e+00
 730.0000000   -5.6454268227e-01   -6.8640686008e+00
 735.0000000   -6.8024443593e-01   -6.9524906273e+00
 740.0000000   -2.0070658349e-01   -6.8293464788e+00
 745.0000000   -7.6467288085e-01   -6.9353729958e+00
 750.0000000   -4.6196567897e-01   -6.9931426953e+00
 755.0000000   -3.2610895394e-01   -6.8958574163e+00
 760.0000000   -8.2595502534e-01   -7.0177289898e+00
 765.0000000   -2.6631265860e-01   -7.0542876524e+00
 770.0000000   -5.5386879756e-01   -6.9972432128e+00
 775.0000000   -7.1616695654e-01   -7.1226327869e+00
 780.0000000   -2.0341973087e-01   -7.1520423100e+00
 785.0000000   -7.6153428568e-01   -7.1356102144e+00
 790.0000000   -4.9715479609e-01   -7.2529767737e+00
 795.0000000   -3.0857265112e-01   -7.2900250380e+00
 800.0000000   -8.3818897165e-01   -7.3023531299e+00
 805.0000000   -2.8897183121e-01   -7.4067977980e+00
 810.0000000   -5.2420667939e-01   -7.4615011996e+00
 815.0000000   -7.4518145869e-01   -7.4836613281e+00
 820.0000000   -2.0266364270e-01   -7.5791860053e+00
 825.0000000   -7.3389228032e-01   -7.6523571504e+00
 830.0000000   -5.3494056450e-01   -7.6657520770e+00
 835.0000000   -2.8049126286e-01   -7.7634728334e+00
 840.0000000   -8.2721236921e-01   -7.8456504134e+00
