#          t             R = ...
   0.0000000    1.1410600000e+00    1.0000000000e+01
   0.0000000   -3.8963877465e-19    7.2213661569e-18
   5.0000000   -3.5045527971e-03   -1.3833817542e-03
  10.0000000    4.8079415275e-02    2.3158584325e-02
  15.0000000    1.5166511775e-02    9.0627237755e-03
  20.0000000    1.7141337317e-02    2.0513511118e-02
  25.0000000    3.5900712926e-02    1.7417039127e-01
  30.0000000    2.6988886438e-02    4.8932399995e-02
  35.0000000    2.2377524364e-02    6.5379123866e-02
  40.0000000    2.7566036019e-02    2.0931355076e-01
  45.0000000    4.6300011656e-02   -7.4838913262e-03
  50.0000000    2.5304048156e-02    5.4636582463e-02
