#          t             r = ...
   0.0000000    1.7141400000e+00    4.5000000000e+02
   0.0000000   -2.3110391152e-04   -1.0988188239e-06
   2.5000000    7.2341612383e-03    3.9710641750e-07
   5.0000000    1.1091890090e-02    7.0053540321e-07
   7.5000000    1.1390668871e-02   -1.1951517964e-06
  10.0000000    9.1784822027e-03   -3.5977865454e-08
  12.5000000    7.2652878165e-03    7.1632184941e-07
  15.0000000    5.5358304367e-03   -1.1340387861e-06
  17.5000000    3.0536994720e-03   -4.5539407185e-07
  20.0000000    2.9628823176e-03    7.6346543809e-07
  22.5000000    1.0731492765e-03   -1.1170653519e-06
  25.0000000    1.5204961527e-03   -9.3001012532e-07
  27.5000000    4.2085157567e-04    6.3908730130e-07
  30.0000000    8.4371859069e-04   -8.9131033465e-07
  32.5000000    1.7831534893e-04   -1.2997864928e-06
  35.0000000    4.0555239624e-04    4.9906245098e-07
  37.5000000    9.0193405911e-05   -7.4975953217e-07
  40.0000000    1.4553853068e-05   -1.6788109857e-06
  42.5000000    4.5948746968e-05    1.4590580471e-07
  45.0000000    2.9217211242e-05   -4.7168458579e-07
  47.5000000    2.9603124461e-05   -1.8270956921e-06
  50.0000000    1.7195242919e-05   -1.8712354718e-07
  52.5000000    2.8399297859e-05   -3.4461347000e-07
  55.0000000    4.9505704329e-06   -2.0152364915e-06
  57.5000000    1.6767864519e-05   -5.8603827766e-07
  60.0000000    1.1460610488e-06   -1.8653548348e-07
  62.5000000    1.1078364462e-06   -2.0398188909e-06
  65.0000000    2.7384418407e-07   -1.1198405728e-06
  67.5000000   -8.8251976852e-08   -1.3241108392e-07
  70.0000000    3.2919761088e-07   -2.1381607816e-06
  72.5000000    1.5340353580e-06   -1.6008716043e-06
  75.0000000    1.5493199279e-06   -1.8122096542e-07
  77.5000000    1.4282079966e-06   -1.9490601279e-06
  80.0000000    3.5854656547e-07   -1.8841103235e-06
  82.5000000    3.5146826506e-07   -3.7108803988e-07
  85.0000000    2.8803677131e-07   -1.8703813398e-06
  87.5000000   -2.7049957789e-07   -2.3695826298e-06
  90.0000000   -1.5027340655e-08   -6.3745664917e-07
  92.5000000    7.3693925517e-07   -1.6316466630e-06
  95.0000000   -3.4922751981e-09   -2.7055988931e-06
  97.5000000    1.0830105751e-07   -8.0282114829e-07
 100.0000000    9.2060669406e-07   -1.3926231237e-06
 102.5000000   -6.5111510757e-08   -2.8783032616e-06
 105.0000000   -1.4231301750e-07   -4.2696718095e-05
 107.5000000    6.8590397801e-07   -4.2071542673e-05
 110.0000000    3.5729228103e-08   -3.1257717209e-06
 112.5000000   -1.9650104908e-07   -1.7500551309e-06
 115.0000000    6.2635416117e-07   -1.3329639180e-05
 117.5000000    2.6399309805e-07   -1.5297096501e-05
 120.0000000   -2.0091968904e-07   -2.1704615258e-06
 122.5000000    4.2798796735e-07   -1.1649745096e-06
 125.0000000    3.9321864495e-07   -3.0015572505e-05
 127.5000000   -1.9890292255e-07   -2.6672661387e-06
 130.0000000    3.1408979073e-07   -1.1633043416e-06
 132.5000000    4.9776369849e-07   -3.2367008186e-06
 135.0000000   -1.2542856573e-07   -2.4631690451e-06
 137.5000000    1.6408216521e-07   -2.8095753593e-05
 140.0000000    5.3607585637e-07   -2.8062066999e-06
 142.5000000   -2.6974677688e-08   -3.5905996867e-06
 145.0000000    3.0442649221e-08   -1.7806749959e-06
 147.5000000    5.3248182565e-07   -2.6470526795e-06
 150.0000000    1.0933926578e-07   -3.7394818819e-06
 152.5000000   -6.0750922671e-08   -2.0074887883e-06
 155.0000000    4.9541086674e-07   -2.8018956343e-05
 157.5000000    2.5260292782e-07   -2.9604815078e-05
 160.0000000   -9.8678845312e-08   -6.9550136241e-05
 162.5000000   -1.2607629867e-04   -2.4472762881e-06
 165.0000000    3.5194746051e-07   -4.1337628307e-06
 167.5000000   -1.0976020481e-07   -4.3535006482e-05
 170.0000000    2.7946701356e-07   -2.7429047967e-06
 172.5000000    4.4065860075e-07   -4.0944757266e-06
 175.0000000   -7.9612168801e-08   -3.5930936272e-06
 177.5000000    2.1660507943e-07   -2.1269104375e-06
 180.0000000    4.9039213151e-07   -3.9232164016e-06
 182.5000000    1.7532468999e-08   -3.5678932629e-06
 185.0000000    1.6831655935e-08   -3.1036446554e-06
 187.5000000    4.6767550236e-07   -3.8651056011e-06
 190.0000000    9.5189186449e-08   -4.2054052389e-06
 192.5000000   -2.6331773275e-08   -2.4412418645e-06
 195.0000000    6.0478883677e-07   -3.6030965355e-06
 197.5000000    2.0562632670e-07   -2.3575730054e-06
 200.0000000   -1.1961727073e-08   -4.9779075699e-07
 202.5000000    3.8399951768e-07   -2.8565971058e-05
 205.0000000    2.2368756743e-07   -2.6516656484e-06
 207.5000000   -8.8356377674e-08   -1.0742817986e-06
 210.0000000    2.1851052914e-07   -1.2554720911e-06
 212.5000000    4.0376974141e-07   -2.9464011291e-06
 215.0000000   -3.0825461399e-08   -1.2664177332e-06
 217.5000000    2.6049047883e-07   -1.2454282719e-06
 220.0000000    5.6378149803e-07   -5.0090100801e-06
 222.5000000   -2.6125198438e-08   -2.6716781293e-06
 225.0000000    1.4361603749e-07   -1.8805469546e-06
 227.5000000    4.6993445201e-07   -4.7525793639e-06
 230.0000000    2.7630087040e-08   -4.0615979352e-06
 232.5000000    5.4854220731e-08   -3.1406877803e-06
 235.0000000    4.8323642483e-07   -4.9291757759e-06
 237.5000000    1.8927495211e-07   -4.4929219932e-06
 240.0000000    9.0536587223e-09   -3.0179926435e-06
 242.5000000    4.5319228152e-07   -4.7122925038e-06
 245.0000000    2.8469622303e-07   -5.0657878170e-06
 247.5000000   -3.9622178313e-08   -3.4959460234e-06
 250.0000000    3.4214773634e-07   -4.5447578753e-06
 252.5000000    3.5665442481e-07   -5.7120191866e-06
 255.0000000   -3.8905901671e-08   -4.4423768691e-05
 257.5000000    2.7998479955e-07   -4.2648496922e-06
 260.0000000    4.5989974526e-07   -5.6343643913e-06
 262.5000000   -3.8807911499e-10   -4.0528279160e-06
 265.0000000    1.9254512360e-07   -4.2062029118e-06
 267.5000000    5.0161167886e-07   -6.0593175574e-06
 270.0000000    7.0238440004e-08   -4.4650324363e-06
 272.5000000   -2.9237930596e-07   -4.1198529323e-06
 275.0000000    5.1437987974e-07   -4.6751460659e-05
 277.5000000    1.5781903112e-07   -4.5618799039e-05
 280.0000000    3.1044816168e-08   -4.4779032008e-05
 282.5000000    4.9044307572e-07   -4.6465666855e-05
 285.0000000    2.5255940352e-07   -4.6330064565e-05
 287.5000000   -1.0876717323e-08   -4.1475166617e-06
 290.0000000    4.2921270526e-07   -5.9109251605e-06
 292.5000000    3.5434608216e-07   -5.9621048315e-06
 295.0000000   -2.3248587303e-08   -4.5126783982e-05
 297.5000000    3.5410701581e-07   -4.6571408387e-05
 300.0000000    4.4375914238e-07   -4.7202954121e-05
 302.5000000    3.5848056149e-09   -4.5468649989e-06
 305.0000000    2.5710506782e-07   -5.6514034550e-06
 307.5000000    5.0534474962e-07   -6.6100913844e-06
 310.0000000    5.3045546662e-08   -4.7230559062e-06
 312.5000000   -5.9409793273e-08   -5.3157266587e-06
 315.0000000    4.8744229565e-07   -1.8981979060e-05
 317.5000000    9.5171160614e-08   -1.7421591882e-05
 320.0000000    9.6442574366e-08   -8.4920606676e-05
 322.5000000    5.3597766181e-07   -1.8978000263e-05
 325.0000000    2.3170465604e-07   -1.7708769012e-05
 327.5000000    3.1289063744e-08   -1.7148800876e-05
 330.0000000    4.8160231794e-07   -1.9034475154e-05
 332.5000000    3.3434008710e-07   -1.8167893196e-05
 335.0000000   -2.5242913108e-08   -5.7911841210e-05
 337.5000000    4.5368953491e-07   -5.9729692934e-05
 340.0000000    4.4903702933e-07   -1.8615377469e-05
 342.5000000    2.9594568017e-08   -1.7260383678e-05
 345.0000000    3.9572235037e-07   -1.8758196691e-05
 347.5000000    4.6261916295e-07   -1.9058253491e-05
 350.0000000    6.7040733177e-08   -1.7400668750e-05
 352.5000000    1.2260259708e-07   -1.8772131086e-05
 355.0000000    5.3119193751e-07   -1.9492511832e-05
 357.5000000    9.5860181211e-08   -1.7644837698e-05
 360.0000000    1.5011701280e-07   -1.8626248644e-05
 362.5000000    8.0118855998e-07   -4.6779241349e-05
 365.0000000    1.7903871135e-07   -4.4813005894e-05
 367.5000000    3.1928898406e-07   -1.8495378995e-05
 370.0000000    4.9471795416e-07   -6.0616899301e-05
 372.5000000    2.1250893916e-07   -5.9037156119e-05
 375.0000000   -2.7172305944e-08   -1.8228713562e-05
 377.5000000    1.9232437602e-07   -2.0293830464e-05
 380.0000000    5.1937105749e-07   -1.8842184930e-05
 382.5000000   -6.6877517724e-08   -5.8856035461e-05
 385.0000000    5.1907653269e-07   -2.0079762908e-05
 387.5000000    8.4096797866e-07   -1.9311026671e-05
 390.0000000   -4.6242704730e-08   -1.8160613131e-05
 392.5000000    6.9376138278e-07   -2.0064072261e-05
 395.0000000    4.7494282650e-07   -6.0258845004e-05
 397.5000000    4.5958503301e-07   -1.8237587917e-05
 400.0000000    3.1866219109e-07   -1.9762277326e-05
 402.5000000    2.9201530442e-07   -2.0028199597e-05
 405.0000000    2.5553693702e-07   -1.8331281251e-05
 407.5000000    1.1531759250e-07   -1.9720043851e-05
 410.0000000    5.0497965432e-07   -2.0447746614e-05
 412.5000000    5.2162741371e-07   -1.8612463925e-05
 415.0000000   -2.5161848419e-08   -1.9624143085e-05
 417.5000000    6.6755135987e-07   -2.0752318012e-05
 420.0000000    6.1664260803e-07   -1.9020612558e-05
 422.5000000   -3.3524326778e-08   -1.7470726721e-05
 425.0000000    6.7502471918e-07   -2.0944245398e-05
 427.5000000    4.8608250097e-07   -1.9413054338e-05
 430.0000000   -5.4137738158e-08   -1.8150526887e-05
 432.5000000    6.1898517150e-07   -2.1017765649e-05
 435.0000000    4.8651388351e-07   -1.9999155639e-05
 437.5000000    7.0781343178e-08   -1.9129256475e-05
