#          t             R = ...
   0.0000000    1.1410600000e+00    3.0000000000e+02
   0.0000000    1.2072507170e-21    7.8014699057e-17
   5.0000000   -1.2679762233e-02   -3.7651478489e-02
  10.0000000   -1.9838032485e-02   -1.0739742862e-01
  15.0000000   -2.2396606621e-02   -1.3401132422e-01
  20.0000000   -3.0558758329e-02   -1.8657865445e-01
  25.0000000   -3.0469341137e-02   -2.4732045704e-01
  30.0000000   -4.2372068716e-02   -2.7101916869e-01
  35.0000000   -5.0912748171e-02   -3.3641762795e-01
  40.0000000   -4.9914978320e-02   -3.8280430476e-01
  45.0000000   -5.0686955213e-02   -4.1302005596e-01
  50.0000000   -6.0488552662e-02   -4.8407972171e-01
  55.0000000   -6.4466445191e-02   -5.1633669746e-01
  60.0000000   -6.4920047032e-02   -5.5990234691e-01
  65.0000000   -7.3742762454e-02   -6.2715568953e-01
  70.0000000   -8.0917920942e-02   -6.5112462400e-01
  75.0000000   -8.3458981917e-02   -7.0963768779e-01
  80.0000000   -9.0335127463e-02   -7.6506810331e-01
  85.0000000   -9.1884103059e-02   -7.8994593069e-01
  90.0000000   -9.4796089458e-02   -8.5905938010e-01
  95.0000000   -9.8916057680e-02   -8.9920171887e-01
 100.0000000   -1.0788765349e-01   -9.3389826826e-01
 105.0000000   -1.1888069081e-01   -1.0050176738e+00
 110.0000000   -1.2748933882e-01   -1.0324583818e+00
 115.0000000   -1.3249272116e-01   -1.0821444269e+00
 120.0000000   -1.4201187151e-01   -1.1458030099e+00
 125.0000000   -1.4932055870e-01   -1.1682324602e+00
 130.0000000   -1.6025437061e-01   -1.2322019252e+00
 135.0000000   -1.7416353087e-01   -1.2816955069e+00
 140.0000000   -1.9253799456e-01   -1.3088604730e+00
 145.0000000   -2.0673595039e-01   -1.3806668938e+00
 150.0000000   -2.1175998706e-01   -1.4147192511e+00
 155.0000000   -2.2638801379e-01   -1.4546388032e+00
 160.0000000   -2.2914193708e-01   -1.5246210279e+00
 165.0000000   -2.4309972637e-01   -1.5480793634e+00
 170.0000000   -2.5845708262e-01   -1.6039337192e+00
 175.0000000   -2.7302199753e-01   -1.6630031294e+00
 180.0000000   -2.8452082788e-01   -1.6850455845e+00
 185.0000000   -3.0413857430e-01   -1.7537934042e+00
 190.0000000   -3.1644694869e-01   -1.7969472837e+00
 195.0000000   -3.3438125315e-01   -1.8274805240e+00
 200.0000000   -3.4337867195e-01   -1.9008722564e+00
 205.0000000   -3.6121098695e-01   -1.9292188384e+00
 210.0000000   -3.7841933037e-01   -1.9749989534e+00
 215.0000000   -3.9795596372e-01   -2.0427227997e+00
 220.0000000   -4.1594839327e-01   -2.0632143127e+00
 225.0000000   -4.2915844735e-01   -2.1251583696e+00
 230.0000000   -4.5199855019e-01   -2.1788694657e+00
 235.0000000   -4.7127120671e-01   -2.2017427371e+00
 240.0000000   -4.8364052852e-01   -2.2744552254e+00
 245.0000000   -5.0818730605e-01   -2.3111086420e+00
 250.0000000   -5.3338444441e-01   -2.3459614138e+00
 255.0000000   -5.4041848053e-01   -2.4196754507e+00
 260.0000000   -5.6699798120e-01   -2.4428232945e+00
 265.0000000   -5.8642624294e-01   -2.4948103819e+00
 270.0000000   -6.0844936396e-01   -2.5590560272e+00
 275.0000000   -6.3280314131e-01   -2.5776083321e+00
 280.0000000   -6.5274062697e-01   -2.6453046997e+00
 285.0000000   -6.8241810992e-01   -2.6929846013e+00
 290.0000000   -7.0144304892e-01   -2.7178976918e+00
 295.0000000   -7.2633721966e-01   -2.7936881476e+00
 300.0000000   -7.5843562272e-01   -2.8239430256e+00
 305.0000000   -7.7447585210e-01   -2.8640153735e+00
 310.0000000   -8.0504094020e-01   -2.9368868260e+00
 315.0000000   -8.3747845190e-01   -2.9556167357e+00
 320.0000000   -8.5284728610e-01   -3.0140236006e+00
 325.0000000   -8.8798237673e-01   -3.0737535627e+00
 330.0000000   -9.1726176045e-01   -3.0915218915e+00
 335.0000000   -9.3806748808e-01   -3.1644074272e+00
 340.0000000   -9.7261912540e-01   -3.2055285731e+00
 345.0000000   -9.9573041016e-01   -3.2335835837e+00
 350.0000000   -1.0328611336e+00   -3.3113438774e+00
 355.0000000   -1.0571703359e+00   -3.3354456821e+00
 360.0000000   -1.0821363426e+00   -3.3814414862e+00
 365.0000000   -1.1209241836e+00   -3.4522150781e+00
 370.0000000   -1.1424240839e+00   -3.4673587025e+00
 375.0000000   -1.1768638765e+00   -3.5321647274e+00
 380.0000000   -1.2165209888e+00   -3.5866540839e+00
 385.0000000   -1.2349859569e+00   -3.6052656778e+00
 390.0000000   -1.2723946528e+00   -3.6826238190e+00
 395.0000000   -1.3114323136e+00   -3.7156065763e+00
 400.0000000   -1.3264725341e+00   -3.7463732079e+00
 405.0000000   -1.3708560989e+00   -3.8268242968e+00
 410.0000000   -1.3972350698e+00   -3.8507569074e+00
 415.0000000   -1.4275647100e+00   -3.9041985602e+00
 420.0000000   -1.4662584705e+00   -3.9621259640e+00
 425.0000000   -1.4905904933e+00   -3.9664254391e+00
 430.0000000   -1.5365579602e+00   -4.0460939961e+00
