#          t             r = ...
   0.0000000    1.7141400000e+00    4.5000000000e+02
   0.0000000    7.8177694879e-01    9.9958557086e-01
   2.5000000    7.8177694879e-01    9.9958557086e-01
   5.0000000    7.8106472050e-01    9.9936003248e-01
   7.5000000    7.8088426120e-01    9.9904345937e-01
  10.0000000    7.8105356576e-01    9.9902789623e-01
  12.5000000    7.8066312661e-01    9.9881688356e-01
  15.0000000    7.8104198743e-01    9.9877292000e-01
  17.5000000    7.8091974738e-01    9.9881805024e-01
  20.0000000    7.8061536756e-01    9.9886316941e-01
  22.5000000    7.8047422899e-01    9.9901358800e-01
  25.0000000    7.8047210498e-01    9.9883316367e-01
  27.5000000    7.8063897429e-01    9.9884814509e-01
  30.0000000    7.8032825526e-01    9.9880298866e-01
  32.5000000    7.8031647096e-01    9.9884811754e-01
  35.0000000    7.8031853205e-01    9.9890828591e-01
  37.5000000    7.8048288152e-01    9.9898346816e-01
  40.0000000    7.8032492482e-01    9.9884811226e-01
  42.5000000    7.8045905090e-01    9.9886316348e-01
  45.0000000    7.8037154205e-01    9.9875789381e-01
  47.5000000    7.8032514331e-01    9.9878796967e-01
  50.0000000    7.8031557909e-01    9.9886315642e-01
  52.5000000    7.8047572376e-01    9.9877290755e-01
  55.0000000    7.8031643884e-01    9.9887818311e-01
  57.5000000    7.8046791643e-01    9.9889325087e-01
  60.0000000    7.8048494550e-01    9.9883308139e-01
  62.5000000    7.8064167381e-01    9.9890832349e-01
  65.0000000    7.8060526631e-01    9.9878745866e-01
  67.5000000    7.8047539524e-01    9.9877292053e-01
  70.0000000    7.8060051025e-01    9.9883308103e-01
  72.5000000    7.8047686987e-01    9.9884811338e-01
  75.0000000    7.8063810962e-01    9.9881802620e-01
  77.5000000    7.8064309860e-01    9.9884811042e-01
  80.0000000    7.8050063583e-01    9.9890825566e-01
  82.5000000    7.8048835331e-01    9.9880301424e-01
  85.0000000    7.8081095388e-01    9.9878797642e-01
  87.5000000    7.8103123355e-01    9.9887821098e-01
  90.0000000    7.8101497146e-01    9.9893837489e-01
  92.5000000    7.8071794541e-01    9.9872715160e-01
  95.0000000    7.8057436460e-01    9.9881802811e-01
  97.5000000    7.8057742511e-01    9.9889324650e-01
 100.0000000    7.8043609116e-01    9.9874285135e-01
 102.5000000    7.8072913485e-01    9.9886314913e-01
 105.0000000    7.8057090381e-01    9.9883186993e-01
 107.5000000    7.8042896099e-01    9.9886364283e-01
 110.0000000    7.8057832581e-01    9.9874278537e-01
 112.5000000    7.8046554034e-01    9.9878771909e-01
 115.0000000    7.8043149242e-01    9.9883215686e-01
 117.5000000    7.8030216591e-01    9.9881417110e-01
 120.0000000    7.8042316989e-01    9.9879671164e-01
 122.5000000    7.8045940409e-01    9.9869939600e-01
 125.0000000    7.8058152483e-01    9.9883305332e-01
 127.5000000    7.8031609380e-01    9.9872776059e-01
 130.0000000    7.8043614235e-01    9.9865254650e-01
 132.5000000    7.8030236339e-01    9.9875558756e-01
 135.0000000    7.8032831626e-01    9.9869339698e-01
 137.5000000    7.8030406899e-01    9.9883353822e-01
 140.0000000    7.8030344469e-01    9.9874419871e-01
 142.5000000    7.8043462191e-01    9.9879760602e-01
 145.0000000    7.8055585557e-01    9.9887229810e-01
 147.5000000    7.8011730960e-01    9.9877762486e-01
 150.0000000    7.8025904412e-01    9.9876392867e-01
 152.5000000    7.8012688900e-01    9.9883411274e-01
 155.0000000    7.8029809289e-01    9.9877906581e-01
 157.5000000    7.8011109488e-01    9.9877625363e-01
 160.0000000    7.8026310009e-01    9.9881394185e-01
 162.5000000    7.8040812592e-01    9.9873398061e-01
 165.0000000    7.8042493798e-01    9.9874900963e-01
 167.5000000    7.8025422650e-01    9.9875452091e-01
 170.0000000    7.8013825927e-01    9.9874816667e-01
 172.5000000    7.8014090984e-01    9.9875829111e-01
 175.0000000    7.8008732355e-01    9.9869753020e-01
 177.5000000    7.8041796401e-01    9.9871506265e-01
 180.0000000    7.8016323743e-01    9.9879033013e-01
 182.5000000    7.8014380767e-01    9.9872270940e-01
 185.0000000    7.7998321085e-01    9.9865180232e-01
 187.5000000    7.8003132495e-01    9.9866997506e-01
 190.0000000    7.8015319783e-01    9.9867979919e-01
 192.5000000    7.8011951570e-01    9.9864373101e-01
 195.0000000    7.8012956058e-01    9.9907610208e-01
 197.5000000    7.8012994440e-01    9.9908116141e-01
 200.0000000    7.8030390901e-01    9.9908170215e-01
 202.5000000    7.8000520257e-01    9.9907982529e-01
 205.0000000    7.7999020227e-01    9.9907982279e-01
 207.5000000    7.7999023339e-01    9.9914157042e-01
 210.0000000    7.7996477385e-01    9.9908505596e-01
 212.5000000    7.8000617731e-01    9.9907986822e-01
 215.0000000    7.7999706505e-01    9.9907980570e-01
 217.5000000    7.8002760782e-01    9.9906422699e-01
 220.0000000    7.8000245163e-01    9.9905867398e-01
 222.5000000    7.8005471330e-01    9.9906454631e-01
 225.0000000    7.7999410878e-01    9.9905865959e-01
 227.5000000    7.7998968780e-01    9.9906255003e-01
 230.0000000    7.8002560656e-01    9.9906255852e-01
 232.5000000    7.8001380026e-01    9.9906811207e-01
 235.0000000    7.7998847279e-01    9.9905915569e-01
 237.5000000    7.7998055466e-01    9.9906990932e-01
 240.0000000    7.8002702968e-01    9.9905917918e-01
 242.5000000    7.7999430736e-01    9.9908925494e-01
 245.0000000    7.7995773151e-01    9.9909511885e-01
 247.5000000    7.7998388774e-01    9.9913404521e-01
 250.0000000    7.7998947775e-01    9.9908921224e-01
 252.5000000    7.7999309904e-01    9.9908920600e-01
 255.0000000    7.8016822936e-01    9.9908922557e-01
 257.5000000    7.8002233052e-01    9.9908923640e-01
 260.0000000    7.8017929928e-01    9.9913447846e-01
 262.5000000    7.8002146644e-01    9.9908921108e-01
 265.0000000    7.7999436662e-01    9.9908922079e-01
 267.5000000    7.7999189754e-01    9.9905913615e-01
 270.0000000    7.7998826238e-01    9.9905910374e-01
 272.5000000    7.7998346770e-01    9.9905915243e-01
 275.0000000    7.8000896734e-01    9.9905917168e-01
 277.5000000    7.8015897826e-01    9.9905914723e-01
 280.0000000    7.7998161007e-01    9.9910409792e-01
 282.5000000    7.7999950691e-01    9.9905915000e-01
 285.0000000    7.8002427586e-01    9.9906531024e-01
 287.5000000    7.8003543240e-01    9.9905913420e-01
 290.0000000    7.8000249290e-01    9.9905916420e-01
 292.5000000    7.7997612180e-01    9.9905917263e-01
 295.0000000    7.7998270889e-01    9.9905916925e-01
 297.5000000    7.8002822859e-01    9.9911932744e-01
 300.0000000    7.7999882552e-01    9.9905916629e-01
 302.5000000    7.8000397504e-01    9.9910427359e-01
 305.0000000    7.8001496250e-01    9.9905916480e-01
 307.5000000    7.8002668612e-01    9.9905918552e-01
 310.0000000    7.8015353444e-01    9.9905916651e-01
 312.5000000    7.7999269555e-01    9.9905914804e-01
 315.0000000    7.8004277695e-01    9.9905914307e-01
 317.5000000    7.8001605830e-01    9.9910415702e-01
 320.0000000    7.8000063468e-01    9.9905910426e-01
 322.5000000    7.7999207603e-01    9.9905916370e-01
 325.0000000    7.8002349436e-01    9.9905915497e-01
 327.5000000    7.7999997946e-01    9.9905915919e-01
 330.0000000    7.8001176646e-01    9.9905917026e-01
 332.5000000    7.8017761490e-01    9.9905917403e-01
 335.0000000    7.8020234632e-01    9.9905915235e-01
 337.5000000    7.8002358853e-01    9.9905913138e-01
 340.0000000    7.7999232108e-01    9.9905916750e-01
 342.5000000    7.8002002338e-01    9.9905916162e-01
 345.0000000    7.7999543707e-01    9.9905914010e-01
 347.5000000    7.8002171410e-01    9.9905915569e-01
 350.0000000    7.8003454911e-01    9.9905918051e-01
 352.5000000    7.8001892532e-01    9.9905916308e-01
 355.0000000    7.8002866564e-01    9.9905917889e-01
 357.5000000    7.8001215348e-01    9.9905921977e-01
 360.0000000    7.7998105304e-01    9.9905918022e-01
 362.5000000    7.7998565797e-01    9.9905917131e-01
 365.0000000    7.8001129065e-01    9.9907422637e-01
 367.5000000    7.7998896716e-01    9.9911931853e-01
 370.0000000    7.8003395306e-01    9.9907421603e-01
 372.5000000    7.7999967031e-01    9.9907420254e-01
 375.0000000    7.8002489730e-01    9.9905916392e-01
 377.5000000    7.8000086826e-01    9.9905916540e-01
 380.0000000    7.8001616782e-01    9.9905915652e-01
 382.5000000    7.8003798893e-01    9.9906250568e-01
 385.0000000    7.8004968299e-01    9.9905915902e-01
 387.5000000    7.8004805315e-01    9.9905916778e-01
 390.0000000    7.8000665442e-01    9.9905917523e-01
 392.5000000    7.8000523942e-01    9.9905917377e-01
 395.0000000    7.8000522849e-01    9.9905914566e-01
 397.5000000    7.8001281120e-01    9.9910273849e-01
 400.0000000    7.8003617147e-01    9.9906131624e-01
 402.5000000    7.8003570742e-01    9.9905918865e-01
 405.0000000    7.8019264915e-01    9.9905919980e-01
 407.5000000    7.8003532634e-01    9.9905917296e-01
 410.0000000    7.8001909915e-01    9.9905916151e-01
 412.5000000    7.8003820377e-01    9.9905915277e-01
 415.0000000    7.8017830480e-01    9.9905917491e-01
 417.5000000    7.8004641123e-01    9.9905919047e-01
 420.0000000    7.8003132506e-01    9.9907420364e-01
 422.5000000    7.8002825514e-01    9.9907419951e-01
 425.0000000    7.8003295979e-01    9.9907419494e-01
 427.5000000    7.8001995165e-01    9.9907420329e-01
 430.0000000    7.8005244907e-01    9.9907420609e-01
 432.5000000    7.8003641089e-01    9.9907420609e-01
 435.0000000    7.8004489654e-01    9.9905917916e-01
 437.5000000    7.8000922687e-01    9.9905917622e-01
 440.0000000    7.8000901890e-01    9.9905917297e-01
 442.5000000    7.8001210727e-01    9.9908924624e-01
 445.0000000    7.7996187366e-01    9.9908924173e-01
 447.5000000    7.8004248029e-01    9.9908926349e-01
 450.0000000    7.8001057203e-01    9.9908925016e-01
 452.5000000    7.8015909899e-01    9.9908925744e-01
 455.0000000    7.8000210486e-01    9.9908925744e-01
 457.5000000    7.8003282793e-01    9.9908925016e-01
 460.0000000    7.8002899333e-01    9.9908926250e-01
 462.5000000    7.8003582781e-01    9.9908928661e-01
 465.0000000    7.8004896013e-01    9.9913438047e-01
 467.5000000    7.8001937282e-01    9.9908926250e-01
 470.0000000    7.8005335935e-01    9.9908926695e-01
 472.5000000    7.8004234987e-01    9.9908925656e-01
 475.0000000    7.8001926298e-01    9.9908924009e-01
 477.5000000    7.8003539182e-01    9.9908927583e-01
