#          t             R = ...
   0.0000000    1.1410600000e+00    3.0000000000e+02
   0.0000000    6.1028723850e-19    3.1192496502e-15
   1.2500000   -6.1033561616e-02   -2.4110909011e-01
   2.5000000    5.7047268629e-02   -5.5103762039e-01
   3.7500000    1.4249328731e-01   -8.9651431752e-01
   5.0000000   -1.8015501716e-01   -1.1872699207e+00
   6.2500000   -2.4506111699e-01   -1.4141580685e+00
   7.5000000   -1.6501276960e-01   -1.6667374739e+00
   8.7500000   -1.0083824591e-01   -1.9985349051e+00
  10.0000000   -6.7580932861e-02   -2.3429839328e+00
  11.2500000   -6.0011983434e-02   -2.6115555018e+00
  12.5000000   -5.3834852935e-02   -2.8290324673e+00
  13.7500000   -5.2814352105e-02   -3.0992617806e+00
  15.0000000   -5.1397461791e-02   -3.4487537851e+00
  16.2500000   -4.8050976592e-02   -3.7839307549e+00
  17.5000000   -4.1547562519e-02   -4.0304148159e+00
  18.7500000   -3.4131343338e-02   -4.2466690124e+00
  20.0000000   -2.7744785469e-02   -4.5383859917e+00
  21.2500000   -2.2243104141e-02   -4.8992285282e+00
  22.5000000   -1.7617919357e-02   -5.2181051611e+00
  23.7500000   -1.4639291096e-02   -5.4452602101e+00
  25.0000000   -1.3416954260e-02   -5.6685776071e+00
  26.2500000   -1.3060351412e-02   -5.9830896070e+00
  27.5000000   -1.2738740240e-02   -6.3476399796e+00
  28.7500000   -1.2457499721e-02   -6.6450619701e+00
  30.0000000   -1.2389409052e-02   -6.8578615863e+00
  31.2500000   -1.3131156778e-02   -7.0957813735e+00
  32.5000000   -1.1455583955e-02   -7.4318444398e+00
  33.7500000   -1.0534830622e-02   -7.7919450660e+00
  35.0000000   -9.8114151860e-03   -8.0650528893e+00
  36.2500000   -9.2456768333e-03   -8.2701532535e+00
  37.5000000   -8.6010569392e-03   -8.5287938068e+00
  38.7500000   -7.9484021541e-03   -8.8827817819e+00
  40.0000000   -7.5215802347e-03   -9.2304937748e+00
  41.2500000   -7.2988372265e-03   -9.4789249475e+00
  42.5000000   -7.0362795028e-03   -9.6840485218e+00
  43.7500000   -6.6600378520e-03   -9.9675955617e+00
  45.0000000   -6.3458609683e-03   -1.0333843716e+01
  46.2500000   -6.1710476165e-03   -1.0662122013e+01
  47.5000000   -5.9720712826e-03   -1.0888011375e+01
  48.7500000   -5.6346117317e-03   -1.1101276060e+01
  50.0000000   -5.3038104586e-03   -1.1411637847e+01
  51.2500000   -5.1295016539e-03   -1.1782930741e+01
  52.5000000   -5.0024676957e-03   -1.2086214860e+01
  53.7500000   -4.7661373506e-03   -1.2294010135e+01
  55.0000000   -4.4962690138e-03   -1.2523243937e+01
  56.2500000   -4.3488563410e-03   -1.2859880528e+01
  57.5000000   -4.2837649761e-03   -1.3228046311e+01
  58.7500000   -4.1346085671e-03   -1.3502736644e+01
  60.0000000   -3.9023535917e-03   -1.3698850363e+01
  61.2500000   -3.7450303571e-03   -1.3950934487e+01
  62.5000000   -3.6771852706e-03   -1.4310864070e+01
  63.7500000   -3.5508560131e-03   -1.4667433208e+01
  65.0000000   -3.3451143174e-03   -1.4912225794e+01
  66.2500000   -3.2386252266e-03   -1.5104550244e+01
  67.5000000   -3.2762112802e-03   -1.5384832048e+01
  68.7500000   -3.2439669624e-03   -1.5762810105e+01
  70.0000000   -3.0620811763e-03   -1.6099694555e+01
  71.2500000   -2.9200667317e-03   -1.6315754349e+01
  72.5000000   -2.9100670539e-03   -1.6513072169e+01
  73.7500000   -2.9044620475e-03   -1.6824885048e+01
  75.0000000   -2.8228797844e-03   -1.7213743473e+01
  76.2500000   -2.7306368113e-03   -1.7523892360e+01
  77.5000000   -2.6839549232e-03   -1.7714854254e+01
  78.7500000   -2.6414413917e-03   -1.7926182494e+01
  80.0000000   -2.5482651984e-03   -1.8270503200e+01
  81.2500000   -2.4350244622e-03   -1.8661627701e+01
  82.5000000   -2.3705608863e-03   -1.8939617644e+01
  83.7500000   -2.3386325662e-03   -1.9111414719e+01
  85.0000000   -2.2707068940e-03   -1.9345323766e+01
  86.2500000   -2.1687418806e-03   -1.9720589399e+01
  87.5000000   -2.1024481840e-03   -2.0104505570e+01
  88.7500000   -2.0752081942e-03   -2.0347027903e+01
  90.0000000   -2.0235314531e-03   -2.0507556748e+01
  91.2500000   -1.9409726024e-03   -2.0771507012e+01
  92.5000000   -1.8811011851e-03   -2.1173604433e+01
  93.7500000   -1.8646695664e-03   -2.1540636328e+01
  95.0000000   -1.8488682516e-03   -2.1746849579e+01
  96.2500000   -1.8044583645e-03   -2.1905492300e+01
  97.5000000   -3.2240070827e-03   -2.2205230737e+01
  98.7500000   -1.7406302916e-03   -2.2627660903e+01
 100.0000000   -1.7355875793e-03   -2.2968621372e+01
 101.2500000   -1.7091429172e-03   -2.3140345151e+01
 102.5000000   -1.6673511097e-03   -2.3307376432e+01
 103.7500000   -1.6388364758e-03   -2.3646431766e+01
 105.0000000   -1.6297291577e-03   -2.4080641074e+01
 106.2500000   -1.6113403122e-03   -2.4387510824e+01
 107.5000000   -1.5823410943e-03   -2.4529246450e+01
 108.7500000   -1.5490908475e-03   -2.4715161147e+01
 110.0000000   -1.5209636768e-03   -2.5094471214e+01
 111.2500000   -1.5077431411e-03   -2.5530331914e+01
 112.5000000   -1.5093677494e-03   -2.5796884364e+01
 113.7500000   -1.5116929075e-03   -2.5915657677e+01
 115.0000000   -1.4880745437e-03   -2.6130459606e+01
 116.2500000   -1.4350483901e-03   -2.6548156823e+01
 117.5000000   -1.3845530917e-03   -2.6974569463e+01
 118.7500000   -1.3802467554e-03   -2.7196901099e+01
 120.0000000   -1.4288299118e-03   -2.7301933344e+01
 121.2500000   -1.4829427519e-03   -2.7554428796e+01
 122.5000000   -1.4872168720e-03   -2.8005800808e+01
 123.7500000   -1.4267505324e-03   -2.8411384016e+01
 125.0000000   -1.3488047105e-03   -2.8588314874e+01
 126.2500000   -1.2966744685e-03   -2.8690537829e+01
 127.5000000   -1.2865729990e-03   -2.8987677810e+01
 128.7500000   -1.3046073875e-03   -2.9465310261e+01
 130.0000000   -1.3442600502e-03   -2.9839137401e+01
 131.2500000   -2.9940324039e-03   -2.9972453386e+01
 132.5000000   -1.3967772832e-03   -3.0083894400e+01
 133.7500000   -1.3595069418e-03   -3.0430207510e+01
 135.0000000   -1.3002875183e-03   -3.0924305278e+01
 136.2500000   -1.2572842429e-03   -3.1256643990e+01
 137.5000000   -1.2379475262e-03   -3.1351161484e+01
 138.7500000   -1.2309936252e-03   -3.1484232279e+01
 140.0000000   -1.2482273668e-03   -3.1881385679e+01
 141.2500000   -1.3029882266e-03   -3.2380258330e+01
 142.5000000   -1.3601594855e-03   -3.2663267835e+01
 143.7500000   -1.3677638403e-03   -3.2726711118e+01
 145.0000000   -1.3352869356e-03   -3.2893440617e+01
 146.2500000   -1.3379585848e-03   -3.3339959809e+01
 147.5000000   -1.3798016742e-03   -3.3830647058e+01
 148.7500000   -1.3932773029e-03   -3.4058989598e+01
 150.0000000   -1.3557304958e-03   -3.4101682353e+01
 151.2500000   -1.3243296226e-03   -3.4312938007e+01
 152.5000000   -1.3367745697e-03   -3.4804107631e+01
 153.7500000   -1.3514810619e-03   -3.5273111824e+01
 155.0000000   -1.3337085698e-03   -3.5444438529e+01
 156.2500000   -1.3166604830e-03   -3.5478821579e+01
 157.5000000   -1.3376251578e-03   -3.5743565486e+01
