#          t             r = ...
   0.0000000    1.1410600000e+00    4.5000000000e+02
   0.0000000    2.0638216673e-04    6.1729003616e-04
   2.5000000    1.3022261750e-03   -2.5439879900e-04
   5.0000000   -5.3362085123e-04   -4.0767769334e-04
   7.5000000   -8.1460806625e-04    5.9035832287e-04
  10.0000000    3.4649773321e-03   -7.8937479571e-05
  12.5000000    9.8556336864e-04   -5.2537973384e-04
  15.0000000   -3.0658162155e-03    5.1190187983e-04
  17.5000000    4.0207620601e-03    1.0343552387e-04
  20.0000000    5.3173426304e-03   -5.9723023375e-04
  22.5000000   -4.1739522421e-03    3.8874195444e-04
  25.0000000    2.5581662778e-03    2.7679716352e-04
  27.5000000    1.3022040690e-02   -6.1695021819e-04
  30.0000000   -3.9969528658e-04    2.3163225629e-04
  32.5000000   -4.0954279195e-03    4.2601762063e-04
  35.0000000    1.4419592038e-02   -5.8280679780e-04
  37.5000000    7.3122362902e-03    5.4274880825e-05
  40.0000000   -8.1872181421e-03    5.3805639651e-04
  42.5000000    1.2786809451e-02   -4.9780611633e-04
  45.0000000    1.9448703496e-02   -1.2784426270e-04
  47.5000000   -7.5311987188e-03    6.0312801750e-04
  50.0000000    3.1783374873e-03   -3.6930199202e-04
  52.5000000    2.7215450767e-02   -2.9882860353e-04
  55.0000000    6.0800970651e-04    6.1555928463e-04
  57.5000000   -6.7346744364e-03   -2.0858491233e-04
  60.0000000    2.9472394835e-02   -4.4374385860e-04
  62.5000000    1.4977652796e-02    5.7425095353e-04
  65.0000000   -1.3689667375e-02   -2.9616042371e-05
  67.5000000    2.2607203691e-02   -5.4994253363e-04
  70.0000000    3.0534396334e-02    4.8280451618e-04
  72.5000000   -1.2728904544e-02    1.5198737828e-04
  75.0000000    9.5566601822e-03   -6.0812585105e-04
  77.5000000    4.2204809756e-02    3.4918342785e-04
  80.0000000   -2.7451428648e-03    3.2028367466e-04
  82.5000000   -5.3495191496e-03   -6.1326752414e-04
  85.0000000    4.5894288566e-02    1.8508408609e-04
  87.5000000    1.4633294545e-02    4.6066712189e-04
  90.0000000   -1.6826841629e-02   -5.6485427419e-04
  92.5000000    3.9428156964e-02    4.8009956362e-06
  95.0000000    3.4706185253e-02    5.6085716652e-04
  97.5000000   -2.0066916605e-02   -4.6710283319e-04
 100.0000000    2.4770089620e-02   -1.7594701075e-04
 102.5000000    5.2321024101e-02    6.1208215655e-04
 105.0000000   -1.2929401046e-02   -3.2858511133e-04
 107.5000000    5.5050608956e-03   -3.4134117687e-04
 110.0000000    6.2114080478e-02    6.0987811072e-04
 112.5000000    3.9143637309e-03   -1.6136802231e-04
 115.0000000   -1.2572811569e-02   -4.7695857357e-04
 117.5000000    6.1306023893e-02    5.5443147515e-04
 120.0000000    2.7035853771e-02    1.9954103772e-05
 122.5000000   -2.4186898945e-02   -5.7095693275e-04
 125.0000000    4.9522026182e-02    4.5057660877e-04
 127.5000000    5.1164297767e-02    1.9955409777e-04
 130.0000000   -2.5373315441e-02   -6.1512593220e-04
 132.5000000    2.9342955283e-02    3.0738918368e-04
 135.0000000    7.0514145358e-02    3.6173678794e-04
 137.5000000   -1.4753728204e-02   -6.0562340091e-04
 140.0000000    5.6358681188e-03    1.3735316686e-04
 142.5000000    8.0443731933e-02    4.9238346774e-04
 145.0000000    6.2515483056e-03   -5.4324883803e-04
 147.5000000   -1.5898783070e-02   -4.4684821291e-05
 150.0000000    7.8129300041e-02    5.8006512687e-04
 152.5000000    3.3613483610e-02   -4.3344052026e-04
 155.0000000   -2.9662860944e-02   -2.2287930640e-04
 157.5000000    6.3856581338e-02    6.1714967126e-04
 160.0000000    6.1853325433e-02   -2.8580402162e-04
 162.5000000   -3.1833300352e-02   -3.8160357152e-04
 165.0000000    4.0242417849e-02    6.0035802822e-04
 167.5000000    8.4895636468e-02   -1.1319563013e-04
 170.0000000   -2.0929104440e-02   -5.0707184275e-04
 172.5000000    1.2403893873e-02    5.3114838529e-04
 175.0000000    9.7886213973e-02    6.9312467602e-05
 177.5000000    1.7058952379e-03   -5.8829922853e-04
 180.0000000   -1.3546397579e-02    4.1557253247e-04
 182.5000000    9.7647401210e-02    2.4564948284e-04
 185.0000000    3.2166364085e-02   -6.1834491654e-04
 187.5000000   -3.2379035031e-02    2.6358410404e-04
 190.0000000    8.3984628402e-02    4.0073880477e-04
 192.5000000    6.4930377622e-02   -5.9421969566e-04
 195.0000000   -3.8986892528e-02    8.8665365331e-05
 197.5000000    5.9117956523e-02    5.2084871919e-04
 200.0000000    9.3645611909e-02   -5.1824562768e-04
 202.5000000   -3.1369926415e-02   -9.4017800668e-05
 205.0000000    2.7872142209e-02    5.9544133500e-04
 207.5000000    1.1282874667e-01   -3.9709858077e-04
 210.0000000   -1.0130616363e-02   -2.6857664836e-04
 212.5000000   -3.8814548652e-03    6.1802841621e-04
 215.0000000    1.1834548488e-01   -2.4129004513e-04
 217.5000000    2.1528529399e-02   -4.1934655410e-04
 220.0000000   -2.9497831074e-02    5.8704286000e-04
 222.5000000    1.0909168866e-01   -6.4220404612e-05
 225.0000000    5.8539529112e-02   -5.3386747237e-04
 227.5000000   -4.3903396843e-02    5.0478707666e-04
 230.0000000    8.6031857979e-02    1.1862488069e-04
 232.5000000    9.3757168437e-02   -6.0156239906e-04
 235.0000000   -4.3485274654e-02    3.7809208499e-04
 237.5000000    5.3405567422e-02    2.9069596359e-04
 240.0000000    1.2161760067e-01   -6.1713079935e-04
 242.5000000   -2.7522228184e-02    2.1844738915e-04
 245.0000000    1.6761871523e-02    4.3755358766e-04
 247.5000000    1.3658283189e-01   -5.7862601696e-04
 250.0000000    1.9917986462e-03    3.9786914754e-05
 252.5000000   -1.7048616208e-02    5.4631241629e-04
 255.0000000    1.3581257199e-01   -4.8958343322e-04
 257.5000000    4.0636026195e-02   -1.4236225517e-04
 260.0000000   -4.1772917156e-02    6.0728020228e-04
 262.5000000    1.1894287157e-01   -3.5787283543e-04
 265.0000000    8.2095105135e-02   -3.1214556043e-04
 267.5000000   -5.2383436517e-02    6.1531247036e-04
 270.0000000    8.8603201684e-02   -1.9470895932e-04
 272.5000000    1.1959807954e-01   -4.5452855195e-04
 275.0000000   -4.6288389679e-02    5.6979034695e-04
 277.5000000    4.9559937027e-02   -1.4665676409e-05
 280.0000000    1.4673273106e-01   -5.5734462136e-04
 282.5000000   -2.3655425995e-02    4.7441255532e-04
 285.0000000    8.6916050188e-03    1.6669852068e-04
 287.5000000    1.5854962346e-01   -6.1149776244e-04
 290.0000000    1.2566973969e-02    3.3766428546e-04
 292.5000000   -2.7218091913e-02    3.3324790343e-04
 295.0000000    1.5281967406e-01   -6.1265979483e-04
 297.5000000    5.6953817384e-02    1.7102225751e-04
 300.0000000   -5.1565741396e-02    4.7099483137e-04
 302.5000000    1.3015575374e-01   -5.5968413066e-04
 305.0000000    1.0272114411e-01   -9.8521682782e-06
 307.5000000   -5.9744278123e-02    5.6799705611e-04
 310.0000000    9.3737056391e-02   -4.5817796917e-04
 312.5000000    1.4247033592e-01   -1.9014031344e-04
 315.0000000   -4.9551794708e-02    6.1518198074e-04
 317.5000000    4.9404332942e-02   -3.1658301778e-04
 320.0000000    1.6986686301e-01   -3.5395527916e-04
 322.5000000   -2.1792108186e-02    6.0858732060e-04
 325.0000000    4.1618955135e-03   -1.4792810411e-04
 327.5000000    1.8006519302e-01   -4.8734949771e-04
 330.0000000    1.9878368042e-02    5.4844606765e-04
 332.5000000   -3.4190912618e-02    3.4181284637e-05
 335.0000000    1.7144973694e-01   -5.7725993304e-04
 337.5000000    6.9671203422e-02    4.4141193411e-04
 340.0000000   -5.9664516097e-02    2.1383253269e-04
 342.5000000    1.4416860517e-01   -6.1722782292e-04
 345.0000000    1.1953652602e-01    2.9530410754e-04
 347.5000000   -6.7044353793e-02    3.7429065819e-04
 350.0000000    1.0291014695e-01   -6.0335670193e-04
 352.5000000    1.6255099318e-01    1.2344338934e-04
 355.0000000   -5.4541477653e-02    5.0213723235e-04
 357.5000000    5.3585017146e-02   -5.3728157540e-04
 360.0000000    1.9157180879e-01   -5.9649052083e-05
 362.5000000   -2.3259372357e-02    5.8568370763e-04
 365.0000000    3.9084935743e-03   -4.2390477911e-04
 367.5000000    2.0205748704e-01   -2.3672488191e-04
 370.0000000    2.2815087043e-02    6.1902940025e-04
 372.5000000   -3.8375566901e-02   -2.7309702905e-04
 375.0000000    1.9177481355e-01   -3.9353945695e-04
 377.5000000    7.7152479910e-02    5.9795397232e-04
 380.0000000   -6.6181159076e-02   -9.8836241684e-05
 382.5000000    1.6210991558e-01   -5.1603021983e-04
 385.0000000    1.3207226331e-01    5.2464804707e-04
 387.5000000   -7.4731132376e-02    8.4058940432e-05
 390.0000000    1.1695175200e-01   -5.9370764639e-04
 392.5000000    1.7927422361e-01    4.0543729113e-04
 395.0000000   -6.1863323833e-02    2.5948360685e-04
 397.5000000    6.3098126529e-02   -6.1936472378e-04
 400.0000000    2.1179991437e-01    2.5117002458e-04
 402.5000000   -2.8703093376e-02    4.1265101923e-04
 405.0000000    8.3813165905e-03   -5.9080994984e-04
 407.5000000    2.2434805514e-01    7.4764875699e-05
 410.0000000    2.0566121386e-02    5.2964061990e-04
 412.5000000   -3.8688981773e-02   -5.1086704375e-04
 415.0000000    2.1486934106e-01   -1.0815251161e-04
 417.5000000    7.9348482031e-02    6.0043538775e-04
 420.0000000   -7.0823879545e-02   -3.8631560675e-04
 422.5000000    1.8415002584e-01   -2.8152761427e-04
 425.0000000    1.3932430970e-01    6.1894272024e-04
 427.5000000   -8.2566583296e-02   -2.2795200387e-04
