#          t             r = ...
   0.0000000    1.7141400000e+00    4.5000000000e+02
   0.0000000    2.7135772414e-03    8.2098533427e-09
   2.5000000    1.9000282702e-03   -1.7082058055e-08
   5.0000000    3.9775465007e-03   -1.9200586559e-08
   7.5000000    3.6924205033e-03   -1.7350503758e-08
  10.0000000    2.7205626792e-03   -4.2092824989e-08
  12.5000000    2.1376260872e-03   -4.8906815368e-08
  15.0000000    1.6585171748e-03   -4.3805989949e-08
  17.5000000    7.9882061822e-04   -6.6512463660e-08
  20.0000000    9.3606924355e-04   -7.8263623172e-08
  22.5000000    2.2018079793e-04   -7.1135556855e-08
  25.0000000    5.4006779657e-04   -9.0556359268e-08
  27.5000000    4.5056021425e-05   -1.0704661438e-07
  30.0000000    3.1192120432e-04   -9.9308179546e-08
  32.5000000    5.1306441461e-06   -1.1447460642e-07
  35.0000000    1.4345226698e-04   -1.3508011902e-07
  37.5000000    6.8254371446e-06   -1.2821710691e-07
  40.0000000    4.3629766333e-05   -1.3853075428e-07
  42.5000000    9.4815519730e-06   -1.6225433776e-07
  45.0000000    1.1695969514e-05   -1.5768931322e-07
  47.5000000    1.0705447007e-05   -1.6297912269e-07
  50.0000000    3.1561986104e-06   -1.8836529096e-07
  52.5000000    1.1127803790e-05   -1.8750661703e-07
  55.0000000   -4.0293350729e-07   -1.8804834161e-07
  57.5000000    5.2142957030e-06   -2.1397086834e-07
  60.0000000   -2.7903586590e-07   -2.1739375680e-07
  62.5000000    5.6798523111e-07   -2.1388977410e-07
  65.0000000   -1.5958237802e-07   -2.3866982548e-07
  67.5000000   -7.9744568953e-08   -2.4709117545e-07
  70.0000000    1.4610407848e-07   -2.4061207588e-07
  72.5000000    4.1903445061e-07   -2.6275020570e-07
  75.0000000   -1.9041606333e-07   -2.7626953853e-07
  77.5000000    1.6261073636e-07   -2.6816234770e-07
  80.0000000   -3.1937550086e-07   -2.8659808841e-07
  82.5000000    5.7018917271e-08   -3.0486111290e-07
  85.0000000    9.7458200689e-08   -2.9663203095e-07
  87.5000000    1.2427585957e-08   -3.1040412122e-07
  90.0000000   -5.0744953256e-08   -3.3262978998e-07
  92.5000000    1.9994572191e-07   -3.2587682883e-07
  95.0000000    1.5401351656e-07   -3.3450516183e-07
  97.5000000   -1.7586864157e-07   -3.5955094604e-07
 100.0000000    2.7326881179e-07   -3.5556714570e-07
 102.5000000    4.8770078962e-08   -3.5902457580e-07
 105.0000000   -9.1727594558e-08   -3.8548449066e-07
 107.5000000    1.4828651337e-07   -3.8552123310e-07
 110.0000000    1.3816376834e-07   -3.8424049461e-07
 112.5000000   -1.3483503295e-07   -4.1056744617e-07
 115.0000000    1.3019546463e-07   -4.1546602975e-07
 117.5000000    1.8778657665e-07   -4.1030585571e-07
 120.0000000   -1.7404311159e-08   -4.3494764746e-07
 122.5000000    1.0182600853e-07   -4.4512631784e-07
 125.0000000    1.9397567644e-07   -4.3729942187e-07
 127.5000000   -1.9582004274e-08   -4.5883645886e-07
 130.0000000    4.2483610122e-08   -4.7424911545e-07
 132.5000000    1.7205062621e-07   -4.6521811039e-07
 135.0000000    3.1172481288e-08   -4.8249059063e-07
 137.5000000   -2.9676574361e-09   -5.0262631020e-07
 140.0000000    1.5682625912e-07   -4.9397653264e-07
 142.5000000    3.7310145167e-08   -5.0618974986e-07
 145.0000000   -9.1729978035e-08   -5.3007525500e-07
 147.5000000   -4.4984536072e-07   -5.2337558577e-07
 150.0000000   -3.0833437356e-09   -5.3021248591e-07
 152.5000000   -8.4288799292e-08   -5.5643618521e-07
 155.0000000    6.6747990499e-08   -5.5332122542e-07
 157.5000000    1.1017919785e-07   -5.5515611592e-07
 160.0000000   -8.2671739880e-09   -5.8226200362e-07
 162.5000000    7.1291924420e-08   -5.8362910941e-07
 165.0000000    1.2326090623e-07   -5.8040081272e-07
 167.5000000    1.0564757906e-08   -6.0694223510e-07
 170.0000000    1.5155597844e-08   -6.1373201824e-07
 172.5000000    1.4297262654e-07   -6.0665276861e-07
 175.0000000   -2.3754183342e-08   -6.3078398557e-07
 177.5000000   -6.4556713490e-08   -6.4282656064e-07
 180.0000000    8.2929980193e-08   -6.3367643721e-07
 182.5000000    8.1146637774e-06   -6.5436768571e-07
 185.0000000   -5.9681494602e-08   -6.7161599669e-07
 187.5000000    6.6492693685e-08   -6.6175248954e-07
 190.0000000   -9.6822938864e-08   -6.7791988621e-07
 192.5000000   -7.0996136579e-09   -6.9994986703e-07
 195.0000000   -2.5438575734e-05   -6.9076722340e-07
 197.5000000   -3.5252633276e-05   -7.0138686947e-07
 200.0000000   -9.3557870819e-10   -7.2657669649e-07
 202.5000000    8.2736674251e-08   -7.2021508389e-07
 205.0000000   -3.8530406805e-06   -7.2548037419e-07
 207.5000000   -1.7130424952e-04   -7.5321293955e-07
 210.0000000   -6.4921790334e-05   -7.5050642131e-07
 212.5000000    1.9119168714e-07   -7.5035896287e-07
 215.0000000    4.3613780128e-08   -7.7863199690e-07
 217.5000000   -6.3458368803e-06   -7.8065874134e-07
 220.0000000   -8.5710222296e-05   -7.7603637120e-07
 222.5000000   -6.3249849553e-06   -8.0359565893e-07
 225.0000000   -8.1368896682e-07   -8.1034108527e-07
 227.5000000    4.7667946970e-07   -8.0243380075e-07
 230.0000000    1.0203520084e-07   -8.2695472849e-07
 232.5000000    2.0025788731e-08   -8.3994054428e-07
 235.0000000   -1.3081919994e-05   -8.2996095763e-07
 237.5000000    1.4008101263e-07   -8.5025726448e-07
 240.0000000    1.0100854386e-08   -8.6887077789e-07
 242.5000000    1.2107120294e-07   -8.4943506107e-07
 245.0000000   -2.1296253428e-05   -8.7356295308e-07
 247.5000000   -6.6317921336e-07   -8.9692607618e-07
 250.0000000   -4.7228279371e-08   -8.8686348573e-07
 252.5000000    8.0801871763e-08   -8.9711656457e-07
 255.0000000    4.8580388626e-08   -9.2392351706e-07
 257.5000000   -2.8743573099e-08   -9.1677797107e-07
 260.0000000    1.7658028189e-07   -9.2035072631e-07
 262.5000000   -2.1680463383e-08   -9.4905254543e-07
 265.0000000   -3.2441877210e-05   -9.4598662774e-07
 267.5000000   -1.0385448636e-04   -9.4491634399e-07
 270.0000000   -4.5799372093e-05   -9.7456429546e-07
 272.5000000   -1.1202502681e-08   -9.7762919656e-07
 275.0000000   -1.9778898560e-04   -9.7171318558e-07
 277.5000000   -1.4157581663e-04   -9.9908251444e-07
 280.0000000    2.5479034750e-08   -1.0078128081e-06
 282.5000000    1.3402784058e-07   -9.9865653483e-07
 285.0000000    1.5264754732e-07   -1.0228385496e-06
 287.5000000    2.1132163121e-07   -1.0368129900e-06
 290.0000000   -1.4048671203e-06   -1.0262108858e-06
 292.5000000    1.7498445280e-07   -1.0451558906e-06
 295.0000000    5.7763717835e-08   -1.0649753624e-06
 297.5000000    2.3462612909e-06   -1.0541288620e-06
