# t    rho at centre
0.000	0.0000
10.000	1.1554
20.000	1.4753
30.000	3.0320
40.000	4.3880
50.000	6.1934
60.000	7.8995
70.000	9.9526
80.000	11.4881
90.000	12.7503
100.000	13.0069
110.000	17.1048
120.000	15.8536
130.000	15.3742
140.000	18.3266
150.000	21.2028
160.000	22.8116
170.000	26.8396
180.000	33.4216
190.000	41.2177
200.000	45.8118
210.000	48.0895
220.000	50.6704
230.000	47.7896
240.000	53.8637
250.000	55.5225
260.000	51.0797
270.000	69.6576
280.000	70.3554
290.000	84.0992
300.000	87.0751
310.000	81.4112
320.000	83.8618
330.000	102.4154
340.000	114.8001
350.000	101.5428
360.000	121.3878
370.000	111.7017
380.000	108.2156
390.000	106.7300
400.000	135.3471
410.000	145.5906
420.000	149.7190
430.000	169.5669
440.000	144.8455
450.000	135.6573
460.000	138.8048
470.000	146.5405
480.000	151.8085
490.000	183.6468
500.000	170.9311
510.000	156.1967
520.000	144.1529
530.000	162.0904
540.000	155.2400
550.000	171.2911
560.000	198.0266
570.000	167.4800
580.000	149.4938
590.000	138.3935
600.000	143.7314
610.000	152.1559
620.000	160.3965
630.000	148.0700
640.000	144.0353
650.000	141.2289
660.000	141.7347
670.000	147.9924
680.000	140.6501
690.000	137.9231
700.000	135.6898
710.000	125.2953
720.000	133.7796
730.000	159.2580
740.000	170.7266
750.000	170.2472
760.000	151.8805
770.000	146.2527
780.000	151.2134
790.000	171.0311
800.000	183.5378
810.000	163.1166
820.000	177.4387
830.000	175.1835
840.000	187.9633
850.000	238.1708
860.000	231.5193
870.000	258.6852
880.000	263.1463
890.000	251.1624
900.000	240.5193
910.000	288.6754
920.000	294.8201
930.000	314.9612
940.000	306.7749
950.000	301.0057
960.000	333.3305
970.000	370.2026
980.000	413.0948
990.000	382.2293
1000.000	397.6113
1010.000	366.0939
1020.000	369.4295
1030.000	403.0224
1040.000	469.9141
1050.000	450.0848
1060.000	459.9650
1070.000	422.1929
1080.000	434.2578
1090.000	422.7614
1100.000	485.5215
1110.000	597.3038
1120.000	538.3451
1130.000	467.0413
1140.000	428.5713
1150.000	431.9017
1160.000	466.5638
1170.000	508.2533
1180.000	474.3028
1190.000	466.0900
1200.000	463.6505
1210.000	476.7095
1220.000	517.0326
1230.000	468.4791
1240.000	451.6344
1250.000	467.5652
1260.000	419.3477
1270.000	430.8269
1280.000	495.0076
1290.000	543.2188
1300.000	515.2700
1310.000	444.9790
1320.000	430.7546
1330.000	422.6324
1340.000	486.2986
1350.000	501.4841
1360.000	432.9407
1370.000	416.9506
1380.000	409.5104
1390.000	426.2779
1400.000	510.8976
1410.000	468.5268
1420.000	478.7050
1430.000	473.2803
1440.000	446.8318
1450.000	420.8851
1460.000	496.3802
1470.000	476.6341
1480.000	485.7186
1490.000	448.0543
1500.000	428.5042
1510.000	475.4336
1520.000	513.0055
1530.000	520.6753
1540.000	443.9519
1550.000	457.1497
1560.000	412.9954
1570.000	425.7711
1580.000	459.2335
1590.000	513.7161
1600.000	441.9967
1610.000	443.2958
1620.000	406.0383
1630.000	462.6760
1640.000	459.4658
1650.000	493.5965
1660.000	505.0672
1670.000	429.4700
1680.000	392.6542
1690.000	385.4591
1700.000	407.0170
1710.000	416.2530
1720.000	398.9731
1730.000	366.8114
1740.000	386.9809
1750.000	411.0222
1760.000	422.0470
1770.000	445.5087
1780.000	370.5675
1790.000	341.7662
1800.000	353.4040
1810.000	372.8113
1820.000	413.2291
1830.000	407.1846
1840.000	398.5467
1850.000	350.1285
1860.000	354.5148
1870.000	396.9341
1880.000	401.4126
1890.000	410.1767
1900.000	399.5614
1910.000	368.4961
1920.000	407.7960
1930.000	423.0482
1940.000	494.0580
1950.000	435.7496
1960.000	388.8535
1970.000	420.9052
1980.000	470.0492
1990.000	497.5171
2000.000	540.2405
2010.000	498.9250
2020.000	414.7491
2030.000	441.5801
2040.000	476.9432
2050.000	615.0199
2060.000	630.1149
2070.000	556.7470
2080.000	515.4455
2090.000	535.9078
2100.000	540.2703
2110.000	584.2249
2120.000	584.2228
2130.000	603.0282
2140.000	608.9613
2150.000	629.9344
2160.000	692.0275
2170.000	676.3319
2180.000	744.0166
2190.000	679.4271
2200.000	634.4418
2210.000	692.6500
2220.000	806.6494
2230.000	864.2165
2240.000	777.1690
2250.000	706.3387
2260.000	709.5795
2270.000	779.0611
2280.000	866.9131
2290.000	872.7787
2300.000	869.2138
2310.000	852.7619
2320.000	834.7075
2330.000	843.0804
2340.000	897.3384
2350.000	1031.2243
2360.000	1001.0746
2370.000	953.3235
2380.000	894.0071
2390.000	1083.5584
2400.000	1098.7257
2410.000	1064.7194
2420.000	1127.7278
2430.000	961.2425
2440.000	1064.1485
2450.000	1196.7813
2460.000	1221.9595
2470.000	1025.1864
2480.000	1084.4963
2490.000	1045.2553
2500.000	1156.5319
2510.000	1205.9518
2520.000	1197.2509
2530.000	1282.9995
2540.000	1217.9910
2550.000	1148.3278
2560.000	1209.7856
2570.000	1239.3776
2580.000	1318.5442
2590.000	1250.5504
2600.000	1232.2673
2610.000	1204.0017
2620.000	1271.5782
2630.000	1328.5154
2640.000	1304.2205
2650.000	1374.7099
2660.000	1134.9423
2670.000	1136.8739
2680.000	1368.2337
2690.000	1456.9364
2700.000	1297.3314
2710.000	1287.0144
2720.000	1129.5822
2730.000	1180.0860
2740.000	1245.0442
2750.000	1335.3595
2760.000	1384.8890
2770.000	1295.3431
2780.000	1168.3401
2790.000	1143.6885
2800.000	1214.9597
2810.000	1301.0328
2820.000	1252.4483
2830.000	1145.5887
2840.000	1118.1042
2850.000	1215.3992
2860.000	1329.6812
2870.000	1417.1436
2880.000	1231.3927
2890.000	1064.3829
2900.000	1048.7365
2910.000	1072.3828
2920.000	1143.5507
2930.000	1074.2671
2940.000	1257.8486
2950.000	1045.6115
2960.000	1001.8864
2970.000	1122.2876
2980.000	1108.1587
2990.000	1235.7441
3000.000	1172.0690
3010.000	975.4277
3020.000	919.7268
3030.000	975.2037
3040.000	1076.4419
3050.000	990.1282
3060.000	867.0131
3070.000	906.6993
3080.000	939.8304
3090.000	1010.4288
3100.000	1151.3108
3110.000	1014.1568
3120.000	793.5176
3130.000	806.7972
3140.000	827.1354
3150.000	927.3373
3160.000	1035.5255
3170.000	964.7833
3180.000	776.1074
3190.000	747.1758
3200.000	837.3747
3210.000	851.7038
3220.000	835.1618
3230.000	814.2639
3240.000	778.4930
3250.000	741.6752
3260.000	872.4967
3270.000	890.0635
3280.000	819.3212
3290.000	769.9698
3300.000	719.7235
3310.000	751.5639
3320.000	829.3765
3330.000	964.7968
3340.000	797.4023
3350.000	677.2610
3360.000	714.2288
3370.000	791.7400
3380.000	873.2882
3390.000	957.9055
3400.000	793.6711
3410.000	755.1086
3420.000	780.1555
3430.000	777.0150
3440.000	822.7420
3450.000	842.0908
3460.000	807.2298
3470.000	788.6285
3480.000	751.0554
3490.000	919.8562
3500.000	869.2582
