#          tintegral inside 0 < R < 50
   0.0000000    0.0000000000e+00
  10.0000000   -1.0800456804e+00
  20.0000000   -1.9885384863e+00
  30.0000000   -2.8229387059e+00
  40.0000000   -6.7701029410e+00
  50.0000000   -3.3364429070e+00
  60.0000000   -1.0165420246e+01
  70.0000000   -1.0350962892e+01
  80.0000000   -9.8182320791e+00
  90.0000000   -7.8369664879e+00
 100.0000000   -9.7080873341e+00
 110.0000000   -9.3820176458e+00
 120.0000000   -1.3525319748e+01
 130.0000000   -1.5504946422e+01
 140.0000000   -1.8852939030e+01
 150.0000000   -1.9719384226e+01
 160.0000000   -1.9194185201e+01
 170.0000000   -3.3128151888e+01
 180.0000000   -1.7026475708e+01
 190.0000000   -4.2097790955e+01
 200.0000000   -2.5109748676e+01
 210.0000000   -5.6995862717e+01
 220.0000000   -3.1357211578e+01
 230.0000000   -4.7581490767e+01
 240.0000000   -5.0721823599e+01
 250.0000000   -5.8522787271e+01
 260.0000000   -6.1540448006e+01
 270.0000000   -6.5148567088e+01
 280.0000000   -7.6007558456e+01
 290.0000000   -7.8337035123e+01
 300.0000000   -8.1642348127e+01
 310.0000000   -8.7468964051e+01
 320.0000000   -7.7090623678e+01
 330.0000000   -8.1566812885e+01
 340.0000000   -9.8409935617e+01
 350.0000000   -7.4879501942e+01
 360.0000000   -1.1277972875e+02
 370.0000000   -1.3797913130e+02
 380.0000000   -1.6573521395e+02
 390.0000000   -9.1312559691e+01
 400.0000000   -1.4624852218e+02
 410.0000000   -1.4783484441e+02
 420.0000000   -1.9345018000e+02
 430.0000000   -1.7235618124e+02
 440.0000000   -1.8821870192e+02
 450.0000000   -1.7968983747e+02
 460.0000000   -1.7938372837e+02
 470.0000000   -1.7816782743e+02
 480.0000000   -1.6415564442e+02
 490.0000000   -1.6994745699e+02
 500.0000000   -1.7480517342e+02
 510.0000000   -1.9085402620e+02
 520.0000000   -2.2509378439e+02
 530.0000000   -2.2107338369e+02
 540.0000000   -3.2434664044e+02
 550.0000000   -1.8996861432e+02
 560.0000000   -2.7367836598e+02
 570.0000000   -3.0552633165e+02
 580.0000000   -3.0747098922e+02
 590.0000000   -3.8403653295e+02
 600.0000000   -3.1664775843e+02
 610.0000000   -3.6116900889e+02
 620.0000000   -3.5941128608e+02
 630.0000000   -3.3946254973e+02
 640.0000000   -3.2256948645e+02
 650.0000000   -3.3634413388e+02
 660.0000000   -3.1782658564e+02
 670.0000000   -3.4619078793e+02
 680.0000000   -3.5326759571e+02
 690.0000000   -3.8663959212e+02
 700.0000000   -3.8217502878e+02
 710.0000000   -3.6830698159e+02
 720.0000000   -3.7140876884e+02
 730.0000000   -3.2590971722e+02
 740.0000000   -4.3665839378e+02
 750.0000000   -4.5316991164e+02
 760.0000000   -4.7759498161e+02
 770.0000000   -3.5648584965e+02
 780.0000000   -5.1402528846e+02
 790.0000000   -4.4501684901e+02
 800.0000000   -5.0377331232e+02
 810.0000000   -5.2079124248e+02
 820.0000000   -5.2832676578e+02
 830.0000000   -5.7525526722e+02
 840.0000000   -5.6021532353e+02
 850.0000000   -5.8238957263e+02
 860.0000000   -5.9423105104e+02
 870.0000000   -5.1688275075e+02
 880.0000000   -5.3461985266e+02
 890.0000000   -5.4222987959e+02
 900.0000000   -5.3644631308e+02
 910.0000000   -5.8818488686e+02
 920.0000000   -6.9492198789e+02
 930.0000000   -7.3898531112e+02
 940.0000000   -4.8968210257e+02
 950.0000000   -8.8024018277e+02
 960.0000000   -7.4100328749e+02
 970.0000000   -8.1669583547e+02
 980.0000000   -8.9526025449e+02
 990.0000000   -8.8828206845e+02
1000.0000000   -8.9436569079e+02
1010.0000000   -8.9141915511e+02
1020.0000000   -9.0825223011e+02
1030.0000000   -8.0573897358e+02
1040.0000000   -7.9916598469e+02
1050.0000000   -7.7917658160e+02
1060.0000000   -7.6669761523e+02
1070.0000000   -8.7217581953e+02
1080.0000000   -9.1347823652e+02
1090.0000000   -9.3921327727e+02
1100.0000000   -8.4184687184e+02
1110.0000000   -7.5086797028e+02
1120.0000000   -9.9681514685e+02
1130.0000000   -1.0440665227e+03
1140.0000000   -1.1217529698e+03
1150.0000000   -1.2187540237e+03
1160.0000000   -1.2154754910e+03
1170.0000000   -1.2341716302e+03
1180.0000000   -1.1395331649e+03
1190.0000000   -1.1368000688e+03
1200.0000000   -1.1871895878e+03
1210.0000000   -1.0315798154e+03
1220.0000000   -1.1238779017e+03
1230.0000000   -1.1690934410e+03
1240.0000000   -1.2159722863e+03
1250.0000000   -1.2386355627e+03
1260.0000000   -1.0852960576e+03
1270.0000000   -1.1161148348e+03
1280.0000000   -1.0965808317e+03
1290.0000000   -1.1686870876e+03
1300.0000000   -1.2744000245e+03
1310.0000000   -1.3923485536e+03
1320.0000000   -1.1878987991e+03
1330.0000000   -1.3189781893e+03
1340.0000000   -1.1950037717e+03
1350.0000000   -1.3815638041e+03
1360.0000000   -1.5442794669e+03
1370.0000000   -1.4986540022e+03
1380.0000000   -1.6267076006e+03
1390.0000000   -1.5525941483e+03
1400.0000000   -1.7039101288e+03
1410.0000000   -1.7375227965e+03
1420.0000000   -1.5373963379e+03
1430.0000000   -1.5258982382e+03
1440.0000000   -1.4472258200e+03
1450.0000000   -1.4619158864e+03
1460.0000000   -1.5591343906e+03
1470.0000000   -1.6462621479e+03
1480.0000000   -1.6804944406e+03
1490.0000000   -1.4884089097e+03
1500.0000000   -1.5483647169e+03
1510.0000000   -1.6915952410e+03
1520.0000000   -1.7581660110e+03
1530.0000000   -1.9645495793e+03
1540.0000000   -1.8757312337e+03
1550.0000000   -2.0273068103e+03
1560.0000000   -2.0058165019e+03
1570.0000000   -2.0152091352e+03
1580.0000000   -1.9650545643e+03
1590.0000000   -1.9543930227e+03
1600.0000000   -1.9854656523e+03
1610.0000000   -1.7424591983e+03
1620.0000000   -1.8913027780e+03
1630.0000000   -1.9854744860e+03
1640.0000000   -1.9357860728e+03
1650.0000000   -1.7865469415e+03
1660.0000000   -1.6795894262e+03
1670.0000000   -1.7504086939e+03
1680.0000000   -1.8279208300e+03
1690.0000000   -1.9415331935e+03
1700.0000000   -2.0988921083e+03
1710.0000000   -2.1984447032e+03
1720.0000000   -2.2670562073e+03
1730.0000000   -1.8227873945e+03
1740.0000000   -2.1149155170e+03
1750.0000000   -2.3008979738e+03
1760.0000000   -1.6151995130e+03
1770.0000000   -2.1868150126e+03
1780.0000000   -2.4095071135e+03
1790.0000000   -2.4371412138e+03
1800.0000000   -2.3977595000e+03
1810.0000000   -2.2974469418e+03
1820.0000000   -2.0970920933e+03
1830.0000000   -2.1207963904e+03
1840.0000000   -2.1661093648e+03
1850.0000000   -2.2479847415e+03
1860.0000000   -2.2763926279e+03
1870.0000000   -2.2681001796e+03
1880.0000000   -2.1893888015e+03
1890.0000000   -2.0863260475e+03
1900.0000000   -2.1255185960e+03
1910.0000000   -2.3632774948e+03
1920.0000000   -2.3459004445e+03
1930.0000000   -2.5618343474e+03
1940.0000000   -2.4532729794e+03
1950.0000000   -2.9020797785e+03
1960.0000000   -2.8027356995e+03
1970.0000000   -2.6591703027e+03
1980.0000000   -2.6169974988e+03
1990.0000000   -2.5207724292e+03
2000.0000000   -2.7291818248e+03
2010.0000000   -2.5262702679e+03
2020.0000000   -2.6801072761e+03
2030.0000000   -2.6136340403e+03
2040.0000000   -2.6256978270e+03
2050.0000000   -2.3082276201e+03
2060.0000000   -2.2902217602e+03
2070.0000000   -2.2861780747e+03
2080.0000000   -2.3224722388e+03
2090.0000000   -2.4794934669e+03
2100.0000000   -2.6803867475e+03
2110.0000000   -2.7121335514e+03
2120.0000000   -2.5647074561e+03
2130.0000000   -2.6399001036e+03
2140.0000000   -2.7303069722e+03
2150.0000000   -2.7512325284e+03
2160.0000000   -2.5556283658e+03
2170.0000000   -3.0043414247e+03
2180.0000000   -3.0428627950e+03
2190.0000000   -2.8543530059e+03
2200.0000000   -3.0029592287e+03
2210.0000000   -2.5557425158e+03
2220.0000000   -2.6253530689e+03
2230.0000000   -2.5159062695e+03
2240.0000000   -2.5323655203e+03
2250.0000000   -2.5530416808e+03
2260.0000000   -2.5914407886e+03
2270.0000000   -2.7635892903e+03
2280.0000000   -2.2430980338e+03
2290.0000000   -2.5081484822e+03
2300.0000000   -2.5955721009e+03
2310.0000000   -2.6120826700e+03
2320.0000000   -2.7077340199e+03
2330.0000000   -3.0863995312e+03
2340.0000000   -3.0641638977e+03
2350.0000000   -3.0273237493e+03
2360.0000000   -2.9457258420e+03
2370.0000000   -2.5815410003e+03
2380.0000000   -2.6947098320e+03
2390.0000000   -2.7602343738e+03
2400.0000000   -2.7886363299e+03
2410.0000000   -2.7487639163e+03
2420.0000000   -2.8728752241e+03
2430.0000000   -2.7734734829e+03
2440.0000000   -2.4703699131e+03
2450.0000000   -2.4578274904e+03
2460.0000000   -2.4003380112e+03
2470.0000000   -2.3943183475e+03
2480.0000000   -2.5663191644e+03
2490.0000000   -2.4174956174e+03
2500.0000000   -2.7266493943e+03
2510.0000000   -2.6414086791e+03
2520.0000000   -2.5894556694e+03
2530.0000000   -2.5984768990e+03
2540.0000000   -2.1874604848e+03
2550.0000000   -2.9095617098e+03
2560.0000000   -2.8791927463e+03
2570.0000000   -2.9346405924e+03
2580.0000000   -2.6477405896e+03
2590.0000000   -3.1544444966e+03
2600.0000000   -2.5116424502e+03
2610.0000000   -2.5996376810e+03
2620.0000000   -2.4342371079e+03
2630.0000000   -2.4096794332e+03
2640.0000000   -2.5102377603e+03
2650.0000000   -2.5109721333e+03
2660.0000000   -2.4480940747e+03
2670.0000000   -2.2650171418e+03
2680.0000000   -2.1871600451e+03
2690.0000000   -2.2394161078e+03
2700.0000000   -2.1885432880e+03
2710.0000000   -2.4120861601e+03
2720.0000000   -2.2643276052e+03
2730.0000000   -2.6285407898e+03
2740.0000000   -2.5464547618e+03
2750.0000000   -2.5056819250e+03
2760.0000000   -2.4131685325e+03
2770.0000000   -2.2448659037e+03
2780.0000000   -2.4237666646e+03
2790.0000000   -2.3821664224e+03
2800.0000000   -2.4046660564e+03
2810.0000000   -2.3301983590e+03
2820.0000000   -2.3469041302e+03
2830.0000000   -1.9798866441e+03
2840.0000000   -2.0069360120e+03
2850.0000000   -2.0064902777e+03
2860.0000000   -2.1007887211e+03
2870.0000000   -2.0755398051e+03
2880.0000000   -2.0939713485e+03
2890.0000000   -2.1736312200e+03
2900.0000000   -2.1946720137e+03
2910.0000000   -2.0017254523e+03
2920.0000000   -1.9870437800e+03
2930.0000000   -1.9656366711e+03
2940.0000000   -2.0600213766e+03
2950.0000000   -2.0265358795e+03
2960.0000000   -2.1450501929e+03
2970.0000000   -2.2044167525e+03
2980.0000000   -2.0943123357e+03
2990.0000000   -2.0067996808e+03
3000.0000000   -1.8407386051e+03
3010.0000000   -1.8783811998e+03
3020.0000000   -1.7355925163e+03
3030.0000000   -1.9272431098e+03
3040.0000000   -1.8904915621e+03
3050.0000000   -1.8790486875e+03
3060.0000000   -1.8397461555e+03
3070.0000000   -1.6640525752e+03
3080.0000000   -1.6183268853e+03
3090.0000000   -1.5535850130e+03
3100.0000000   -1.5300623225e+03
3110.0000000   -1.6868635464e+03
3120.0000000   -1.6833064541e+03
