  10.0000000    1.0918109801e+00   -2.0492825524e-08
  20.0000000    5.4525999682e-02    1.1176524982e-07
  30.0000000    3.1139890164e+00    1.1215099473e-06
  40.0000000    4.6793871988e-01    1.5161858361e-07
  50.0000000    4.4898281141e+00    3.7086765962e-04
  60.0000000    1.7805352529e+00    8.7569663979e-04
  70.0000000    5.0178755526e+00    1.1557426717e-03
  80.0000000    5.9617006850e+00    4.1462329289e-03
  90.0000000    7.5222650899e+00   -4.7958861910e-03
 100.0000000    8.8678205300e+00    2.9989542321e-03
 110.0000000    8.2621021700e+00    2.0388650873e-03
 120.0000000    1.1654682248e+01    5.2589502159e-04
 130.0000000    7.1633417729e+00   -2.1601972788e-02
 140.0000000    1.4643265752e+01    2.3284009182e-03
 150.0000000    4.8422542361e+00    7.9270184515e-04
 160.0000000    1.8218683547e+01    5.7443455271e-03
 170.0000000    2.1731374410e+00    3.1078080316e-02
 180.0000000    2.1623228750e+01    1.9765095595e-02
 190.0000000   -5.8892863718e-01    5.5002796244e-03
 200.0000000    2.4501439091e+01    1.9408533576e-02
 210.0000000   -2.9522551149e+00   -1.9496836854e-02
 220.0000000    2.6579924435e+01    3.9604620871e-03
 230.0000000   -4.1530193874e+00    5.3325519979e-03
 240.0000000    2.7376536948e+01   -2.2393792157e-03
 250.0000000   -4.1680393888e+00    4.2203955069e-03
 260.0000000    2.7108941454e+01   -1.4038471537e-02
 270.0000000   -3.0981503724e+00    1.6797048997e-02
 280.0000000    2.5284454423e+01    9.9121286873e-03
 290.0000000   -1.7475000804e-01   -3.3130593805e-03
 300.0000000    2.1764146016e+01    3.9839697913e-03
 310.0000000    4.7295054641e+00   -1.0865347228e-02
 320.0000000    1.7104543795e+01   -2.4919944277e-04
 330.0000000    9.6576623705e+00    5.2953433598e-03
 340.0000000    1.1370892944e+01    1.4919559506e-02
 350.0000000    1.5707966180e+01   -1.4026414574e-04
 360.0000000    5.4672728755e+00   -8.3484378640e-03
 370.0000000    2.1367203522e+01    1.0471111541e-03
 380.0000000   -4.4785478306e-01    3.3204542474e-03
 390.0000000    2.7449606326e+01    1.8157636182e-02
 400.0000000   -5.6727501138e+00   -2.0336056096e-02
 410.0000000    3.1911541567e+01    8.9717507550e-03
 420.0000000   -9.3134443311e+00    1.1865231000e-02
 430.0000000    3.4909926059e+01   -6.7789888202e-03
 440.0000000   -1.1716512115e+01   -1.1064203364e-03
 450.0000000    3.6196837929e+01   -7.8408909649e-02
 460.0000000   -1.1607006651e+01    2.5630063393e-02
 470.0000000    3.4917784636e+01   -1.8480242423e-02
 480.0000000   -9.0678031703e+00    3.9553559156e-03
 490.0000000    3.2148041125e+01    1.0479508090e-01
 500.0000000   -5.7074508562e+00    2.0134134480e-02
 510.0000000    2.6561762323e+01   -6.6220739106e-03
 520.0000000    1.3765540672e+00    8.1693658849e-03
 530.0000000    1.9653660194e+01    7.1730453976e-03
 540.0000000    9.1081766167e+00    1.5934114048e-02
 550.0000000    1.1777614634e+01    1.3829668747e-02
 560.0000000    1.7000877203e+01    5.5235957510e-03
 570.0000000    3.4536241751e+00    2.1671191201e-03
 580.0000000    2.5697241827e+01    2.5058435003e-02
 590.0000000   -4.3595708792e+00   -1.4328535865e-02
 600.0000000    3.3589019083e+01   -3.6244825399e-02
 610.0000000   -1.1365442077e+01    8.0244709755e-03
 620.0000000    3.9534383305e+01   -2.4477737187e-02
 630.0000000   -1.5778057380e+01    2.4672923645e-02
 640.0000000    4.2664070815e+01    3.8456141578e-03
 650.0000000   -1.8067234356e+01    6.2672718856e-03
 660.0000000    4.4061418698e+01    1.5514349698e-02
 670.0000000   -1.7867095187e+01    1.5399957718e-02
 680.0000000    4.2836690094e+01   -4.5606779719e-02
 690.0000000   -1.4930590520e+01    1.5500713102e-02
 700.0000000    3.7838642218e+01    4.3306372848e-03
 710.0000000   -9.0625007945e+00    1.4180411711e-02
 720.0000000    3.1402044446e+01    4.5072887386e-02
 730.0000000   -3.2640736920e-01    2.7663181878e-02
 740.0000000    2.1905229339e+01    4.5278640613e-02
 750.0000000    1.0045395134e+01    2.1424118040e-02
 760.0000000    1.1702560070e+01   -1.5607836342e-01
 770.0000000    2.0806064763e+01    9.8427227769e-03
 780.0000000    1.0595530105e+00   -8.8792994649e-03
 790.0000000    3.1633871096e+01    1.0794793207e-02
 800.0000000   -8.6876453242e+00    5.9195600374e-02
 810.0000000    4.0914077239e+01   -3.0504642846e-02
 820.0000000   -1.7335277256e+01    3.9142028259e-02
 830.0000000    4.8118701470e+01    1.2212615299e-02
 840.0000000   -2.2975914663e+01   -2.0713603493e-03
 850.0000000    5.2552522543e+01   -3.3099111868e-03
 860.0000000   -2.4680501338e+01   -1.2273312188e-02
 870.0000000    5.3680500869e+01    2.9882603691e-02
 880.0000000   -2.4098683362e+01    1.4009512180e-02
 890.0000000    5.0445768040e+01    4.3927713832e-02
 900.0000000   -2.0118004545e+01    4.1643941373e-03
 910.0000000    4.5049396705e+01   -2.1795948264e-02
 920.0000000   -1.2661594854e+01   -3.0053185478e-02
 930.0000000    3.5630978493e+01    2.9362524645e-02
 940.0000000   -1.9450464750e+00    2.7263117163e-02
 950.0000000    2.4243834203e+01   -4.5581892711e-02
 960.0000000    1.0553114011e+01    3.4286752731e-02
 970.0000000    1.1460282825e+01    2.7876445938e-03
 980.0000000    2.3787755054e+01    1.7817521943e-02
 990.0000000   -1.5914664801e+00    1.3721770438e-02
1000.0000000    3.6640798299e+01   -7.6110467363e-02
1010.0000000   -1.3492715968e+01    1.4938125766e-02
1020.0000000    4.7685283134e+01   -3.2526155179e-03
1030.0000000   -2.3262668773e+01   -3.9237152590e-02
1040.0000000    5.7314865912e+01    1.2167912314e-01
1050.0000000   -3.0956650488e+01    5.1803711712e-02
1060.0000000    6.1771821385e+01    9.7064550373e-03
1070.0000000   -3.3568439183e+01   -3.1833070256e-02
1080.0000000    6.2333114637e+01    6.4019364683e-03
1090.0000000   -3.1064328421e+01    2.0790309185e-02
1100.0000000    5.9425534364e+01   -9.5819052028e-04
1110.0000000   -2.6471360287e+01    5.5355051979e-02
1120.0000000    5.2051604839e+01    2.3334211520e-02
1130.0000000   -1.6043344082e+01   -3.8342108942e-04
1140.0000000    4.0642050722e+01   -2.2450534259e-02
1150.0000000   -2.9572776910e+00    7.4552245841e-03
1160.0000000    2.7126418763e+01   -3.9574847392e-02
1170.0000000    1.1901657937e+01    8.8952484533e-03
1180.0000000    1.1510442284e+01    6.1704959833e-02
1190.0000000    2.7633662501e+01   -1.9504562231e-02
1200.0000000   -4.0070390042e+00    2.7755007695e-02
1210.0000000    4.2539333545e+01    3.0741632530e-02
1220.0000000   -1.8248631014e+01    4.3568880157e-02
1230.0000000    5.6508634341e+01   -4.9135881512e-02
1240.0000000   -3.0000332714e+01    5.3462934839e-02
1250.0000000    6.6240144509e+01    6.9735858932e-03
1260.0000000   -3.8732747425e+01    8.3393997573e-03
1270.0000000    7.2979555005e+01    5.1818019473e-02
1280.0000000   -4.1412995418e+01    2.5328959319e-02
1290.0000000    7.3687707323e+01    1.1186447945e-01
1300.0000000   -3.9071583661e+01    1.0648818369e-02
1310.0000000    6.9633775249e+01   -3.8511773015e-01
1320.0000000   -3.2505352301e+01   -3.6409244132e-04
1330.0000000    5.9766749217e+01   -8.3304769304e-02
1340.0000000   -1.9543836161e+01   -2.4472106822e-02
1350.0000000    4.5881417536e+01    1.4577623581e-01
1360.0000000   -5.3414295613e+00    9.6863355087e-03
1370.0000000    3.0344862712e+01    7.1420398701e-02
1380.0000000    1.2085870197e+01    3.4428236432e-02
1390.0000000    1.2034434459e+01   -2.3693409007e-02
1400.0000000    2.9888351389e+01    2.0655340039e-02
1410.0000000   -6.1707398792e+00    1.7698467861e-02
1420.0000000    4.8019796594e+01    6.9393682916e-02
1430.0000000   -2.3008324252e+01    2.0915128209e-02
1440.0000000    6.4135802886e+01    3.0479555084e-02
1450.0000000   -3.7304812853e+01   -5.2516126578e-02
1460.0000000    7.6453651158e+01    1.0101266688e-02
1470.0000000   -4.6392100101e+01   -9.8481804817e-02
1480.0000000    8.2086870431e+01    6.7967110087e-02
1490.0000000   -5.1255221561e+01    3.9171976516e-02
1500.0000000    8.3865569231e+01   -1.0001547807e-02
1510.0000000   -4.8772854281e+01    5.4575249450e-02
1520.0000000    7.9462271949e+01   -1.2057904092e-02
1530.0000000   -4.0282887588e+01    2.1168871984e-02
1540.0000000    6.9226904755e+01    7.6266836401e-02
1550.0000000   -2.7467230016e+01   -6.1894110841e-03
1560.0000000    5.2929222893e+01   -4.7712180091e-02
1570.0000000   -9.6453795393e+00    5.2379020906e-02
1580.0000000    3.4156791737e+01   -1.0368742718e-02
1590.0000000    1.1504136432e+01    5.3171906476e-02
1600.0000000    1.3073405547e+01    9.8024708467e-02
1610.0000000    3.2920183869e+01   -1.4366019130e-02
1620.0000000   -8.4509359388e+00   -2.1649189628e-01
1630.0000000    5.2314943630e+01   -1.4134345871e-02
1640.0000000   -2.7432838209e+01    1.9379858949e-02
1650.0000000    7.1097497895e+01   -3.9953630692e-03
1660.0000000   -4.3780705207e+01    1.0225234526e-01
1670.0000000    8.6056504221e+01    2.5137129473e-02
1680.0000000   -5.4538925552e+01    1.8587548710e-02
1690.0000000    9.3684398044e+01   -4.3822598403e-02
1700.0000000   -5.8867572358e+01   -9.5038304440e-02
1710.0000000    9.4739583713e+01   -2.0932615700e-01
1720.0000000   -5.6572825432e+01    4.7114407992e-02
1730.0000000    9.0001774426e+01    7.8189020309e-03
1740.0000000   -4.6789670335e+01   -2.6415485211e-02
1750.0000000    7.8335496132e+01    1.1353326798e-01
1760.0000000   -3.2054745355e+01    6.1228063164e-02
1770.0000000    6.0682788714e+01    5.4101232244e-02
1780.0000000   -1.3898530641e+01    4.0481605481e-03
1790.0000000    3.8704683165e+01    7.7420168799e-02
1800.0000000    1.0404951363e+01    3.0158237823e-02
1810.0000000    1.4709248545e+01   -7.0264371574e-02
1820.0000000    3.4450642439e+01    3.7775111098e-02
1830.0000000   -9.7074647207e+00   -3.0571266689e-02
1840.0000000    5.9491836485e+01    9.0061457150e-02
1850.0000000   -3.1738872368e+01   -6.9666544014e-03
1860.0000000    8.0151198119e+01   -3.7068240219e-01
1870.0000000   -4.9754566372e+01   -7.1462335679e-02
1880.0000000    9.6287118070e+01   -5.0114434635e-02
1890.0000000   -6.1385181827e+01   -1.0910866603e-01
1900.0000000    1.0358287622e+02    2.1217154730e-01
1910.0000000   -6.8259663211e+01    6.8483393829e-02
1920.0000000    1.0870662940e+02   -1.9757464072e-02
1930.0000000   -6.6733348810e+01    7.2499980579e-02
1940.0000000    1.0202392403e+02   -1.1006629735e-02
1950.0000000   -5.9235049591e+01    9.0105774960e-02
1960.0000000    8.8300727003e+01    2.4481233215e-02
1970.0000000   -4.3062205097e+01    1.1337121956e-01
1980.0000000    6.8916747114e+01   -4.1731592530e-02
1990.0000000   -1.6318625480e+01   -3.5718164166e-02
2000.0000000    4.4746635293e+01   -5.3747907523e-02
2010.0000000    8.6512817694e+00    6.3858265281e-02
2020.0000000    1.7174975917e+01   -3.2258231354e-01
2030.0000000    3.4655979781e+01    6.3422537496e-02
2040.0000000   -1.0885278486e+01   -5.1414096151e-02
2050.0000000    6.4432334224e+01    5.0147658760e-02
2060.0000000   -3.6613441617e+01    1.8543172937e-01
2070.0000000    8.7590912528e+01   -3.5561526555e-03
2080.0000000   -5.7402940085e+01   -3.0653454033e-02
2090.0000000    1.0704011112e+02    8.5408410428e-02
2100.0000000   -7.2521838392e+01    2.3334237572e-02
2110.0000000    1.1626649546e+02   -3.4486294126e-02
2120.0000000   -7.8728485598e+01   -3.7437276600e-03
2130.0000000    1.2070630659e+02    7.4917747860e-02
2140.0000000   -7.8416607550e+01    5.7688059254e-02
2150.0000000    1.1438147331e+02    1.4170779840e-01
2160.0000000   -6.6406562678e+01    4.5390495824e-02
2170.0000000    1.0096899099e+02   -4.3338139515e-01
2180.0000000   -5.0059593072e+01   -8.7916427337e-03
2190.0000000    7.7731813078e+01   -2.7486549033e-02
2200.0000000   -2.3211183086e+01    6.5319724698e-02
2210.0000000    5.0532677973e+01    8.1598640869e-02
2220.0000000    8.0271491814e+00    9.6923109574e-02
2230.0000000    2.0352750569e+01    2.6935397013e-02
2240.0000000    3.8445854289e+01    1.9149095721e-02
2250.0000000   -1.0772926370e+01   -3.1510354976e-01
2260.0000000    6.7094615713e+01   -1.4573602973e-01
2270.0000000   -3.9645734591e+01   -4.1258088094e-03
2280.0000000    9.6565887837e+01   -8.7480405012e-02
2290.0000000   -6.3418152154e+01   -8.2322084394e-02
2300.0000000    1.1719551609e+02    1.6943285567e-01
2310.0000000   -8.0031254100e+01    7.2851874424e-02
2320.0000000    1.3105284985e+02    1.7259008669e-02
2330.0000000   -9.1712610229e+01   -1.8522051869e-02
2340.0000000    1.3312353287e+02    5.0078138098e-02
2350.0000000   -8.7646344893e+01    1.3268934281e-03
2360.0000000    1.2929198077e+02    1.5000806864e-02
2370.0000000   -7.9033348639e+01    2.5488536033e-02
2380.0000000    1.1328301144e+02   -1.4333383993e-01
2390.0000000   -5.7737667047e+01    8.6607580848e-02
2400.0000000    8.9268387116e+01   -1.0915312162e-01
2410.0000000   -3.0003134633e+01   -6.1347036822e-02
2420.0000000    5.8829080195e+01   -1.5981253278e-01
2430.0000000    5.1739685523e+00    4.0699020715e-03
2440.0000000    2.4761094120e+01   -8.8757926147e-02
2450.0000000    3.7658714595e+01    1.0635887741e-01
2460.0000000   -1.0063930060e+01    1.4674602886e-01
2470.0000000    7.3921923393e+01   -2.2240223832e-02
2480.0000000   -4.3146236826e+01    3.9199079638e-02
2490.0000000    1.0280514383e+02   -4.2280428133e-02
2500.0000000   -7.2396908079e+01    1.2763636031e-01
2510.0000000    1.2870480690e+02    4.6963558027e-02
2520.0000000   -9.3921126388e+01    2.1229048428e-01
2530.0000000    1.4346716244e+02   -7.5501912162e-02
2540.0000000   -9.9034566121e+01   -4.4772126161e-02
2550.0000000    1.5017109994e+02   -5.8439995758e-02
2560.0000000   -1.0202679653e+02    1.6592378794e-02
2570.0000000    1.4275854585e+02   -5.1415377544e-01
2580.0000000   -9.0137719054e+01    2.7288735147e-02
2590.0000000    1.2790994101e+02   -1.0296950736e-01
2600.0000000   -6.5646611010e+01    3.9167902128e-02
2610.0000000    1.0180944573e+02    5.1767899548e-01
2620.0000000   -4.0664049090e+01    8.9421179387e-02
2630.0000000    6.7986518111e+01   -1.3771759031e-01
2640.0000000   -1.5156259938e+00    5.3926755116e-02
2650.0000000    3.0576943173e+01    3.2653797139e-02
2660.0000000    3.5446067047e+01    8.2665558065e-02
2670.0000000   -8.3479929931e+00   -9.7477994955e-02
2680.0000000    7.4802565731e+01    1.7428293788e-01
2690.0000000   -4.5991568035e+01    1.4433325879e-01
2700.0000000    1.0968969534e+02    1.7085161477e-01
2710.0000000   -7.6517719805e+01   -2.1839105587e-02
2720.0000000    1.4015271375e+02   -3.4643512282e-01
2730.0000000   -1.0140416761e+02   -1.0502094238e-02
2740.0000000    1.5648922916e+02   -9.0467016280e-03
2750.0000000   -1.1266722909e+02    7.1468248258e-02
2760.0000000    1.6200361158e+02    3.0446122842e-02
2770.0000000   -1.1111528887e+02   -3.6045318610e-02
2780.0000000    1.5942195307e+02   -5.5813955937e-02
2790.0000000   -1.0103666481e+02    1.2766061828e-02
2800.0000000    1.4288139696e+02   -4.1366276235e-01
2810.0000000   -8.1424128267e+01    5.3831697298e-02
2820.0000000    1.1485974648e+02    1.0736802448e-02
2830.0000000   -4.8265091916e+01    6.3027293486e-02
2840.0000000    7.9266357654e+01    2.8648154607e-02
2850.0000000   -8.6784840273e+00    1.2180295066e-01
2860.0000000    3.7511663221e+01   -6.9487368135e-02
2870.0000000    3.5470522378e+01    2.4363652836e-02
2880.0000000   -5.9946305851e+00   -2.9962639797e-01
2890.0000000    7.7177902687e+01    2.4267830564e-02
2900.0000000   -4.6810969033e+01   -1.4001201969e-02
2910.0000000    1.1899483729e+02   -3.0780211752e-02
2920.0000000   -8.3847498011e+01    2.8820012196e-01
2930.0000000    1.5001491617e+02   -1.0571286906e-01
2940.0000000   -1.1166124810e+02    1.1794749820e-01
2950.0000000    1.7116947864e+02   -3.1978718415e-02
2960.0000000   -1.2663244989e+02    2.1906698368e-02
2970.0000000    1.7925854808e+02   -2.2323053360e-01
2980.0000000   -1.2514263062e+02   -1.4630891422e-01
2990.0000000    1.7527724448e+02   -9.9734137870e-02
3000.0000000   -1.1508808047e+02   -3.6641299748e-02
3010.0000000    1.5877097390e+02    1.8036358658e-01
