  40.0000000    7.7626667059e-02   -5.4760666695e-09
  80.0000000    4.0259772808e-02    6.2729562938e-06
 120.0000000   -2.4044159846e-02   -9.9513216128e-05
 160.0000000    1.0576062100e-01    1.1395662614e-04
 200.0000000    1.0320090636e-02   -3.8238060024e-05
 240.0000000   -3.7416543611e-02   -5.3721043766e-04
 280.0000000    1.2204073383e-01   -1.3874324782e-04
 320.0000000    1.5104248288e-02   -1.4260827572e-05
 360.0000000   -7.3052540969e-02   -1.4317139610e-04
 400.0000000    9.1868574397e-02   -1.8724635805e-04
 440.0000000    1.3494439432e-02   -2.3099916570e-05
 480.0000000   -7.6743090862e-02    2.0470212424e-04
 520.0000000    6.0651615837e-02   -4.0231977125e-04
 560.0000000    5.3227521275e-02    2.8616558955e-05
 600.0000000   -6.8208614580e-02   -6.9870208479e-04
 640.0000000    3.9668730909e-02    1.3234039374e-04
 680.0000000    8.7654457414e-02    5.7455972272e-05
 720.0000000   -8.0445367776e-02   -1.1551801638e-04
 760.0000000    1.8436472699e-02   -7.8631208318e-04
 800.0000000    9.1242575071e-02   -1.3430702922e-04
 840.0000000   -4.0160910986e-02   -3.8580327646e-04
 880.0000000   -1.0622693368e-02   -2.6784805223e-05
 920.0000000    1.3585033702e-01    7.0598852064e-06
 960.0000000   -7.8981729703e-02    1.1653698509e-04
1000.0000000   -3.7968448797e-02   -4.7403328226e-04
1040.0000000    9.8969681678e-02    1.2626733962e-04
1080.0000000   -1.6564081262e-02   -8.6148274550e-05
1120.0000000   -5.7121906413e-02    2.8980576994e-04
1160.0000000    1.1838919809e-01   -3.9425065527e-04
1200.0000000    1.5324250540e-02    1.9096299232e-05
1240.0000000   -7.9137914362e-02   -1.2976754720e-04
1280.0000000    1.0135752162e-01    5.0988120840e-05
1320.0000000    4.7813024126e-02   -7.2301506060e-06
1360.0000000   -8.6280089966e-02    1.6889400073e-04
1400.0000000    9.1123578665e-02    2.6383363604e-04
1440.0000000    6.4613031661e-02    2.7433361078e-05
1480.0000000   -1.1011352529e-01   -2.2656490738e-04
1520.0000000    4.4557007953e-02    7.7878276756e-05
1560.0000000    1.0020646754e-01    4.1710104447e-05
1600.0000000   -8.7135943701e-02    9.8713601921e-05
1640.0000000    1.7067382235e-02    1.5798905954e-04
1680.0000000    1.2658216648e-01    2.6724489741e-05
1720.0000000   -8.9535585349e-02   -9.5143362354e-05
1760.0000000   -1.4086389615e-02    6.3481246407e-05
1800.0000000    1.0919217331e-01    1.4584078900e-05
1840.0000000   -6.4052009784e-02    4.2419275013e-05
1880.0000000   -4.6017184257e-02   -1.4224381050e-03
1920.0000000    1.0908355758e-01   -4.9530322909e-04
1960.0000000   -3.0936447429e-02   -3.9739837077e-06
2000.0000000   -7.5901508786e-02   -3.2852444377e-04
2040.0000000    1.2049427758e-01   -1.1446684484e-05
2080.0000000   -3.5144420227e-02   -5.2290203950e-05
2120.0000000   -7.6562428049e-02   -2.6828431601e-04
2160.0000000    8.0967914763e-02   -5.2775961616e-06
2200.0000000    5.5878273018e-02   -2.4437585244e-05
2240.0000000   -9.5284450185e-02   -2.9824382615e-04
2280.0000000    7.4134602721e-02    1.5813519286e-04
2320.0000000    6.4483905317e-02   -2.6439328319e-05
2360.0000000   -1.0616755199e-01   -7.9877756908e-05
2400.0000000    4.4383509787e-02    2.7503687234e-05
2440.0000000    8.2626983264e-02   -9.7443210013e-05
2480.0000000   -7.5404652936e-02    1.2700596456e-05
2520.0000000    1.5660940610e-02   -3.3275291546e-04
2560.0000000    1.1411597396e-01   -1.3435016573e-04
2600.0000000   -9.5768883110e-02    4.5769939094e-05
2640.0000000   -1.5386242738e-02   -7.9960465006e-04
2680.0000000    1.1188943144e-01    1.7698261338e-04
2720.0000000   -5.5150425819e-02   -3.3138467689e-04
2760.0000000   -4.2673991344e-02   -7.8584909433e-05
2800.0000000    1.2054007020e-01   -4.3031942736e-04
2840.0000000   -7.5000641860e-03    6.3431858105e-05
2880.0000000   -8.0623152094e-02   -7.4002274589e-04
2920.0000000    1.2021360416e-01   -1.8759914433e-04
2960.0000000   -1.2081267599e-02    1.3095927028e-06
3000.0000000   -8.2525471328e-02   -1.4937037636e-04
3040.0000000    8.8327587444e-02   -5.2776770944e-04
3080.0000000    4.7213567357e-02   -3.0302494116e-05
3120.0000000   -9.4353811031e-02   -6.3752278334e-04
3160.0000000    7.7171741285e-02    1.8103716770e-04
3200.0000000    6.2702332278e-02    3.1920327159e-05
3240.0000000   -1.1055172268e-01    2.6195655411e-04
3280.0000000    4.3987682601e-02   -3.4580862087e-04
3320.0000000    8.8636504224e-02   -8.0647556088e-06
3360.0000000   -8.6678305430e-02   -2.9920748360e-06
3400.0000000    1.0052342680e-02    5.0378723097e-04
3440.0000000    1.1424231753e-01    8.4376624980e-05
3480.0000000   -7.5230342433e-02    3.8864074427e-05
3520.0000000   -2.1593314859e-02   -8.9757856016e-05
3560.0000000    1.1402154175e-01   -1.0439491787e-04
3600.0000000   -4.2466627105e-02    6.4230615872e-05
3640.0000000   -4.6727717241e-02    7.4269309645e-05
3680.0000000    1.2136262405e-01   -5.5892075878e-05
3720.0000000   -1.6861859113e-02    2.6830369252e-05
  40.0000000    7.7626667059e-02   -5.4760666695e-09
  80.0000000    4.0259772808e-02    6.2729562938e-06
 120.0000000   -2.4044159846e-02   -9.9513216128e-05
 160.0000000    1.0576062100e-01    1.1395662614e-04
 200.0000000    1.0320090636e-02   -3.8238060024e-05
 240.0000000   -3.7416543611e-02   -5.3721043766e-04
 280.0000000    1.2204073383e-01   -1.3874324782e-04
 320.0000000    1.5104248288e-02   -1.4260827572e-05
 360.0000000   -7.3052540969e-02   -1.4317139610e-04
 400.0000000    9.1868574397e-02   -1.8724635805e-04
 440.0000000    1.3494439432e-02   -2.3099916570e-05
 480.0000000   -7.6743090862e-02    2.0470212424e-04
 520.0000000    6.0651615837e-02   -4.0231977125e-04
 560.0000000    5.3227521275e-02    2.8616558955e-05
 600.0000000   -6.8208614580e-02   -6.9870208479e-04
 640.0000000    3.9668730909e-02    1.3234039374e-04
 680.0000000    8.7654457414e-02    5.7455972272e-05
 720.0000000   -8.0445367776e-02   -1.1551801638e-04
 760.0000000    1.8436472699e-02   -7.8631208318e-04
 800.0000000    9.1242575071e-02   -1.3430702922e-04
 840.0000000   -4.0160910986e-02   -3.8580327646e-04
 880.0000000   -1.0622693368e-02   -2.6784805223e-05
 920.0000000    1.3585033702e-01    7.0598852064e-06
 960.0000000   -7.8981729703e-02    1.1653698509e-04
1000.0000000   -3.7968448797e-02   -4.7403328226e-04
1040.0000000    9.8969681678e-02    1.2626733962e-04
1080.0000000   -1.6564081262e-02   -8.6148274550e-05
1120.0000000   -5.7121906413e-02    2.8980576994e-04
1160.0000000    1.1838919809e-01   -3.9425065527e-04
1200.0000000    1.5324250540e-02    1.9096299232e-05
1240.0000000   -7.9137914362e-02   -1.2976754720e-04
1280.0000000    1.0135752162e-01    5.0988120840e-05
1320.0000000    4.7813024126e-02   -7.2301506060e-06
1360.0000000   -8.6280089966e-02    1.6889400073e-04
1400.0000000    9.1123578665e-02    2.6383363604e-04
1440.0000000    6.4613031661e-02    2.7433361078e-05
1480.0000000   -1.1011352529e-01   -2.2656490738e-04
1520.0000000    4.4557007953e-02    7.7878276756e-05
1560.0000000    1.0020646754e-01    4.1710104447e-05
1600.0000000   -8.7135943701e-02    9.8713601921e-05
1640.0000000    1.7067382235e-02    1.5798905954e-04
1680.0000000    1.2658216648e-01    2.6724489741e-05
1720.0000000   -8.9535585349e-02   -9.5143362354e-05
1760.0000000   -1.4086389615e-02    6.3481246407e-05
1800.0000000    1.0919217331e-01    1.4584078900e-05
1840.0000000   -6.4052009784e-02    4.2419275013e-05
1880.0000000   -4.6017184257e-02   -1.4224381050e-03
1920.0000000    1.0908355758e-01   -4.9530322909e-04
1960.0000000   -3.0936447429e-02   -3.9739837077e-06
2000.0000000   -7.5901508786e-02   -3.2852444377e-04
2040.0000000    1.2049427758e-01   -1.1446684484e-05
2080.0000000   -3.5144420227e-02   -5.2290203950e-05
2120.0000000   -7.6562428049e-02   -2.6828431601e-04
2160.0000000    8.0967914763e-02   -5.2775961616e-06
2200.0000000    5.5878273018e-02   -2.4437585244e-05
2240.0000000   -9.5284450185e-02   -2.9824382615e-04
2280.0000000    7.4134602721e-02    1.5813519286e-04
2320.0000000    6.4483905317e-02   -2.6439328319e-05
2360.0000000   -1.0616755199e-01   -7.9877756908e-05
2400.0000000    4.4383509787e-02    2.7503687234e-05
2440.0000000    8.2626983264e-02   -9.7443210013e-05
2480.0000000   -7.5404652936e-02    1.2700596456e-05
2520.0000000    1.5660940610e-02   -3.3275291546e-04
2560.0000000    1.1411597396e-01   -1.3435016573e-04
2600.0000000   -9.5768883110e-02    4.5769939094e-05
2640.0000000   -1.5386242738e-02   -7.9960465006e-04
2680.0000000    1.1188943144e-01    1.7698261338e-04
2720.0000000   -5.5150425819e-02   -3.3138467689e-04
2760.0000000   -4.2673991344e-02   -7.8584909433e-05
2800.0000000    1.2054007020e-01   -4.3031942736e-04
2840.0000000   -7.5000641860e-03    6.3431858105e-05
2880.0000000   -8.0623152094e-02   -7.4002274589e-04
2920.0000000    1.2021360416e-01   -1.8759914433e-04
2960.0000000   -1.2081267599e-02    1.3095927028e-06
3000.0000000   -8.2525471328e-02   -1.4937037636e-04
3040.0000000    8.8327587444e-02   -5.2776770944e-04
3080.0000000    4.7213567357e-02   -3.0302494116e-05
3120.0000000   -9.4353811031e-02   -6.3752278334e-04
3160.0000000    7.7171741285e-02    1.8103716770e-04
3200.0000000    6.2702332278e-02    3.1920327159e-05
3240.0000000   -1.1055172268e-01    2.6195655411e-04
3280.0000000    4.3987682601e-02   -3.4580862087e-04
3320.0000000    8.8636504224e-02   -8.0647556088e-06
3360.0000000   -8.6678305430e-02   -2.9920748360e-06
3400.0000000    1.0052342680e-02    5.0378723097e-04
3440.0000000    1.1424231753e-01    8.4376624980e-05
3480.0000000   -7.5230342433e-02    3.8864074427e-05
3520.0000000   -2.1593314859e-02   -8.9757856016e-05
3560.0000000    1.1402154175e-01   -1.0439491787e-04
3600.0000000   -4.2466627105e-02    6.4230615872e-05
3640.0000000   -4.6727717241e-02    7.4269309645e-05
3680.0000000    1.2136262405e-01   -5.5892075878e-05
3720.0000000   -1.6861859113e-02    2.6830369252e-05
3760.0000000   -7.0787853408e-02    2.7710268252e-04
3800.0000000    1.1007066817e-01    3.1883542363e-05
3840.0000000    2.5844660146e-02    1.3213759194e-05
3880.0000000   -8.0773975743e-02   -2.2306578830e-04
3920.0000000    9.2904062226e-02    2.2111515752e-05
3960.0000000    6.8077672686e-02   -7.1522223172e-05
4000.0000000   -8.8114298786e-02   -2.7216400432e-04
4040.0000000    6.9244117656e-02   -4.3986053720e-04
4080.0000000    1.0461355213e-01   -5.3201017278e-05
4120.0000000   -7.5676072572e-02   -5.1471451829e-05
4160.0000000    4.3057285459e-02   -4.3752792656e-04
4200.0000000    1.5202817111e-01   -1.2189813459e-05
4240.0000000   -5.9581807482e-02   -1.2148784363e-04
4280.0000000    5.1193150206e-03   -1.3370591073e-04
4320.0000000    1.7023137983e-01    3.9597684909e-05
4360.0000000   -5.1191773717e-02   -5.3534939752e-05
4400.0000000   -2.8301956234e-02    1.7438737759e-05
4440.0000000    1.6891997618e-01    7.2943065914e-05
4480.0000000   -9.6613952144e-03    2.7577612382e-04
4520.0000000   -5.9499082199e-02    9.3757204062e-06
4560.0000000    1.8037013313e-01   -3.1876914867e-04
4600.0000000    4.6513777058e-02   -1.7616292851e-05
4640.0000000   -1.0070079001e-01   -2.2073717150e-04
4680.0000000    1.7487657928e-01   -3.2210196427e-04
4720.0000000    6.2167699012e-02   -1.0270552623e-04
4760.0000000   -1.2286481416e-01   -7.7077989285e-04
4800.0000000    1.5191465518e-01    1.9688102251e-04
4840.0000000    1.1131152355e-01    6.1396267070e-05
4880.0000000   -1.6831359495e-01    2.4281709923e-04
4920.0000000    1.1567973200e-01   -1.0784477703e-03
4960.0000000    1.1360103198e-01   -5.7765196909e-05
5000.0000000   -1.8023914140e-01   -1.1592245700e-03
5040.0000000    7.6608414582e-02    2.4964467019e-04
5080.0000000    1.0761034067e-01   -1.6830665174e-04
5120.0000000   -1.6840143081e-01    3.5495860276e-05
5160.0000000    2.0356296723e-02   -1.1580249471e-03
5200.0000000    1.0264153951e-01    5.2911764794e-05
5240.0000000   -1.2785211940e-01   -3.8974478281e-04
5280.0000000   -2.3012738078e-02    5.1791476360e-04
5320.0000000    1.4659019417e-01   -3.0355554376e-04
5360.0000000   -9.9051467457e-02    2.0028794823e-04
5400.0000000   -6.3851337201e-02   -4.8315449904e-04
5440.0000000    1.5072727841e-01   -6.0271490843e-05
5480.0000000   -7.0090663070e-02   -7.9597232456e-05
5520.0000000   -9.5489828205e-02   -7.6423962427e-04
5560.0000000    1.2436068076e-01    2.0308728499e-04
5600.0000000   -1.9061114988e-03    3.0016432408e-05
5640.0000000   -9.8677103075e-02   -2.7252252687e-04
5680.0000000    1.3623213797e-01   -6.2894463916e-04
5720.0000000    7.7181559804e-02    5.2001206352e-05
5760.0000000   -1.5057063421e-01    2.4210281647e-04
5800.0000000    1.2040690977e-01   -3.7577780191e-04
5840.0000000    6.0355625017e-02   -3.2659997877e-05
5880.0000000   -1.8016595635e-01   -1.0080072488e-04
5920.0000000    6.4256816639e-02    1.3118628846e-04
5960.0000000    7.4554501728e-02   -2.6058895024e-05
6000.0000000   -1.6241706217e-01    2.1934617764e-05
6040.0000000    2.3989659956e-02   -2.7855661298e-04
6080.0000000    6.9688254920e-02    1.0746461371e-04
6120.0000000   -1.1712206918e-01    3.3197304225e-07
6160.0000000   -1.5104712476e-02   -9.4909436543e-04
6200.0000000    1.3402407084e-01    8.9002159614e-05
6240.0000000   -4.4276409958e-02   -2.1584594484e-04
6280.0000000   -6.0371968588e-02   -5.4218018283e-04
6320.0000000    1.7502190724e-01   -3.7333424471e-04
6360.0000000   -5.4828206102e-02   -8.4265387501e-05
6400.0000000   -9.8055067548e-02    2.2437457661e-04
6440.0000000    1.3894912076e-01   -2.1880386000e-04
6480.0000000   -7.7123346175e-02   -2.5037525117e-05
6520.0000000   -1.0417470488e-01   -2.9708263452e-04
6560.0000000    9.0073005274e-02   -9.7384588289e-06
6600.0000000    7.9571589676e-03    2.2971288007e-05
6640.0000000   -9.6832508266e-02   -1.3628940773e-04
6680.0000000    8.4570055280e-02   -3.3930445659e-04
6720.0000000    1.0013569611e-01   -3.8631995808e-05
6760.0000000   -8.2288686378e-02   -5.7596466740e-04
6800.0000000    6.3444893610e-02   -2.2922632677e-04
6840.0000000    1.4073143559e-01    5.6700481159e-05
6880.0000000   -1.4083356968e-01   -4.2357846184e-04
6920.0000000    2.0969749142e-02   -4.1891082083e-05
6960.0000000    1.1173681333e-01    2.0952752161e-05
7000.0000000   -1.1176719386e-01    6.4037886867e-05
7040.0000000   -1.7969107039e-02   -1.0498153332e-03
7080.0000000    1.9265529355e-01   -1.0548831223e-03
7120.0000000   -6.2749937215e-02   -5.1060375588e-04
7160.0000000   -7.4155947516e-02    1.7141788882e-04
7200.0000000    1.4779968011e-01   -4.4326555553e-04
7240.0000000   -9.0509314282e-02   -3.3877510587e-05
7280.0000000   -8.5488469154e-02   -1.1112734102e-03
7320.0000000    1.3126683513e-01    1.9236657410e-04
7360.0000000    1.6522241222e-02   -4.6837808813e-05
7400.0000000   -1.1903966002e-01    1.8979406203e-04
7440.0000000    1.3672832511e-01   -7.7312766875e-04
7480.0000000    1.6352659412e-02    1.6284096361e-05
7520.0000000   -1.3164635688e-01   -7.1792459101e-04
7560.0000000    9.4216360967e-02    3.2532508297e-04
7600.0000000    6.5452824654e-02   -4.3182951055e-06
7640.0000000   -1.0707522467e-01    3.2511035039e-04
7680.0000000    5.5667239410e-02   -1.6463862576e-05
7720.0000000    1.6006697768e-01    2.0916140507e-04
7760.0000000   -1.1044023945e-01   -2.1415350625e-04
7800.0000000    2.6499516458e-02    2.6264837072e-04
7840.0000000    1.5124470777e-01   -9.1316099352e-05
7880.0000000   -1.0209006235e-01   -2.2690087567e-04
7920.0000000   -1.9545616996e-02   -3.5423513112e-04
7960.0000000    1.8219887463e-01   -6.1961496735e-05
8000.0000000   -8.8748456108e-02   -2.6164640893e-05
8040.0000000   -6.5515868166e-02    3.1656832213e-04
8080.0000000    1.6892500614e-01   -2.7421760752e-04
8120.0000000   -7.4648930367e-02   -6.1948834669e-05
8160.0000000   -9.0149406904e-02   -4.3645889534e-04
8200.0000000    1.4661569466e-01   -7.6284585436e-05
8240.0000000    5.7678941193e-02   -5.3005088110e-05
8280.0000000   -1.3171426898e-01   -6.6839281891e-04
8320.0000000    1.6511382707e-01   -1.0617157405e-04
8360.0000000    1.8530230821e-02    4.1555838727e-06
8400.0000000   -1.4212909557e-01   -7.2715487129e-05
8440.0000000    1.2412193015e-01   -2.6660200702e-04
8480.0000000    1.2293962019e-01   -7.7222490152e-06
8520.0000000   -1.5741125726e-01   -3.6062540840e-04
8560.0000000    9.5094479861e-02   -1.2475980813e-04
8600.0000000    1.1229530291e-01    8.3393126585e-05
8640.0000000   -1.7533974803e-01    2.1614580437e-04
8680.0000000    3.7478073678e-02   -1.0289595954e-04
8720.0000000    1.5162441315e-01   -6.4800318499e-05
8760.0000000   -1.5476251679e-01    1.8926640428e-04
8800.0000000   -1.0411484629e-02   -4.0801949472e-04
8840.0000000    1.6883571399e-01   -3.1964700748e-05
8880.0000000   -1.4477625577e-01   -4.4820368976e-05
8920.0000000   -5.3506770588e-02   -3.9392239535e-04
8960.0000000    1.6834198359e-01    2.2458147160e-04
9000.0000000   -8.5628072964e-02   -5.1756160353e-05
9040.0000000   -1.0730715263e-01    4.3229112259e-04
9080.0000000    1.6918443537e-01   -2.4689599303e-05
9120.0000000   -1.3045219076e-01    2.4835247666e-05
9160.0000000   -1.3026006775e-01   -1.3104505364e-03
9200.0000000    1.4417676789e-01    8.1254348349e-05
9240.0000000   -4.1283203449e-02   -4.1044807025e-05
9280.0000000   -1.7038605996e-01    4.0114631501e-04
9320.0000000    1.1213325257e-01   -1.1311198236e-03
9360.0000000   -7.4941910491e-03   -2.1256820669e-07
9400.0000000   -2.0171604479e-01   -8.1968296214e-04
9440.0000000    7.7147312504e-02    4.4112917040e-04
9480.0000000   -3.9280430331e-02   -6.2846610251e-05
9520.0000000   -1.6111156259e-01    3.9353770998e-04
9560.0000000    3.8486595544e-02   -9.6116879297e-04
9600.0000000    6.1130049961e-02    6.7164920871e-05
9640.0000000   -1.8534197836e-01   -2.6696175816e-04
9680.0000000    2.0746032177e-03    2.5997838341e-04
9720.0000000    3.0473547765e-02   -1.4295420020e-04
9760.0000000   -8.9061445404e-02    2.1271528751e-04
9800.0000000   -2.8998530295e-02   -5.6410709806e-04
9840.0000000    1.0993741587e-01   -1.0629988809e-05
9880.0000000   -1.0108971858e-01   -6.2634023613e-05
9920.0000000   -6.0785978413e-02   -1.3537307780e-04
9960.0000000    9.0511932788e-02   -1.0910512303e-04
10000.0000000   -3.1406488527e-02    4.4045085032e-05
10040.0000000   -9.3304104453e-02    2.0275559783e-05
10080.0000000    8.6363635209e-02   -3.1414355983e-05
10120.0000000    2.2913969763e-02   -4.9250548992e-05
10160.0000000   -9.8600233889e-02    4.4865476663e-04
10200.0000000    9.7843714045e-02   -1.1667744390e-04
10240.0000000    4.5688405564e-02    2.6416602078e-05
10280.0000000   -1.1094831658e-01   -3.1236367481e-05
10320.0000000    6.6490459602e-02    6.1083384299e-05
10360.0000000    8.5824225832e-02    2.2160488765e-05
10400.0000000   -1.1518027335e-01    6.2782561204e-05
10440.0000000    2.9642065218e-02   -2.6508254780e-04
10480.0000000    1.2073645837e-01   -8.8614581440e-05
10520.0000000   -1.3457059116e-01    6.7325883109e-05
10560.0000000   -7.2779350104e-03   -1.6776427600e-04
10600.0000000    6.3925598873e-02   -7.0457670938e-05
10640.0000000   -9.1520203542e-02    1.7371559374e-04
10680.0000000   -3.9798322695e-02    2.7740781669e-04
10720.0000000    9.4282695448e-02    1.0325268614e-04
10760.0000000   -2.0712459461e-02   -6.8309084466e-04
10800.0000000   -6.6277304509e-02   -3.4489026601e-04
10840.0000000    1.1250425819e-01    1.2296512080e-04
10880.0000000   -3.2199336792e-03   -2.1435129974e-05
10920.0000000   -8.5333740635e-02   -2.7339290365e-04
10960.0000000    1.2033859376e-01    2.1626994873e-04
11000.0000000    4.7469298085e-02   -1.9502504707e-04
11040.0000000   -9.5293772667e-02   -2.8919923711e-05
11080.0000000    8.4736677162e-02   -1.1347244644e-04
11120.0000000    1.1431140267e-01   -1.9946750001e-05
11160.0000000   -1.3243677717e-01   -3.8005373218e-04
11200.0000000    6.5762538208e-02   -4.9647865906e-04
11240.0000000    9.8728670907e-02    1.5364393943e-05
11280.0000000   -9.3490077110e-02   -1.0041544726e-03
11320.0000000    3.0087455051e-02    2.2802356510e-04
11360.0000000    1.3542586545e-01   -2.0368362981e-04
11400.0000000   -1.0461594827e-01    2.8959802272e-05
11440.0000000   -1.2870450082e-02   -1.4124675478e-03
11480.0000000    1.4911026682e-01   -2.1949314767e-05
11520.0000000   -7.6471164558e-02   -3.6163769704e-04
11560.0000000   -5.2669080073e-02    3.4304547975e-04
11600.0000000    1.4796317685e-01   -3.8707285692e-04
11640.0000000   -4.7372162722e-02    1.0023883615e-04
11680.0000000   -8.9778077372e-02   -9.0870331430e-04
11720.0000000    1.2782853895e-01    1.2397095633e-04
11760.0000000   -5.5185974123e-03   -3.4724963160e-05
11800.0000000   -1.0761580343e-01    4.5605797504e-04
11840.0000000    1.4143625283e-01   -1.9295829755e-04
11880.0000000    2.9298087316e-02   -4.4321610629e-05
11920.0000000   -1.4408472623e-01   -9.1085275801e-05
11960.0000000    1.1447063718e-01   -3.0448469448e-04
12000.0000000    1.5980127324e-02   -6.5504695204e-06
12040.0000000   -1.5897879772e-01    2.6667606229e-04
12080.0000000    5.8217903701e-02   -6.3549647600e-04
12120.0000000    5.0000278258e-02   -8.4570849213e-05
12160.0000000   -1.2665537785e-01   -1.2603293902e-04
12200.0000000    2.0739368142e-02   -1.7854802307e-04
12240.0000000    1.3579976548e-01   -2.2183715700e-05
12280.0000000   -6.4523017949e-02    3.2067233390e-04
12320.0000000   -1.2643278196e-02   -1.9973670896e-04
12360.0000000    1.9520364924e-01   -3.3968469267e-05
12400.0000000   -6.1785629782e-02   -3.5008555026e-05
12440.0000000   -6.6078661500e-02   -6.8093732885e-05
12480.0000000    1.8688054529e-01    7.6880788635e-05
12520.0000000   -1.2404082364e-01   -7.3613205548e-05
12560.0000000   -9.5939034961e-02   -9.4527805981e-05
12600.0000000    1.3431039757e-01   -8.2360814525e-06
12640.0000000   -9.1068268608e-02    5.7842085636e-05
12680.0000000   -1.2940269023e-01    1.5856724918e-04
12720.0000000    1.0170836260e-01    2.6784071571e-04
12760.0000000   -1.5176498844e-02   -1.7611149909e-05
12800.0000000   -1.4206482185e-01   -1.5163226236e-04
12840.0000000    9.2413193568e-02   -4.1278851434e-04
12880.0000000    1.5853360441e-02   -3.9687375729e-05
12920.0000000   -1.4046014123e-01   -2.2477268425e-04
12960.0000000    6.7818445089e-02   -1.3582632976e-04
13000.0000000    4.0747297702e-02   -1.3260094224e-05
13040.0000000   -1.6838899041e-01    5.0256405878e-05
13080.0000000    3.1790647057e-02    3.8591244125e-04
13120.0000000    3.0293115616e-02   -8.7925079258e-05
13160.0000000   -1.2872136731e-01    1.4950084089e-05
13200.0000000   -5.1897250887e-03   -5.6689363735e-04
13240.0000000    8.0578860863e-02   -7.0350376457e-05
13280.0000000   -1.0034214327e-01    1.8691053061e-05
13320.0000000   -4.3968383867e-02   -7.3575929482e-04
13360.0000000    1.0933024855e-01   -8.6747875120e-05
13400.0000000   -1.0959026485e-01   -4.2365643311e-04
13440.0000000   -8.5314670981e-02    2.4516473192e-04
13480.0000000    5.9883639792e-02   -4.7766793845e-04
13520.0000000   -9.4711471731e-02   -3.1670769720e-05
13560.0000000   -5.9430162549e-02   -1.3744474684e-03
13600.0000000    5.8159505637e-02   -2.1782849707e-04
13640.0000000   -1.0566438114e-02   -1.4960087300e-05
13680.0000000   -7.9266725918e-02    2.3654254029e-04
13720.0000000    5.9112278246e-02   -9.0522879772e-04
13760.0000000    3.7160383864e-02    5.9443904613e-07
13800.0000000   -9.4162233939e-02   -5.8394060055e-04
13840.0000000    2.6252834232e-02    3.3854690499e-04
13880.0000000    7.6441605950e-02   -1.0287540222e-04
13920.0000000   -4.3296513654e-02   -5.2389235245e-05
13960.0000000    8.9825200314e-03   -1.1544044835e-03
14000.0000000    1.0705329022e-01    3.9769089851e-05
14040.0000000   -3.7761579540e-02   -1.1977364256e-04
14080.0000000   -1.8080835900e-02    1.3404288743e-04
14120.0000000    1.0671155640e-01   -2.0332351021e-04
14160.0000000   -5.7104381576e-03    9.1560020175e-05
14200.0000000   -4.0793284563e-02   -3.4574300495e-04
14240.0000000    1.0484333940e-01    1.8600232400e-04
14280.0000000    3.2546202155e-02   -6.6984939788e-05
14320.0000000   -3.8984726039e-02   -1.1223558102e-04
14360.0000000    1.2764625102e-01   -1.7642290985e-04
14400.0000000    1.4215620419e-01    1.0524324942e-04
14440.0000000   -7.7126728424e-02    9.8752059520e-06
14480.0000000    1.3559164955e-01    4.5584741405e-05
14520.0000000    1.0980616158e-01   -2.9478075095e-05
14560.0000000   -1.0392883892e-01   -4.6253029049e-04
14600.0000000    7.3885494613e-02    2.1039647995e-04
14640.0000000    1.5805669017e-01    1.2111052542e-04
14680.0000000   -5.6944028031e-02   -3.4787554350e-04
14720.0000000    4.6773267016e-02   -2.7149760571e-04
14760.0000000    2.0910528301e-01   -2.0340961479e-05
14800.0000000   -1.1851389492e-01   -3.3598901864e-04
14840.0000000    4.6093482928e-03   -2.8271077317e-04
14880.0000000    1.6806272570e-01   -4.6144791017e-05
14920.0000000   -8.6912951877e-02    3.7605416108e-04
14960.0000000   -3.6893997651e-02   -4.0834901325e-04
15000.0000000    1.8396206951e-01    1.7317924325e-04
15040.0000000   -3.9621278865e-02   -5.5848601956e-05
15080.0000000   -7.8243018949e-02   -2.0933640273e-04
15120.0000000    1.6465001861e-01   -1.4158099459e-05
15160.0000000   -2.1587313615e-02   -8.2180006447e-05
15200.0000000   -9.1323402163e-02    2.8463340261e-04
15240.0000000    1.5101720598e-01    1.7732789122e-04
15280.0000000    8.1984456659e-02    2.6920519086e-08
15320.0000000   -1.0842323799e-01   -4.8572174082e-04
15360.0000000    1.3924434034e-01   -5.4858031895e-05
15400.0000000    7.4079963118e-02    1.0556083356e-04
15440.0000000   -1.2071705709e-01   -4.0994676738e-04
15480.0000000    8.9751157252e-02    2.8258073208e-04
15520.0000000    1.8098797926e-01    7.4464632981e-05
15560.0000000   -1.2439269683e-01    4.7895689026e-04
15600.0000000    6.6669405425e-02   -1.4423259437e-03
15640.0000000    1.6368867423e-01   -2.1412920946e-05
15680.0000000   -1.3693184316e-01   -5.2585865664e-04
15720.0000000    1.1263006865e-02   -5.1772648491e-04
15760.0000000    1.8796933769e-01   -1.0375892675e-05
15800.0000000   -1.4191558031e-01    2.1651273350e-04
15840.0000000   -3.9600236884e-02   -1.7502788695e-03
15880.0000000    1.8826936160e-01    1.7897483697e-04
15920.0000000   -1.0773838595e-01   -3.5834333435e-04
15960.0000000   -8.6419700149e-02    4.0928363579e-04
16000.0000000    1.6775913827e-01   -3.4936872866e-04
16040.0000000   -1.0040365721e-01    2.5040294706e-05
16080.0000000   -1.1314874284e-01   -1.1831333163e-03
16120.0000000    1.2395020150e-01   -4.1252689830e-06
16160.0000000    2.1271489093e-03   -1.8002203516e-05
16200.0000000   -1.2655606518e-01    2.9761389977e-04
16240.0000000    1.3437872913e-01   -5.6077292599e-04
16280.0000000    1.6791020581e-02    3.1875604145e-05
16320.0000000   -1.3962346080e-01   -5.3459023101e-05
16360.0000000    9.1680507564e-02   -8.9980625517e-05
16400.0000000    1.2012909688e-01   -1.2089831275e-05
16440.0000000   -1.3192162928e-01    1.5346997369e-04
16480.0000000    7.6530717245e-02   -2.1623419949e-04
16520.0000000    1.0955329591e-01    1.0771544334e-04
16560.0000000   -1.6948073078e-01    1.2131308334e-04
16600.0000000    1.5686385132e-02    5.0654457715e-04
16640.0000000    1.4164504856e-01    6.0719627973e-06
16680.0000000   -1.1017487453e-01    2.3446306614e-04
16720.0000000   -3.0742660179e-02    4.1481588298e-05
16760.0000000    1.4476203840e-01   -1.9063815732e-04
16800.0000000   -1.1394176587e-01   -1.0135747117e-04
16840.0000000   -5.6156138885e-02   -6.4870389601e-05
16880.0000000    1.5346951416e-01    1.4767960371e-05
16920.0000000   -2.5806527264e-02    5.9970059788e-05
16960.0000000   -1.0337085570e-01   -3.1332701522e-04
17000.0000000    1.7876434519e-01   -2.5423009387e-04
17040.0000000   -3.7154347328e-02   -1.0440022288e-05
17080.0000000   -1.5245895305e-01   -4.7987490060e-05
17120.0000000    1.1164341671e-01   -3.8388161907e-05
17160.0000000    1.8555942036e-02    1.4091069250e-05
17200.0000000   -1.3232122973e-01    2.1153678323e-05
17240.0000000    9.6783717342e-02   -2.5015578186e-04
17280.0000000    2.8746412491e-02   -3.4916113557e-06
17320.0000000   -1.5727709471e-01   -4.3085549967e-05
17360.0000000    4.2814345851e-02    5.8481055323e-05
17400.0000000    6.5463788595e-02   -4.8497818882e-05
17440.0000000   -8.3487755926e-02    1.1402912095e-05
17480.0000000    8.1668842633e-03   -2.2488703348e-04
17520.0000000    1.0535788043e-01   -3.7898509028e-05
17560.0000000   -6.1790159404e-02   -6.5678882639e-05
17600.0000000   -2.6102353655e-02   -7.2080973734e-04
17640.0000000    1.1757425599e-01   -2.1109787049e-04
17680.0000000    1.4200331924e-02    1.0884945244e-04
17720.0000000   -4.0430054098e-02   -1.1645402525e-03
17760.0000000    1.7941671030e-01    4.5640227371e-04
17800.0000000    1.1764926897e-01   -2.5882723697e-04
17840.0000000   -8.6530454338e-02   -7.5195959567e-04
17880.0000000    1.7179565847e-01   -4.4097056164e-04
17920.0000000    8.2429432816e-02    5.6414777225e-05
17960.0000000   -1.0161933748e-01   -1.5404100401e-03
18000.0000000    1.4767704961e-01   -4.7495808967e-05
18040.0000000    1.5595260064e-01   -1.1334978536e-04
18080.0000000   -1.1861191660e-01    8.6879763978e-05
18120.0000000    9.8793567017e-02   -8.0208961600e-04
18160.0000000    1.5225790930e-01   -1.5740298569e-05
18200.0000000   -1.3309035736e-01   -4.6905497905e-04
18240.0000000    3.7164929927e-02   -2.3454046941e-04
18280.0000000    2.0394387236e-01    2.1266128544e-04
18320.0000000    2.4300644864e-03    8.8796183270e-04
18360.0000000   -3.0374870155e-03   -5.9950970870e-04
18400.0000000    3.0450348244e-01    1.4983516711e-05
18440.0000000    3.9153922610e-02   -1.4718572324e-04
18480.0000000   -6.3091805288e-02   -2.7383586718e-04
18520.0000000    3.6014190840e-01   -2.3467910198e-05
18560.0000000   -1.9071169046e-02    1.4466708357e-04
18600.0000000   -1.3397281696e-01   -4.8719745849e-04
18640.0000000    2.7630802221e-01   -1.1095749228e-04
18680.0000000    2.5240883097e-02    1.0238123686e-04
18720.0000000   -1.6663356035e-01   -2.4076143792e-04
18760.0000000    2.4450691305e-01    2.8591063203e-04
18800.0000000    4.1663813253e-02    5.3118758846e-05
18840.0000000   -1.6484373830e-01   -1.3047403498e-04
18880.0000000    2.1282573776e-01    4.4383730826e-05
18920.0000000    2.0318001405e-01   -3.9839992294e-05
18960.0000000   -2.2830760862e-01   -1.6869630338e-04
19000.0000000    1.8112988921e-01   -4.5556087818e-04
19040.0000000    1.1621756193e-01   -2.3281660557e-05
19080.0000000   -2.3338997995e-01   -3.8095599245e-04
19120.0000000    1.0254707568e-01   -5.2020643557e-04
19160.0000000    2.0354138118e-01   -1.2791636994e-04
19200.0000000   -2.6522026809e-01    1.3374728421e-04
19240.0000000    2.8156373184e-02    4.1318779180e-04
19280.0000000    2.5203395205e-01   -9.4946896555e-05
19320.0000000   -1.6952303646e-01   -4.0781594774e-04
19360.0000000   -3.9028293672e-02   -3.2262580140e-04
19400.0000000    2.3638997028e-01   -1.8238960222e-05
19440.0000000   -1.4760547248e-01   -1.3902174939e-04
19480.0000000   -1.0189531090e-01   -5.5903282783e-04
19520.0000000    2.5951565670e-01    2.5112816750e-04
19560.0000000   -1.8371417483e-01   -4.4634335207e-05
19600.0000000   -1.5054855314e-01   -4.0171610329e-04
19640.0000000    1.8024387927e-01   -7.0294021885e-04
19680.0000000   -9.8708938956e-02   -2.9073174814e-05
19720.0000000   -1.8211407915e-01   -2.6495420382e-04
19760.0000000    1.5940357202e-01   -4.7156680695e-04
19800.0000000    3.7032655595e-02    5.4264040310e-06
19840.0000000   -1.7227773723e-01   -1.0513130838e-03
19880.0000000    1.6193244184e-01    7.3106711988e-04
19920.0000000    1.1261840035e-01   -3.7810763831e-05
19960.0000000   -2.2204254546e-01    8.6632096449e-05
20000.0000000    1.0484052458e-01   -1.6849303694e-03
20040.0000000    1.7527806260e-01   -1.6902107357e-07
20080.0000000   -2.5705593489e-01   -1.2797804410e-03
20120.0000000    5.7866953320e-02    4.7105906857e-04
20160.0000000    1.2886541651e-01   -4.1526704082e-04
20200.0000000   -1.6696796078e-01   -1.4086322527e-04
20240.0000000   -1.2684402412e-02   -1.2025437746e-03
20280.0000000    2.2531732018e-01   -7.6267585703e-05
20320.0000000   -2.3184312846e-01   -3.1913181304e-04
20360.0000000   -7.2894986395e-02    5.1872347626e-04
20400.0000000    1.7847613691e-01   -4.9520646336e-04
20440.0000000   -1.7228927828e-01    6.8401928947e-05
20480.0000000   -1.2716847507e-01   -6.3615837141e-04
20520.0000000    1.2808704017e-01   -1.8678222372e-04
20560.0000000   -8.3107008576e-02    1.5731828270e-06
20600.0000000   -1.4631925159e-01   -2.6286563407e-04
20640.0000000    1.6083177020e-01   -4.0714699895e-05
20680.0000000   -1.9617441291e-02    1.2276804627e-05
20720.0000000   -1.7531981302e-01   -7.2535852643e-04
20760.0000000    1.2160466247e-01   -2.8128831607e-05
20800.0000000    2.4164550084e-03    1.3701033635e-05
20840.0000000   -1.3190976003e-01   -3.2136137914e-04
20880.0000000    7.6457965432e-02   -1.0719337228e-04
20920.0000000    1.5539332657e-01   -1.0421398940e-04
20960.0000000   -1.2777473551e-01    2.3335078966e-04
21000.0000000    4.3748403736e-02    5.7796031384e-04
21040.0000000    2.0721071726e-01   -1.0897886725e-05
21080.0000000   -1.8327779279e-01    1.1244144621e-04
21120.0000000   -1.0208820058e-02    3.2007906453e-04
21160.0000000    1.3541860059e-01    1.5483569145e-04
21200.0000000   -1.1273692076e-01   -1.9214823718e-04
21240.0000000   -6.4007578332e-02   -6.4646358315e-04
21280.0000000    1.8329483361e-01   -1.8643328756e-04
21320.0000000   -8.1654561584e-02    8.4723703400e-05
21360.0000000   -9.6277615980e-02   -4.4629539073e-04
21400.0000000    2.2312349605e-01   -4.9429803113e-04
21440.0000000   -6.4776659204e-02   -5.7769348974e-05
21480.0000000   -1.4432283500e-01   -2.7867837768e-04
21520.0000000    1.3575353686e-01   -1.8498501037e-04
21560.0000000    4.2614246506e-02   -6.0538062640e-05
21600.0000000   -1.3814859188e-01   -3.1767637390e-04
21640.0000000    1.1133566818e-01    1.1068122103e-04
21680.0000000    1.1290985606e-01    8.0093248519e-05
21720.0000000   -1.1010565440e-01   -3.2903414348e-04
21760.0000000    8.9427114201e-02   -1.0642154207e-03
21800.0000000    1.6807477886e-01   -6.0955751723e-05
21840.0000000   -1.1673561901e-01   -7.4230483204e-04
21880.0000000    3.7568702239e-02   -5.8220044357e-04
21920.0000000    1.9972163272e-01   -4.4211446589e-05
21960.0000000   -8.0358315244e-02   -3.5236865322e-04
22000.0000000   -1.6122057196e-02    1.8850936294e-04
22040.0000000    2.6436678531e-01   -7.9872606903e-05
22080.0000000   -4.3872525803e-02   -1.1377212259e-04
22120.0000000   -7.6264082237e-02   -2.0658416282e-03
22160.0000000    2.7272028043e-01    1.1662266229e-04
22200.0000000   -3.3917869883e-02   -3.3083273738e-04
22240.0000000   -1.3311739918e-01   -3.5725299107e-04
22280.0000000    2.3893773832e-01   -1.0837002103e-03
22320.0000000    1.4451916704e-01    3.0915484860e-05
22360.0000000   -1.6992513489e-01   -1.3528348694e-03
22400.0000000    2.7782296439e-01    5.0037121326e-05
22440.0000000    1.3554317034e-01    1.0159794255e-04
22480.0000000   -2.2428590142e-01    3.1483529454e-04
22520.0000000    2.3088501116e-01   -1.2917424164e-03
22560.0000000    1.9618285300e-01    1.6088032039e-04
22600.0000000   -2.6018694943e-01   -7.9477498526e-04
22640.0000000    1.6319373146e-01    6.6370597250e-05
22680.0000000    2.3925151797e-01   -2.6042179092e-04
22720.0000000   -3.1576596404e-01   -4.1063378274e-04
22760.0000000    8.8765817646e-02    6.0427202715e-05
22800.0000000    1.3603114225e-01    2.6478121787e-05
22840.0000000   -2.1799286866e-01   -1.3026883493e-04
22880.0000000    8.0152476250e-03    5.0628824971e-05
22920.0000000    2.6117042973e-01   -1.3571795175e-04
22960.0000000   -2.1262939346e-01   -1.5328267405e-04
23000.0000000   -6.5455993516e-02   -3.3528099646e-04
23040.0000000    2.5269182948e-01   -8.6077780929e-05
23080.0000000   -1.6870332461e-01   -2.0446173919e-05
23120.0000000   -1.9981756606e-01    3.4734360718e-03
23160.0000000    2.7906914304e-01    3.6500774453e-04
23200.0000000   -7.3477495475e-02    3.0213874095e-04
23240.0000000   -2.1350849420e-01    9.1448171518e-04
23280.0000000    2.6190224482e-01    4.0408670726e-04
23320.0000000   -1.0918946149e-01    8.6643688246e-05
23360.0000000   -2.7746486499e-01   -1.8501142314e-04
23400.0000000    1.8603181534e-01    4.5996104666e-04
23440.0000000   -3.8022412145e-02   -1.8992405569e-05
23480.0000000   -2.7985221552e-01   -6.2249366404e-05
23520.0000000    1.7534735534e-01   -2.3475729319e-04
23560.0000000   -3.3329733176e-02    1.0640349308e-05
23600.0000000   -3.2036060815e-01   -4.6551753796e-04
23640.0000000    7.6910042834e-02   -1.6857238419e-04
23680.0000000   -8.0817039317e-03    3.7909617805e-06
23720.0000000   -2.4268221717e-01   -2.3459640117e-04
23760.0000000    2.6038407119e-02   -2.0211070616e-04
23800.0000000    8.9988078801e-02    2.3687477152e-06
23840.0000000   -1.9520422454e-01   -1.2391280762e-04
23880.0000000   -2.7417775581e-02   -2.9034466565e-04
23920.0000000    1.0950539665e-01   -3.2075374860e-05
23960.0000000   -8.3045949209e-02   -3.3231869424e-04
24000.0000000   -7.6843129071e-02   -3.6932553038e-04
24040.0000000    2.1698391295e-01   -5.6265651391e-05
24080.0000000   -1.1700573462e-01   -6.8370146166e-05
24120.0000000   -1.4672335198e-01    7.0117314980e-04
24160.0000000    1.6384017361e-01   -3.1344858227e-04
24200.0000000   -1.5464097892e-01   -1.1111365505e-04
24240.0000000   -1.6439707963e-01   -1.8005333734e-03
24280.0000000    1.1536089016e-01    1.1753909766e-05
24320.0000000   -5.3123132133e-02   -3.1075271570e-05
24360.0000000   -1.5927507778e-01    3.7184385024e-04
24400.0000000    9.2302121576e-02   -1.3545482166e-03
24440.0000000    5.0822300251e-02    5.0299996784e-05
24480.0000000   -1.6205369560e-01   -1.0961562851e-03
24520.0000000    5.1765301424e-02    1.3787848093e-04
24560.0000000    1.2220447420e-01    1.6200844257e-04
24600.0000000   -9.6382254543e-02    4.2254793957e-04
24640.0000000    2.1629246828e-02   -1.2796371829e-03
24680.0000000    1.9392379542e-01    2.2878581657e-04
24720.0000000   -2.2769026029e-01   -7.1969285224e-04
24760.0000000   -3.0041339377e-02    6.3226676382e-04
24800.0000000    1.2522776896e-01   -1.7159074567e-04
24840.0000000   -8.4278449611e-02    4.3486334628e-04
24880.0000000   -7.4508772862e-02   -4.5650835176e-04
24920.0000000    1.8085038635e-01    2.9155236824e-05
24960.0000000   -9.7208368917e-02   -1.5541008242e-04
25000.0000000   -1.1731614626e-01   -1.9671221902e-04
25040.0000000    1.0781091537e-01   -5.6916257295e-04
25080.0000000    3.6218911913e-02   -4.9763895938e-06
25120.0000000   -1.4320769645e-01   -2.2928684978e-04
25160.0000000    1.4956701170e-01   -1.4458347202e-04
25200.0000000   -5.2619751282e-04   -5.6712106990e-06
25240.0000000   -1.7670258415e-01    3.1089773563e-04
25280.0000000    6.2854278897e-02   -2.4683699255e-05
25320.0000000    6.2604699628e-02    7.2009118042e-06
25360.0000000   -3.3834697980e-02   -4.6324392501e-04
25400.0000000    4.8055281598e-02   -1.2806150582e-04
25440.0000000    2.6304477477e-01    7.4688366980e-05
25480.0000000   -6.2067730151e-02    3.3893502176e-05
25520.0000000    7.9514102470e-03   -8.9589693585e-04
25560.0000000    2.3922424085e-01    8.1646177263e-05
25600.0000000   -9.0292120360e-02   -2.4634886511e-04
25640.0000000   -5.0255813845e-02   -2.0212201247e-04
25680.0000000    2.5019497940e-01   -1.1360863867e-04
25720.0000000   -9.0776793525e-02    8.1206886260e-06
25760.0000000   -1.0143416972e-01   -6.6938016726e-04
25800.0000000    2.0147143048e-01   -1.0256456932e-04
25840.0000000   -5.2460350647e-02   -5.7304545006e-05
25880.0000000   -1.1773708902e-01   -4.3363510173e-04
25920.0000000    1.6285383244e-01   -2.5329565508e-04
25960.0000000    8.7449060606e-02   -3.0214732772e-05
26000.0000000   -1.7437727846e-01   -5.3682548724e-04
26040.0000000    1.7387641717e-01    4.0805413305e-04
26080.0000000    1.1272138954e-01   -2.0279580345e-04
26120.0000000   -1.7105772726e-01    1.1122825046e-05
26160.0000000    1.2528576570e-01   -1.4550451701e-03
26200.0000000    1.5009688603e-01    2.0198028464e-04
26240.0000000   -1.5205305691e-01   -5.9666393074e-04
26280.0000000    7.0780305110e-02   -5.0488160257e-04
26320.0000000    2.2788180573e-01    1.2257623526e-04
26360.0000000   -1.3146832988e-01   -8.2855791963e-04
26400.0000000    1.4405849975e-02    5.8769276112e-04
26440.0000000    2.6319992760e-01   -3.5983295681e-04
26480.0000000   -8.4726972957e-02    4.6969520484e-04
26520.0000000   -5.1409970110e-02   -2.5403480176e-03
26560.0000000    3.4700399720e-01   -1.6296215150e-04
26600.0000000   -1.1453817548e-01   -2.3015904152e-04
26640.0000000   -1.2558441598e-01    2.6405711745e-04
26680.0000000    2.8988502890e-01   -7.3442752932e-04
26720.0000000   -9.7460408320e-02    2.4971113584e-04
26760.0000000   -1.8097130016e-01   -1.8267063983e-03
26800.0000000    2.4311504686e-01    1.4010041334e-04
26840.0000000   -5.3877741301e-02   -2.2062612987e-05
26880.0000000   -2.1972645337e-01    2.2048910797e-04
26920.0000000    2.2972875899e-01   -2.7030791736e-04
26960.0000000   -8.5899389146e-03    6.0441959586e-05
27000.0000000   -2.9070402534e-01    6.5713608634e-05
27040.0000000    1.4428452154e-01   -2.4155113983e-04
27080.0000000    2.2511825096e-02    7.7882152528e-06
27120.0000000   -2.4560504135e-01    3.1449040358e-04
27160.0000000    1.0326495989e-01   -5.4158294757e-04
27200.0000000    9.0660231468e-02   -1.0564431419e-04
27240.0000000   -3.1324540543e-01    3.5855187138e-05
27280.0000000    3.9568673877e-02    3.0676145171e-04
27320.0000000    7.4649997504e-02   -9.8725880778e-05
27360.0000000   -2.6641107000e-01    1.7188643045e-04
27400.0000000   -1.8486368470e-02    2.8672143604e-04
27440.0000000    9.2170597086e-02   -2.6522289891e-04
27480.0000000   -2.2893962583e-01    9.0730140353e-05
27520.0000000   -6.4785081248e-02    4.6045919485e-04
27560.0000000    1.1028433597e-01    7.4188005952e-06
27600.0000000   -9.5290229666e-02    9.8863474232e-05
27640.0000000   -1.1221805226e-01    6.3484748135e-04
27680.0000000    1.5441934815e-01   -3.6091723853e-04
27720.0000000   -1.1017730757e-01   -6.1603916809e-05
27760.0000000   -1.5155660551e-01    1.1196178814e-06
27800.0000000    9.1037369259e-02   -1.2525995413e-04
27840.0000000   -8.4702080934e-03   -1.0382034037e-04
27880.0000000   -1.2621795782e-01   -4.9396729514e-04
27920.0000000    9.4173375156e-02   -6.7568094202e-04
27960.0000000    8.8212934398e-02   -2.3905902175e-05
28000.0000000   -1.4961241456e-01   -4.0309256800e-04
28040.0000000    7.0481180212e-02   -1.6071964213e-05
28080.0000000    9.5081208383e-02    3.6820381033e-05
28120.0000000   -2.4218634215e-01   -2.7837868845e-04
28160.0000000    1.4934859816e-02   -2.5154713487e-04
28200.0000000    6.5107886978e-02   -1.1921425513e-04
28240.0000000   -5.7172810128e-02    2.7104324382e-04
28280.0000000   -2.4323960298e-02   -6.7867603055e-04
28320.0000000    1.1601433972e-01   -1.2669002683e-04
28360.0000000   -9.7922050398e-02   -1.2998689098e-04
28400.0000000   -4.9225053956e-02   -9.3700241063e-04
28440.0000000    1.3049124796e-01    9.7265030531e-05
28480.0000000    4.2602223346e-02   -2.7315099170e-04
28520.0000000   -9.2120946964e-02    4.5924240908e-04
28560.0000000    1.3261008300e-01   -9.2934984927e-04
28600.0000000    1.6616379764e-01    4.2038027236e-05
28640.0000000   -9.4290795445e-02   -1.8777242302e-03
28680.0000000    1.8710066387e-01    2.1889472349e-04
28720.0000000    1.6864543987e-01   -3.6165160735e-05
28760.0000000   -1.6546180876e-01    3.6004392616e-04
28800.0000000    1.2690974355e-01   -1.6942023010e-03
28840.0000000    1.5441265390e-01   -1.6511617330e-05
28880.0000000   -1.7449622153e-01   -7.4522372335e-04
28920.0000000    5.9661826770e-02    7.8563946551e-04
28960.0000000    1.7225406753e-01   -3.1915491445e-04
29000.0000000   -1.4778335933e-01    3.8149536242e-05
29040.0000000    6.8181906788e-03   -4.3519767439e-04
29080.0000000    1.8537546775e-01   -4.2917699975e-05
29120.0000000   -8.0925301677e-02   -7.8689836221e-05
29160.0000000   -3.5980238748e-02    8.7920321256e-05
29200.0000000    2.5134920639e-01    5.9406928115e-06
29240.0000000   -3.4740812027e-02   -3.1250307369e-05
29280.0000000   -8.6600760293e-02   -4.9812993782e-04
29320.0000000    2.1333335009e-01   -3.6088246503e-04
29360.0000000    1.2068998594e-01   -3.6671846993e-04
29400.0000000   -1.4064683873e-01    1.3794906747e-04
29440.0000000    2.6369007672e-01   -4.8312148973e-04
29480.0000000    6.1175243768e-02   -3.0749809921e-05
29520.0000000   -1.7175188580e-01    1.9598477390e-04
29560.0000000    1.9717860465e-01    3.1830904336e-04
29600.0000000    1.3512723775e-01   -5.5434997339e-05
29640.0000000   -1.8949958397e-01    3.9509476199e-04
29680.0000000    1.3059642709e-01   -3.7009847506e-04
29720.0000000    1.9847815906e-01   -1.1508190954e-04
29760.0000000   -1.8783490856e-01   -8.7949585889e-06
29800.0000000    7.5079043988e-02    2.0900286884e-04
29840.0000000    1.8575535290e-01   -1.2022209468e-04
29880.0000000   -1.4274369930e-01   -2.8167851267e-04
29920.0000000    7.4366710157e-03   -8.0682398428e-04
29960.0000000    3.1179017280e-01   -3.7025307090e-04
30000.0000000   -4.9179745583e-02   -2.7031218284e-04
30040.0000000   -6.0997918568e-02    6.2438412275e-05
30080.0000000    3.5574570300e-01   -2.6179834088e-04
30120.0000000   -5.6346219508e-02   -3.3800438046e-04
30160.0000000   -1.2577983696e-01   -3.7561585983e-05
30200.0000000    3.5859051425e-01   -1.0283094690e-04
30240.0000000   -3.3228571226e-02    5.6672151517e-06
30280.0000000   -2.0814245657e-01    3.2541963879e-04
30320.0000000    3.2035882302e-01    1.9605864597e-04
30360.0000000   -5.3779857282e-02   -5.5435486099e-05
30400.0000000   -2.5619057893e-01   -9.8790376872e-04
30440.0000000    1.5609965562e-01   -1.8376739971e-04
30480.0000000    2.4369287036e-02   -4.2745392625e-04
30520.0000000   -1.7787859017e-01   -7.5351863281e-04
30560.0000000    1.6627596506e-01   -7.9661808310e-04
30600.0000000    1.6630761687e-01    7.1517177622e-05
30640.0000000   -2.8892717769e-01    6.6948007779e-06
30680.0000000    1.0394884665e-01   -1.8587084024e-03
30720.0000000    1.5458278958e-01   -1.5038762842e-04
30760.0000000   -1.8889668434e-01   -1.6462964393e-03
30800.0000000    3.2247043503e-02    1.3564434003e-04
30840.0000000    2.8447830612e-01   -3.4735899685e-05
30880.0000000   -2.3314977152e-01    1.0972159103e-04
30920.0000000   -4.1020575108e-02   -2.1800655121e-03
30960.0000000    2.2091935244e-01    9.0673829663e-05
31000.0000000   -2.0026157361e-01   -8.2054459131e-04
31040.0000000   -9.3245222713e-02    1.2067009272e-03
31080.0000000    2.8686049838e-01   -8.3197091975e-04
31120.0000000   -7.9972340993e-02   -5.5948908222e-05
31160.0000000   -2.0540686512e-01   -9.9363036715e-04
31200.0000000    2.5910131940e-01    5.5824026449e-04
31240.0000000   -1.8688368134e-01   -1.1843744556e-04
31280.0000000   -2.0562551128e-01    1.0227236968e-03
31320.0000000    1.7340517570e-01   -5.1812406598e-04
31360.0000000   -1.0194578177e-01   -9.6105134104e-05
31400.0000000   -2.2078770363e-01   -1.1321423647e-04
31440.0000000    1.2172978937e-01   -1.1023007456e-04
31480.0000000    5.2140597849e-02   -1.3707813171e-04
31520.0000000   -2.5659233777e-01    9.3355544555e-04
31560.0000000    7.8433685808e-02    2.8284813799e-04
31600.0000000    7.5421462493e-02    1.8632198213e-05
31640.0000000   -1.1702624476e-01    2.2889846519e-04
31680.0000000    3.9763577682e-02   -8.4728509674e-04
31720.0000000    1.6041427207e-01    1.0643923277e-04
31760.0000000   -2.1564824642e-01   -3.3034978768e-04
31800.0000000   -2.1614230366e-02   -1.1128849885e-05
31840.0000000    1.2933758698e-01    6.9465748155e-05
31880.0000000   -1.2470653767e-01   -1.8727582650e-04
31920.0000000   -4.1073169987e-02    2.9893375712e-04
31960.0000000    1.9800682110e-01    6.9002257712e-05
32000.0000000    5.3403733720e-02   -3.1489491835e-05
32040.0000000   -1.1091920381e-01    1.6173903187e-04
32080.0000000    2.1976001506e-01   -7.4842738882e-04
32120.0000000    6.8176498977e-02   -3.2396039726e-05
32160.0000000   -1.4944436949e-01   -2.6101129745e-04
32200.0000000    2.0474811321e-01    1.2186268759e-04
32240.0000000    1.4749094223e-01    6.6988487893e-05
32280.0000000   -1.7956971814e-01   -3.9555022650e-04
32320.0000000    1.5339197585e-01   -7.7385106419e-04
32360.0000000    1.2777585715e-01   -6.2671277227e-05
32400.0000000   -1.4294962664e-01   -4.1870060599e-05
32440.0000000    8.9181350848e-02   -5.8477005142e-04
32480.0000000    3.0051332562e-01    1.7722278949e-04
32520.0000000   -1.1958388992e-01   -3.5157774410e-04
32560.0000000    2.7119993546e-02    4.3164937593e-04
32600.0000000    3.4537474171e-01    3.7470134218e-04
32640.0000000   -1.4982266846e-01    4.1740009996e-05
32680.0000000   -4.1758260219e-02    3.4170144699e-04
