  10.0000000    1.1539054104e+00   -2.8093794399e-09
  20.0000000    5.7722229943e+00    4.8015286084e-07
  30.0000000    7.7630676205e+00    1.7677766938e-06
  40.0000000    2.8103857219e+00    1.1802819313e-06
  50.0000000    4.6499954426e-01    1.2520755448e-05
  60.0000000    8.9267484060e+00    3.6253837171e-03
  70.0000000    1.7112254342e+01   -7.0693406460e-03
  80.0000000    1.1611783081e+01   -2.3147407281e-02
  90.0000000   -1.6617472141e-01    1.2779297975e-02
 100.0000000    6.7426428832e+00    2.7366228387e-02
 110.0000000    3.2950757690e+01    5.9527045467e-02
 120.0000000    4.4213075505e+01    3.3026772707e-02
 130.0000000    2.2392090095e+01   -8.8202510098e-02
 140.0000000   -3.0935323193e-02   -3.1346446685e-02
 150.0000000    1.7701356765e+01    2.1446553852e-02
 160.0000000    5.9035094236e+01    6.3383756777e-02
 170.0000000    6.9368827046e+01    3.9512856671e-02
 180.0000000    3.0554822979e+01    1.5369025808e-01
 190.0000000   -2.4980208605e-01    6.6393850684e-02
 200.0000000    2.9921889472e+01    9.9900262075e-02
 210.0000000    8.4339733388e+01    1.8290608155e-01
 220.0000000    8.6130388497e+01    1.7560016142e-02
 230.0000000    2.8279002716e+01    2.1612246877e-02
 240.0000000   -1.1634962807e+00    9.2654549612e-02
 250.0000000    4.7787372354e+01    2.1654433283e-01
 260.0000000    1.0767485200e+02    2.0533085027e-01
 270.0000000    9.0039471614e+01    1.1559934070e-01
 280.0000000    1.8610094160e+01    1.6078041090e-01
 290.0000000    6.3809266998e-01    2.5618105321e-02
 300.0000000    6.7081158136e+01   -2.9409930767e-02
 310.0000000    1.2850650534e+02    2.7120301923e-01
 320.0000000    8.6315860495e+01    1.0221694463e-01
 330.0000000    5.5118844374e+00    2.7620299653e-01
 340.0000000    6.7722609798e+00    2.3005769090e-01
 350.0000000    9.5513336419e+01    1.8468032660e-01
 360.0000000    1.4176944911e+02    7.6125027463e-02
 370.0000000    7.5354174506e+01   -2.2209041105e-01
 380.0000000   -7.5105288096e+00    1.0627014953e-01
 390.0000000    1.7780127939e+01   -6.2544532405e-02
 400.0000000    1.2663678884e+02    3.9838133993e-01
 410.0000000    1.5147147827e+02    1.7967309399e-01
 420.0000000    5.8113279543e+01    1.9684399932e-01
 430.0000000   -1.7385086289e+01    1.6581024925e-01
 440.0000000    4.2975031908e+01    9.3471325893e-02
 450.0000000    1.5685081375e+02   -1.0141689631e-01
 460.0000000    1.5356153613e+02    2.0868457309e-01
 470.0000000    3.4411014869e+01   -2.9407773759e-03
 480.0000000   -2.1230709211e+01    2.9172480594e-01
 490.0000000    7.3200883117e+01    2.2021185912e-01
 500.0000000    1.8277356782e+02    1.0872543028e-01
 510.0000000    1.4370354488e+02    4.6837436955e-01
 520.0000000    9.1082224830e+00    7.6599989306e-02
 530.0000000   -1.6300141246e+01   -5.7622583626e-02
 540.0000000    1.1342748181e+02    2.6488853848e-01
 550.0000000    2.0685364601e+02    4.4159707458e-01
 560.0000000    1.2522083379e+02    2.3505559780e-01
 570.0000000   -1.6091129478e+01    5.9380370914e-01
 580.0000000   -9.1688478496e-01    5.7902536525e-01
 590.0000000    1.5553859012e+02    2.6584991524e-01
 600.0000000    2.2244126855e+02   -2.2813773580e-01
 610.0000000    9.9639684752e+01   -5.8378026567e-01
 620.0000000   -3.8529796512e+01    1.2269874084e-01
 630.0000000    2.2814132882e+01    3.5626662201e-01
 640.0000000    2.0135022184e+02    3.4068960738e-01
 650.0000000    2.2797447629e+02   -7.8610696082e-02
 660.0000000    6.4453433402e+01    6.5866190065e-01
 670.0000000   -5.3184567850e+01    4.1640885623e-01
 680.0000000    5.6477698315e+01   -2.7536783434e-01
 690.0000000    2.4034094788e+02    2.2884943801e-01
 700.0000000    2.2066206292e+02    5.8092611018e-01
 710.0000000    2.5527086326e+01    2.1670018857e-01
 720.0000000   -5.8896127277e+01    2.4761320133e-01
 730.0000000    1.0377852055e+02    6.4736555867e-01
 740.0000000    2.7423932899e+02    6.9558823107e-01
 750.0000000    2.0087670547e+02    8.3209932375e-02
 760.0000000   -1.4663021704e+01   -8.7464147396e-01
 770.0000000   -4.4530251065e+01    3.9650361161e-01
 780.0000000    1.6194611561e+02    7.7787119602e-01
 790.0000000    3.0728654083e+02    6.1082917459e-01
 800.0000000    1.6604503712e+02    1.1151333019e+00
 810.0000000   -5.2245536589e+01    5.4024707921e-01
 820.0000000   -2.3368371082e+01    5.1425422164e-01
 830.0000000    2.1857555620e+02    2.5294896107e-01
 840.0000000    3.1887715314e+02   -9.6052052593e-01
 850.0000000    1.2145712842e+02    4.2718226347e-01
 860.0000000   -8.3652239084e+01    6.1266473642e-01
 870.0000000    8.2874465934e+00   -5.3060606722e-01
 880.0000000    2.8274364733e+02   -2.5212159635e-01
 890.0000000    3.1881874508e+02    8.0421366693e-01
 900.0000000    6.7357957840e+01    5.0271567172e-02
 910.0000000   -1.0197968047e+02    6.5048500939e-03
 920.0000000    7.6195163957e+01    6.0995787008e-01
 930.0000000    3.4100575297e+02    6.0269780421e-01
 940.0000000    3.0151369721e+02    9.9980166874e-02
 950.0000000    8.9582519296e+00   -7.1269121240e-01
 960.0000000   -1.0653455173e+02    9.4678553236e-02
 970.0000000    1.3409115117e+02    4.5484038394e-03
 980.0000000    3.8477232966e+02    1.8968214413e-01
 990.0000000    2.6572100073e+02   -3.0913195085e-01
1000.0000000   -4.8248413611e+01    1.7661644454e-01
1010.0000000   -8.5977149821e+01    6.5676205147e-01
1020.0000000    2.1681443216e+02    1.3328261312e+00
1030.0000000    4.1591342955e+02    2.2459949675e+00
1040.0000000    2.1424754994e+02    2.3618649326e+00
1050.0000000   -1.0085784177e+02    1.2219905557e+00
1060.0000000   -4.9976444327e+01    7.4371364791e-01
1070.0000000    2.9131559205e+02    1.1042349417e+00
1080.0000000    4.3409750927e+02   -1.0437287653e-01
1090.0000000    1.4931103567e+02    6.3138875538e-01
1100.0000000   -1.4257047947e+02    2.4935018235e-01
1110.0000000   -1.2524861420e+00    2.1572306027e+00
1120.0000000    3.7879853497e+02    1.0992539233e+00
1130.0000000    4.2661318688e+02    1.5244785317e+00
1140.0000000    7.3973481173e+01    1.1077834238e+00
1150.0000000   -1.6328410060e+02   -7.6892328392e-01
1160.0000000    7.5468314850e+01    3.0943838313e-01
1170.0000000    4.4931800996e+02    8.3356309134e-01
1180.0000000    4.0040540333e+02    1.2712994253e-01
1190.0000000   -6.4311741406e+00    1.2829411508e+00
1200.0000000   -1.7364065024e+02    8.7429078618e-01
1210.0000000    1.6381470210e+02    1.0349425639e+00
1220.0000000    5.1008715515e+02    8.8332466169e-01
1230.0000000    3.4898301524e+02   -5.1056211483e-01
1240.0000000   -8.4776018787e+01    1.2503058843e+00
1250.0000000   -1.5289241735e+02    1.1698523781e+00
1260.0000000    2.5379723081e+02    1.6250142065e+00
1270.0000000    5.4336830939e+02    1.4978674149e+00
1280.0000000    2.8088803333e+02    2.8836208409e+00
1290.0000000   -1.6011647711e+02    5.1126730470e-01
1300.0000000   -1.0974003539e+02    7.4383284739e-01
1310.0000000    3.6811730644e+02    1.2443354833e+00
1320.0000000    5.7422037851e+02    5.1785039041e-02
1330.0000000    1.9280603569e+02    5.3797897203e-01
1340.0000000   -2.1052086524e+02    2.0133681663e+00
1350.0000000   -2.4385122488e+01    2.6367989134e+00
1360.0000000    4.7283273948e+02    9.2715594139e-01
1370.0000000    5.6283936433e+02    2.6347013094e+00
1380.0000000    9.0629107402e+01    2.7800230877e+00
1390.0000000   -2.4362732416e+02    1.7754022753e+00
1400.0000000    4.4585769799e+01   -8.0328865803e-02
1410.0000000    5.6799020372e+02    1.5929468853e+00
1420.0000000    5.2212251204e+02    6.8717539697e-01
1430.0000000   -1.6838689702e+01    2.8385608584e+00
1440.0000000   -2.5587072205e+02    2.5305910670e+00
1450.0000000    1.6706982871e+02    2.1304656669e+00
1460.0000000    6.3754368295e+02   -1.7331926168e-01
1470.0000000    4.5818054345e+02   -2.8990852685e+00
1480.0000000   -1.1897224261e+02   -2.3104098440e-01
1490.0000000   -2.5177951902e+02    3.7482613252e-01
1500.0000000    3.1082215072e+02    4.6858019690e+00
1510.0000000    6.9620459440e+02    1.1617208651e+00
1520.0000000    3.6861623136e+02    3.0104172706e-01
1530.0000000   -2.1257609079e+02    4.4715320871e-01
1540.0000000   -1.8507124585e+02    4.6544427317e-01
1550.0000000    4.3540933471e+02    3.0825300940e-02
1560.0000000    7.3011094104e+02    1.7657140400e+00
1570.0000000    2.5343549413e+02    9.8291889400e-02
1580.0000000   -2.9677483992e+02    2.1724840957e+00
1590.0000000   -1.0837438713e+02    2.2800965101e+00
1600.0000000    5.5420849073e+02    1.8436120251e+00
1610.0000000    7.1345591286e+02    2.2642012279e+00
1620.0000000    1.2585814540e+02    1.8798563353e+00
1630.0000000   -3.4564313383e+02   -6.1654160834e-01
1640.0000000    7.9180040625e+00    1.9205761205e+00
1650.0000000    6.7291806603e+02    6.3724415057e-01
1660.0000000    6.6917573011e+02    1.4173524016e+00
1670.0000000   -1.1779902076e+01    2.1734009121e+00
1680.0000000   -3.5957029584e+02    3.6178976188e+00
1690.0000000    1.4707069291e+02    2.2902663848e+00
1700.0000000    7.7435156145e+02   -2.5676986563e+00
1710.0000000    5.9602204196e+02   -3.2712456490e+00
1720.0000000   -1.5117227795e+02    7.3001974198e-02
1730.0000000   -3.6198454212e+02    2.0066379983e+00
1740.0000000    2.9484750981e+02    1.7918874074e+00
1750.0000000    8.3725790017e+02    7.2903039800e-01
1760.0000000    4.8324256242e+02    2.7928705964e+00
1770.0000000   -2.7784961221e+02    9.2762307571e-01
1780.0000000   -3.1289732105e+02   -2.0080723222e+00
1790.0000000    4.5910813214e+02    8.1459305000e-01
1800.0000000    8.8561463222e+02    1.6796023353e+00
1810.0000000    3.4675566402e+02    6.2323011609e-01
1820.0000000   -3.8436070094e+02    2.2450117490e+00
1830.0000000   -2.1015420968e+02    3.3210708612e+00
1840.0000000    6.0231393792e+02    1.4164771194e+00
1850.0000000    8.9118282237e+02    4.0598873518e-01
1860.0000000    1.8712624839e+02   -6.9534470032e+00
1870.0000000   -4.5549409768e+02    1.0181976733e+00
1880.0000000   -8.3569194394e+01    3.8890329502e+00
1890.0000000    7.7583972217e+02    1.6232993047e+00
1900.0000000    8.5019673667e+02    3.9450975749e+00
1910.0000000    1.8145388476e+01    2.4553405316e+00
1920.0000000   -4.9617277725e+02    3.3702500761e+00
1930.0000000    5.9717273676e+01    4.0479595642e-01
1940.0000000    9.0056981411e+02   -7.5265941072e-01
1950.0000000    7.6061294112e+02    7.3590409352e-01
1960.0000000   -1.5920662821e+02    1.7784106561e+00
1970.0000000   -5.2081455816e+02   -6.6405571096e-01
1980.0000000    2.3342010918e+02   -9.7708569892e-01
1990.0000000    1.0035361158e+03    5.5899917239e+00
2000.0000000    6.3124026716e+02   -7.6954837599e-01
2010.0000000   -3.1817878689e+02   -1.7113384333e+00
2020.0000000   -4.3753239611e+02    1.3362290741e-01
2030.0000000    4.5954757239e+02    4.3077423885e+00
2040.0000000    1.0442844947e+03    1.7867932186e-01
2050.0000000    4.6630174912e+02    1.1430967934e+00
2060.0000000   -4.5929651967e+02    4.2187759073e-01
2070.0000000   -3.8870301201e+02   -8.5658899499e-01
2080.0000000    6.3987199706e+02    2.3751484767e+00
2090.0000000    1.0603607870e+03    1.2450218188e+00
2100.0000000    2.8441956661e+02    2.0140013382e+00
2110.0000000   -5.6511208154e+02    2.2774683764e+00
2120.0000000   -2.1658414318e+02    4.2949761398e+00
2130.0000000    7.9855815652e+02    5.5145695348e+00
2140.0000000    1.0267895109e+03    7.9765924896e+00
2150.0000000    8.2436872533e+01    6.5610168574e+00
2160.0000000   -6.2358404407e+02    8.7756785093e-01
2170.0000000   -6.6361596492e+01   -1.7231674663e-01
2180.0000000    9.8359853115e+02   -1.1768023052e+00
2190.0000000    9.4637624050e+02    1.7285087457e+00
2200.0000000   -1.2904595783e+02    7.6554614342e-02
2210.0000000   -6.4652359579e+02    8.1634640460e+00
2220.0000000    1.6602385765e+02    4.4467605384e+00
2230.0000000    1.1123450031e+03    1.3355456532e+00
2240.0000000    8.1071725440e+02    3.9546263719e+00
2250.0000000   -3.2510096518e+02   -5.7123832766e+00
2260.0000000   -6.1244691309e+02    1.6331734005e+00
2270.0000000    3.6946735936e+02    4.2522385399e+00
2280.0000000    1.1842511102e+03    1.6632488559e+00
2290.0000000    6.3407889700e+02    2.8948102091e+00
2300.0000000   -5.2193326962e+02    4.6411099677e+00
2310.0000000   -5.4396988392e+02    2.8168398364e+00
2320.0000000    5.8962668859e+02    2.9524509366e+00
2330.0000000    1.2270872025e+03    3.3576869573e+00
2340.0000000    4.2159711445e+02    1.9849544677e+00
2350.0000000   -6.6658251947e+02    2.1326108795e+00
2360.0000000   -4.0793012459e+02    4.7407740262e+00
2370.0000000    7.9886436529e+02    4.4114292192e+00
2380.0000000    1.2234994220e+03    8.3364258271e+00
2390.0000000    1.8562568142e+02   -1.6194598901e-01
2400.0000000   -7.7210697897e+02   -6.0993293554e-01
2410.0000000   -2.0274641881e+02    3.5986391375e+00
2420.0000000    1.0306671258e+03   -7.4869316546e-01
2430.0000000    1.1556237066e+03    5.5059951136e+00
2440.0000000   -6.0182435017e+01    9.2825451366e+00
2450.0000000   -7.9860633834e+02    9.6078252515e+00
2460.0000000   -5.4285479612e+00    5.9186280235e+00
2470.0000000    1.1930348068e+03    6.1698369435e+00
2480.0000000    1.0048543279e+03    2.6725535526e+00
2490.0000000   -2.9891536947e+02    2.2971040671e+00
2500.0000000   -8.2614388810e+02    1.6393669912e+00
2510.0000000    2.0924292369e+02    6.4212367848e-01
2520.0000000    1.2995140890e+03    4.0525428479e-01
2530.0000000    8.2335501199e+02    5.8785636131e+00
2540.0000000   -5.2649363583e+02    4.6009116403e+00
2550.0000000   -7.4199417348e+02    4.7906099100e+00
2560.0000000    4.9277218403e+02    2.9234714263e-01
2570.0000000    1.3876962969e+03   -3.1618435982e+00
2580.0000000    5.9306515192e+02   -2.6946096014e-01
2590.0000000   -7.2687953000e+02    5.4019812866e-01
2600.0000000   -5.8137762849e+02    8.1281331514e+00
2610.0000000    7.5503249621e+02    4.6734297239e+00
2620.0000000    1.3778482240e+03   -3.6290330765e-01
2630.0000000    3.3505164160e+02    3.8376222652e+00
2640.0000000   -8.5554286498e+02   -6.0752925936e-01
2650.0000000   -4.1814652773e+02    2.4494715703e+00
2660.0000000    1.0174239842e+03    2.8636393700e+00
2670.0000000    1.3200445877e+03    9.4226892676e-01
2680.0000000    5.5537725152e+01    9.3779149354e+00
2690.0000000   -9.5663877245e+02    1.1663835626e+01
2700.0000000   -1.9176956941e+02    5.5871232212e+00
2710.0000000    1.2281673152e+03    2.1931062269e+00
2720.0000000    1.2064952343e+03    2.9198225135e+00
2730.0000000   -2.2558147431e+02   -7.5758235912e+00
2740.0000000   -1.0077435834e+03    2.0937812667e+00
2750.0000000    3.6340838607e+01    3.7636502058e+00
2760.0000000    1.3947847642e+03    5.9043731671e+00
2770.0000000    1.0355866522e+03   -1.4691450454e+00
2780.0000000   -4.8346479422e+02    5.3377129054e+00
2790.0000000   -9.6626361801e+02    5.2350762188e+00
2800.0000000    3.2326217872e+02   -5.0007857800e-01
2810.0000000    1.4947182806e+03   -2.5477356661e+00
2820.0000000    8.0321883473e+02    5.7592217922e+00
2830.0000000   -7.4092835307e+02    3.6922588203e-01
2840.0000000   -8.8686588045e+02    2.4892421598e+00
2850.0000000    5.7917077575e+02    2.4275328863e+00
2860.0000000    1.5277228881e+03    4.1727802540e+00
2870.0000000    5.2857710936e+02   -1.8331122378e+00
2880.0000000   -9.3303734573e+02   -6.0031764856e+00
2890.0000000   -6.8011444959e+02    2.6910616357e+00
2900.0000000    8.9398734739e+02    5.9235707265e+00
2910.0000000    1.5135395970e+03    4.1751018096e+00
2920.0000000    2.2522039941e+02    1.0851306339e+01
2930.0000000   -1.0703809112e+03    2.9545866922e+00
2940.0000000   -5.0764855191e+02    1.9590823584e+00
2950.0000000    1.1528062964e+03    3.1328295725e+00
2960.0000000    1.4068021793e+03   -1.0562245661e+01
2970.0000000   -8.9402477700e+01    7.1619677564e-01
2980.0000000   -1.1567872471e+03    6.7698987808e+00
2990.0000000   -2.3315801013e+02   -1.8341140687e+00
3000.0000000    1.3961894458e+03    7.8011433713e-01
3010.0000000    1.2465207841e+03    2.5961973833e+00
3020.0000000   -3.9653033454e+02    5.7191392857e+00
3030.0000000   -1.1711275498e+03    6.7373630187e+00
3040.0000000    1.1487471508e+02    3.9347910025e+00
3050.0000000    1.5241253075e+03    1.4238133736e+00
3060.0000000    1.0261186733e+03    1.5788148684e+00
3070.0000000   -6.8802530821e+02   -2.3900586634e+00
3080.0000000   -1.1231748091e+03    7.2520683277e-01
3090.0000000    4.1054587681e+02    5.2588376638e+00
3100.0000000    1.6038533040e+03   -5.7974477697e-01
3110.0000000    7.4843445537e+02   -5.0066203933e+00
3120.0000000   -9.3070852518e+02   -2.5482187096e+00
3130.0000000   -9.2356509669e+02    6.8846920685e+00
3140.0000000    6.9965577995e+02    7.5636203968e+00
3150.0000000    1.6306621645e+03    1.4754799706e+01
3160.0000000    4.3114478315e+02    5.1507108997e+00
3170.0000000   -1.1553152997e+03    5.4538179736e+00
3180.0000000   -7.4387073563e+02    4.0530805919e+00
3190.0000000    9.9439889947e+02    6.5258046252e+00
3200.0000000    1.5741130474e+03    2.6786373082e+00
3210.0000000    9.6099034085e+01    6.5105524441e+00
3220.0000000   -1.2555266991e+03    4.3220725386e+00
3230.0000000   -5.4902285844e+02    7.8677421395e+00
3240.0000000    1.2552202605e+03    8.3015672665e+00
3250.0000000    1.4363556324e+03    1.0010947136e+01
3260.0000000   -2.3847477717e+02    3.7638096256e+00
3270.0000000   -1.3132779288e+03   -2.6357774542e+00
3280.0000000   -2.1242765784e+02   -1.0183786169e+00
3290.0000000    1.4665097203e+03    3.8558807029e+00
3300.0000000    1.2387041872e+03   -2.6102783546e+00
3310.0000000   -5.6973524345e+02    7.9409314245e+00
3320.0000000   -1.2876200159e+03    5.8722956313e+00
3330.0000000    1.2469453665e+02    9.2457202334e+00
3340.0000000    1.6099205071e+03    7.0503167438e+00
3350.0000000    9.7007279618e+02   -7.8974124936e+00
3360.0000000   -8.5476077061e+02   -1.3321140793e-01
3370.0000000   -1.2259219794e+03    5.7204420542e+00
3380.0000000    3.7998161004e+02    2.9065398796e+00
3390.0000000    1.6646163417e+03    5.8853985849e+00
3400.0000000    6.6682800138e+02    1.7139050360e+01
3410.0000000   -1.1153656873e+03    4.7870642803e+00
3420.0000000   -1.0517699872e+03    2.8384596279e+00
3430.0000000    7.4251983823e+02    4.7064989593e+00
3440.0000000    1.6914992247e+03    4.5798239739e+00
3450.0000000    3.2210168202e+02    5.5980469582e+00
3460.0000000   -1.2925376956e+03    3.8886277413e+00
3470.0000000   -8.0609809755e+02    9.4100166179e+00
3480.0000000    1.0797492004e+03    1.3977998612e+01
3490.0000000    1.5822467720e+03    5.7960403625e+00
3500.0000000   -3.1559254573e+01    7.7020833360e+00
3510.0000000   -1.3940174617e+03    6.5404625165e+00
3520.0000000   -5.7546983927e+02   -4.5184196566e-01
3530.0000000    1.3447965619e+03    1.1496974258e+01
3540.0000000    1.4145638885e+03    5.5623520526e+00
3550.0000000   -3.8416370406e+02    1.3100243032e+01
3560.0000000   -1.4579063947e+03    1.4703974753e+01
3570.0000000   -2.1749170206e+02    8.6272079044e+00
3580.0000000    1.4873413381e+03    6.6601978420e-01
3590.0000000    1.1841508599e+03   -1.8334221262e-01
3600.0000000   -7.1471696613e+02    1.5469303309e+00
3610.0000000   -1.4821574816e+03   -2.2512054849e+00
3620.0000000    1.0996800418e+02    9.3016574626e+00
3630.0000000    1.6169391337e+03    1.7780106091e+00
3640.0000000    9.0527021912e+02    6.4343908707e+00
3650.0000000   -1.0012083762e+03    1.0549009260e+00
3660.0000000   -1.3037883661e+03   -8.6978610104e-01
3670.0000000    4.7781519471e+02    1.0966101128e+00
3680.0000000    1.6970207024e+03    5.6036727791e+00
3690.0000000    5.7096864610e+02    2.6827234284e+00
3700.0000000   -1.2317134807e+03    7.0017635168e+00
3710.0000000   -1.1240965182e+03    7.6546773083e+00
3720.0000000    7.2870194368e+02   -4.6388362528e-01
3730.0000000    1.6411809061e+03    1.0969164663e+01
3740.0000000    2.2120416464e+02    9.9189884772e+00
3750.0000000   -1.4046010523e+03    4.0128516570e+00
3760.0000000   -8.4094711683e+02    9.1095164746e+00
3770.0000000    1.0397253729e+03    5.9626394750e+00
3780.0000000    1.5124552201e+03    5.7430446524e+00
3790.0000000   -1.5020222647e+02    1.7394862359e+01
3800.0000000   -1.4876186882e+03    1.0532065614e+01
3810.0000000   -5.4714718334e+02    9.7844848296e+00
3820.0000000    1.2828903154e+03    4.1319681548e+00
3830.0000000    1.3548538494e+03   -9.1687894684e+00
3840.0000000   -5.1475585936e+02    1.0134884246e+00
3850.0000000   -1.5414662986e+03    1.1528769084e+01
3860.0000000   -2.1632748296e+02    1.5347217256e+01
3870.0000000    1.4754395073e+03    1.8104292228e+00
3880.0000000    1.0982556839e+03    4.9188258585e+00
3890.0000000   -8.4207573388e+02    1.3038241289e+01
3900.0000000   -1.5021121410e+03   -4.3696830539e-01
3910.0000000    9.9872109518e+01    1.6501337096e+00
3920.0000000    1.5821548279e+03    9.8270360313e+00
3930.0000000    8.0221607919e+02    7.1553474399e+00
3940.0000000   -1.1339702037e+03    6.5032777613e+00
3950.0000000   -1.3971587614e+03    4.5953219475e+00
