  10.0000000    1.1380110865e+01   -4.5815228356e-07
  20.0000000    5.4600633856e+00   -2.3234154367e-07
  30.0000000    2.0086964233e+01    5.3432105819e-06
  40.0000000    3.5184288523e+01    1.0014344676e-06
  50.0000000    6.4605679743e+00    1.2100377219e-04
  60.0000000    7.5803077245e+01   -4.0677554642e-02
  70.0000000    1.5777646646e+00    5.1084849536e-02
  80.0000000    8.2315837467e+01    1.5900316432e-02
  90.0000000    4.3760582209e+01    1.9781724051e-01
 100.0000000    4.5796940214e+01    5.1794859107e-01
 110.0000000    1.2653632365e+02    4.4768850498e-01
 120.0000000    4.0364557688e-01   -5.3925040490e-02
 130.0000000    1.4740046868e+02   -6.2152297878e-01
 140.0000000    2.3672644201e+01   -4.2604659547e-01
 150.0000000    1.0224928014e+02    1.8617819197e-01
 160.0000000    9.3383229190e+01    1.0439935136e-01
 170.0000000    3.3147072554e+01    5.2677635227e-01
 180.0000000    1.6068849292e+02    1.6453173520e+00
 190.0000000   -6.6167999914e-01    2.0642988212e+00
 200.0000000    1.7871609277e+02    7.3183060307e-01
 210.0000000    4.5950057844e+01   -3.5357054202e-01
 220.0000000    1.1548633732e+02    1.3644666840e+00
 230.0000000    1.5846057387e+02    4.0803902983e+00
 240.0000000    2.0629255790e+01    1.5894017013e+00
 250.0000000    2.3021305619e+02    4.9946116402e+00
 260.0000000    6.6587339884e+00    4.3143280790e+00
 270.0000000    1.8631862723e+02    7.2455098958e+00
 280.0000000    9.0939845472e+01    3.8822607270e+00
 290.0000000    9.3679030295e+01   -3.5684408487e-01
 300.0000000    2.3498561176e+02    7.3456483165e+00
 310.0000000   -1.3083153279e+00    1.0616979806e+01
 320.0000000    2.7728586606e+02    8.8008525293e+00
 330.0000000    4.0961596832e+01    9.6162049218e+00
 340.0000000    1.6648673208e+02    1.2789467812e+01
 350.0000000    1.8860768338e+02    1.3608189774e+01
 360.0000000    4.6036020350e+01    1.0455515619e+01
 370.0000000    2.9276802703e+02    4.4285628678e+00
 380.0000000   -3.3138592563e+00    1.5965776873e+01
 390.0000000    2.4878962762e+02    1.0279551721e+01
 400.0000000    1.1687968424e+02    1.2147162931e+01
 410.0000000    9.9446307945e+01    1.7465351957e+01
 420.0000000    2.8652116648e+02    2.0074631390e+01
 430.0000000   -4.6474439702e+00    2.2409504079e+01
 440.0000000    3.3215158662e+02    2.0182034720e+01
 450.0000000    4.4819569486e+01    1.3147126604e+01
 460.0000000    2.2928779050e+02    3.0191862197e+01
 470.0000000    2.0556233312e+02    1.3728848992e+01
 480.0000000    4.5207839757e+01    2.6985803510e+01
 490.0000000    3.3172483564e+02    1.9672888928e+01
 500.0000000   -8.4855961977e+00    3.4168505308e+01
 510.0000000    3.0167289043e+02    2.5130331546e+01
 520.0000000    1.3023381103e+02    2.1535849808e+01
 530.0000000    1.0923970944e+02    1.9548301855e+01
 540.0000000    3.6685271998e+02    5.0645593321e+01
 550.0000000   -1.5035428538e+01    3.1213959551e+01
 560.0000000    3.9259756819e+02    2.3829650392e+01
 570.0000000    5.6401703959e+01    3.5106974743e+01
 580.0000000    2.2648157781e+02    3.1539691336e+01
 590.0000000    3.0182080674e+02    3.1029564844e+01
 600.0000000    1.7103535170e+01    2.8554403895e+01
 610.0000000    4.3835581914e+02    2.0686115715e+01
 620.0000000   -1.4303617496e+01    2.9645515618e+01
 630.0000000    3.9152676986e+02    2.6706162911e+01
 640.0000000    1.9137619017e+02    2.8216274937e+01
 650.0000000    1.2860158422e+02    5.0887433759e+01
 660.0000000    4.6622666635e+02    3.7129559400e+01
 670.0000000   -5.3360145690e+01    2.6156072031e+01
 680.0000000    5.2222208936e+02    2.5399021754e+01
 690.0000000    7.4875124281e+01    2.6336193512e+01
 700.0000000    2.6717386350e+02    3.1886873579e+01
 710.0000000    4.0977090249e+02    2.2954399121e+01
 720.0000000   -3.8181972830e+01    1.7467235532e+01
 730.0000000    6.1911213063e+02    2.4589769659e+01
 740.0000000   -3.6896401041e+01    3.3735515600e+01
 750.0000000    4.7787196954e+02    2.5039813539e+01
 760.0000000    2.7749912232e+02    1.7881610462e+01
 770.0000000    1.2372922940e+02    3.3677952034e+01
 780.0000000    6.2520049493e+02    2.6756171693e+01
 790.0000000   -7.5660002553e+01    2.9247301835e+01
 800.0000000    6.8625979423e+02    2.0843682129e+01
 810.0000000    9.0715146593e+01    2.3929529587e+01
 820.0000000    3.5436913912e+02    1.6870230996e+01
 830.0000000    5.3899697894e+02    1.8371625926e+01
 840.0000000   -3.1951850724e+01    1.0160978505e+01
 850.0000000    8.0727034591e+02    1.5217872499e+01
 860.0000000   -6.5475229663e+01    1.7128794635e+01
 870.0000000    6.5331681216e+02    1.1865931577e+01
 880.0000000    3.4164982565e+02    1.5169030376e+01
 890.0000000    1.6278794511e+02    1.3965004089e+01
 900.0000000    8.0649531992e+02    1.2244486706e+01
 910.0000000   -1.2706070531e+02    1.3211134504e+01
 920.0000000    8.9741170362e+02    6.6254008475e+00
 930.0000000    9.0740579980e+01    1.2946346077e+01
 940.0000000    4.6082350462e+02    6.7154221889e+00
 950.0000000    6.6326618547e+02    6.2721475927e+00
 960.0000000   -5.2615453993e+01    9.1364264271e+00
 970.0000000    1.0319432479e+03    6.8333508202e+00
 980.0000000   -1.0435480351e+02    1.0087653457e+01
 990.0000000    8.1389485928e+02    9.5304373907e+00
1000.0000000    3.9881264187e+02    3.4407004968e+00
1010.0000000    2.1594386866e+02    1.2977787763e+01
1020.0000000    9.6648973694e+02    3.9577060689e+00
1030.0000000   -1.6956132620e+02    1.4017231807e+01
1040.0000000    1.0428438899e+03    1.0428378990e+01
1050.0000000    9.4477977703e+01    1.4798375505e+01
1060.0000000    5.2437274486e+02    8.0065682519e+00
1070.0000000    7.5921093565e+02    1.0583266282e+01
1080.0000000   -8.1241025058e+01    4.9446239330e+00
1090.0000000    1.2243789340e+03    2.6978981305e+01
1100.0000000   -1.3499632300e+02    1.6965216332e+01
1110.0000000    8.9769507316e+02    1.0386581083e+01
1120.0000000    4.5331041573e+02    3.0299167982e+01
1130.0000000    1.9323895181e+02    3.1967987144e+01
1140.0000000    1.1465250888e+03    2.1720171865e+01
1150.0000000   -2.3686135584e+02    2.1236956113e+01
1160.0000000    1.1467257284e+03    1.8096504653e+01
1170.0000000    1.1376704751e+02    3.4325249003e+01
1180.0000000    5.8422855507e+02    3.1867675217e+01
1190.0000000    9.1613771850e+02    3.2555516499e+01
1200.0000000   -1.3237589012e+02    5.1926221602e+01
1210.0000000    1.3595145310e+03    5.6001722660e+01
1220.0000000   -1.7567660175e+02    3.2680881232e+01
1230.0000000    9.5641660361e+02    2.6624520135e+01
1240.0000000    5.2315792474e+02    3.1924581254e+01
1250.0000000    1.2159766068e+02    5.9424020492e+01
1260.0000000    1.2968788763e+03    2.7500712500e+01
1270.0000000   -3.8821017140e+02    3.9703103012e+01
1280.0000000    1.2683611920e+03    4.6222535662e+01
1290.0000000    1.5732678232e+02    6.4144496035e+01
1300.0000000    4.8899130001e+02    6.1050676024e+01
1310.0000000    1.1073556802e+03    3.0434438236e+01
1320.0000000   -2.7419584478e+02    7.2305765579e+01
1330.0000000    1.5101380832e+03    7.6881122452e+01
1340.0000000   -1.9290022213e+02    7.6810536174e+01
1350.0000000    9.8094368694e+02    8.3762273793e+01
1360.0000000    6.9916554998e+02    9.2716353217e+01
1370.0000000   -5.5578068841e+01    6.2364779363e+01
1380.0000000    1.5144447513e+03    7.5859593510e+01
1390.0000000   -4.4257817780e+02    3.8283583182e+01
1400.0000000    1.3806224710e+03    6.4203432491e+01
1410.0000000    2.2938043407e+02    8.4756067028e+01
1420.0000000    3.9793205502e+02    4.9119335170e+01
1430.0000000    1.3676196272e+03    8.1434949152e+01
1440.0000000   -4.6525011589e+02    7.1366124128e+01
1450.0000000    1.7045824338e+03    5.2006362034e+01
1460.0000000   -2.2109847157e+02    7.8863883382e+01
1470.0000000    9.9780081658e+02    3.7911821149e+01
1480.0000000    8.7056158852e+02    7.3509227499e+01
1490.0000000   -2.1283682919e+02    5.6044516281e+01
1500.0000000    1.8508052033e+03    4.9394494858e+01
1510.0000000   -5.6727261930e+02    7.4702127206e+01
1520.0000000    1.5707851878e+03    5.2268851211e+01
1530.0000000    3.3835521254e+02    7.5891622917e+01
1540.0000000    3.8805145084e+02    7.3345610736e+01
1550.0000000    1.6656530863e+03    3.7706631483e+01
1560.0000000   -5.9124887923e+02    7.1207379402e+01
1570.0000000    1.9554630930e+03    4.6795231927e+01
1580.0000000   -2.3690608926e+02    6.5457814066e+01
1590.0000000    9.7501964668e+02    5.0042806617e+01
1600.0000000    1.1479855620e+03    6.4537059787e+01
1610.0000000   -3.9612052186e+02    3.7897454928e+01
1620.0000000    2.0862727477e+03    4.2872781252e+01
1630.0000000   -6.5084119714e+02    4.1271814723e+01
1640.0000000    1.7599341907e+03    7.3626453679e+01
1650.0000000    4.7932041837e+02    3.7546987434e+01
1660.0000000    2.3821749077e+02    4.6486440349e+01
1670.0000000    1.9253576998e+03    7.9678599910e+01
1680.0000000   -7.5933066704e+02    5.7300851854e+01
1690.0000000    2.2519246716e+03    5.5344729177e+01
1700.0000000   -2.0073266390e+02    4.8158647826e+01
1710.0000000    9.3195106923e+02    4.6258754166e+01
1720.0000000    1.3965592240e+03    6.5801849110e+01
1730.0000000   -4.7493905828e+02    3.7614022787e+01
1740.0000000    2.4528828292e+03    5.9447020119e+01
1750.0000000   -7.1043864523e+02    6.1243128215e+01
1760.0000000    1.7998685179e+03    7.9747170694e+01
1770.0000000    6.5102500039e+02    5.4399919079e+01
1780.0000000    4.0029841739e+01    2.4337858269e+01
1790.0000000    2.1029815689e+03    5.7633316482e+01
1800.0000000   -8.6544347323e+02    8.2457079042e+01
1810.0000000    2.3092304399e+03    4.5535130700e+01
1820.0000000   -1.4980316191e+02    6.0040483508e+01
1830.0000000    8.0118857292e+02    6.9384048840e+01
1840.0000000    1.6675500779e+03    8.0985173809e+01
1850.0000000   -7.2980954168e+02    8.4849235306e+01
1860.0000000    2.6273065555e+03    3.9764508621e+01
1870.0000000   -7.2092274142e+02    7.7802866490e+01
1880.0000000    1.7300114069e+03    1.1508922540e+02
1890.0000000    8.6991738345e+02    7.5843809625e+01
1900.0000000   -1.3051439972e+02    1.4783893133e+02
1910.0000000    2.4563183490e+03    1.3437172063e+02
1920.0000000   -1.0827962391e+03    8.3051972209e+01
1930.0000000    2.2327656894e+03    1.0991442388e+02
1940.0000000   -1.1106095981e+01    5.5147662848e+01
1950.0000000    5.5134746340e+02    9.7162602635e+01
1960.0000000    1.9705471455e+03    1.3440605112e+02
1970.0000000   -1.1284231885e+03    4.7815359770e+01
1980.0000000    2.7464281427e+03    1.0897200898e+02
1990.0000000   -7.7020022217e+02    1.1776488126e+02
2000.0000000    1.4378183664e+03    1.0888002871e+02
2010.0000000    1.1421578743e+03    1.0597697048e+02
2020.0000000   -6.1218005284e+02    4.6175547126e+01
2030.0000000    2.6305810668e+03    1.2611765263e+02
2040.0000000   -1.2749877241e+03    9.4600093879e+01
2050.0000000    2.3724153557e+03    1.1941848877e+02
2060.0000000    2.1941771459e+02    1.2702130923e+02
2070.0000000    1.5165070060e+02    9.0263293563e+01
2080.0000000    2.2954429772e+03    1.6324260830e+02
2090.0000000   -1.2047169780e+03    1.4748157072e+02
2100.0000000    2.8942321516e+03    8.6399076891e+01
2110.0000000   -6.8839629352e+02    1.4413492998e+02
2120.0000000    1.2105427668e+03    1.0460301127e+02
2130.0000000    1.5397433088e+03    1.4453405410e+02
2140.0000000   -1.0225432759e+03    1.2849810292e+02
2150.0000000    2.9436385035e+03    1.4671122961e+02
2160.0000000   -1.4087186627e+03    9.8329932123e+01
2170.0000000    2.0619874840e+03    1.1418619411e+02
2180.0000000    4.8869292104e+02    9.4415594105e+01
2190.0000000   -1.3451088690e+02    1.3135073061e+02
2200.0000000    2.6720765932e+03    1.1520799546e+02
2210.0000000   -1.5563318672e+03    1.5348918653e+02
2220.0000000    2.9192350234e+03    2.0651304574e+02
2230.0000000   -5.5398430483e+02    1.4357885880e+02
2240.0000000    8.8610105362e+02    1.2479569771e+02
2250.0000000    1.8927793664e+03    1.2622605679e+02
2260.0000000   -1.4056449908e+03    1.0210533701e+02
2270.0000000    3.1639635431e+03    1.5814702598e+02
2280.0000000   -1.3518716142e+03    1.0516634523e+02
2290.0000000    1.9986795289e+03    1.3756884601e+02
2300.0000000    8.2444432574e+02    1.0064956085e+02
2310.0000000   -5.3520991097e+02    1.7317370545e+02
2320.0000000    2.9258920996e+03    1.3432943722e+02
2330.0000000   -1.8836847988e+03    4.3741573684e+01
2340.0000000    2.6011878771e+03    1.4044643537e+02
2350.0000000   -3.1557195557e+02    1.5506624210e+02
2360.0000000    4.8214554010e+02    9.6047213519e+01
2370.0000000    2.2785644687e+03    1.1696172711e+02
2380.0000000   -1.6985131471e+03    1.6223237418e+02
2390.0000000    3.2179243209e+03    9.6132666078e+01
2400.0000000   -1.2969260936e+03    1.3378662596e+02
2410.0000000    1.5869628454e+03    7.9597469836e+01
2420.0000000    1.1555422100e+03    8.8782359849e+01
2430.0000000   -9.6496964869e+02    1.7784185871e+02
2440.0000000    3.2376934796e+03    1.0222131141e+02
2450.0000000   -1.8406287514e+03    1.9621892640e+02
2460.0000000    2.5418744767e+03    1.6358651233e+02
2470.0000000   -2.4049760166e+01    1.0992603230e+02
2480.0000000   -2.2173145239e+02    1.3409413516e+02
2490.0000000    2.5713565745e+03    7.7110253004e+01
2500.0000000   -1.9709175319e+03    1.2436364123e+02
2510.0000000    3.2103851705e+03    1.4972944553e+02
2520.0000000   -1.2161680021e+03    7.7984670824e+01
2530.0000000    9.5099109913e+02    1.0287814036e+02
2540.0000000    1.5928065379e+03    1.2568546230e+02
2550.0000000   -1.5637548303e+03    1.4232328083e+02
2560.0000000    3.1800499466e+03    1.2885167374e+02
2570.0000000   -1.9738621701e+03    7.3465707733e+01
2580.0000000    2.1451210207e+03    1.9795226874e+02
2590.0000000    3.1833648235e+02    1.1474731539e+02
2600.0000000   -4.7222803251e+02    2.2934056155e+02
2610.0000000    2.8023526962e+03    1.3047682364e+02
2620.0000000   -2.2904610696e+03    1.3831328425e+02
2630.0000000    2.9526171440e+03    2.0279473944e+02
2640.0000000   -8.0665659484e+02    1.4928187801e+02
2650.0000000    4.6850546432e+02    1.1335573969e+02
2660.0000000    1.9675622254e+03    2.2584721547e+02
2670.0000000   -1.8455079683e+03    1.8192566184e+02
2680.0000000    3.2753501267e+03    1.2966992448e+02
2690.0000000   -1.8375833339e+03    1.7877265578e+02
2700.0000000    1.5179959082e+03    1.9600508105e+02
2710.0000000    7.6721468276e+02    1.6059126746e+02
2720.0000000   -1.3247682137e+03    1.1521418574e+02
2730.0000000    2.9513825522e+03    1.0332761722e+02
2740.0000000   -2.3316411303e+03    1.6351912906e+02
2750.0000000    2.5844034739e+03    1.5196566438e+02
2760.0000000   -4.9823267205e+02    1.8996754219e+02
2770.0000000   -9.1110138073e+01    3.0887523376e+02
2780.0000000    2.2881388576e+03    2.2502848137e+02
2790.0000000   -2.3452502272e+03    1.5864344194e+02
2800.0000000    3.1328182953e+03    1.7307808052e+02
2810.0000000   -1.6106861601e+03    1.3565595220e+02
2820.0000000    8.8637212344e+02    1.8542821104e+02
2830.0000000    1.2103304974e+03    1.5020715071e+02
2840.0000000   -1.9255662374e+03    1.5913647939e+02
2850.0000000    3.0624696700e+03    1.3709958329e+02
2860.0000000   -2.2809315747e+03    2.4598394166e+02
2870.0000000    1.9454150644e+03    1.4370236671e+02
2880.0000000   -8.2727252441e+01    8.9142195113e+01
2890.0000000   -1.0993198313e+03    1.7606696259e+02
2900.0000000    2.4796834609e+03    1.8700069862e+02
2910.0000000   -2.4873043173e+03    1.6975205516e+02
2920.0000000    2.6404812887e+03    1.4953179414e+02
2930.0000000   -1.2807324024e+03    2.4758755955e+02
2940.0000000    4.8396961296e+01    9.1328648807e+01
2950.0000000    1.6229376194e+03    1.6680606157e+02
2960.0000000   -2.2502039851e+03    1.1716748434e+02
2970.0000000    2.9149211398e+03    1.2914591173e+02
2980.0000000   -2.1221944310e+03    2.1444002709e+02
2990.0000000    1.5442470859e+03    1.6321023019e+02
3000.0000000    4.2016444764e+02    1.8865931604e+02
3010.0000000   -1.6139696287e+03    1.4758575590e+02
3020.0000000    2.7085206753e+03    1.5360690610e+02
3030.0000000   -2.6765445578e+03    1.5824296553e+02
3040.0000000    2.2388698680e+03    9.2230885917e+01
3050.0000000   -7.8760305544e+02    1.5736843542e+02
3060.0000000   -5.0193613073e+02    1.3182582304e+02
3070.0000000    1.9755863897e+03    1.4157013586e+02
3080.0000000   -2.7262868705e+03    1.2097488125e+02
3090.0000000    2.7966114607e+03    1.6104479108e+02
3100.0000000   -1.8574658018e+03    1.7037828789e+02
3110.0000000    5.6111097366e+02    1.3425891879e+02
3120.0000000    8.8157455800e+02    1.2412308229e+02
3130.0000000   -1.9090572402e+03    2.5561450420e+02
3140.0000000    2.6305665847e+03    1.1574436057e+02
3150.0000000   -2.4251244771e+03    2.1899642490e+02
3160.0000000    1.5168386084e+03    1.3527566662e+02
3170.0000000   -3.2564983772e+02    1.7632333344e+02
3180.0000000   -1.1364318050e+03    1.7735775360e+02
3190.0000000    2.1321082480e+03    1.3192711268e+02
3200.0000000   -2.7236997521e+03    9.0221288058e+01
3210.0000000    2.3466752196e+03    2.3712110074e+02
3220.0000000   -1.3545654674e+03    1.6628095130e+02
3230.0000000   -2.0285545528e+02    8.0603601456e+01
3240.0000000    1.2736507159e+03    1.8294636752e+02
3250.0000000   -2.4446841584e+03    2.0485279957e+02
3260.0000000    2.4658253994e+03    1.5371185530e+02
3270.0000000   -2.2376250859e+03    1.0305261445e+02
3280.0000000    6.8445756051e+02    7.5448175327e+01
3290.0000000    2.1828959571e+02    1.7887016278e+02
3300.0000000   -1.7166872517e+03    1.2509693934e+02
3310.0000000    2.2163372934e+03    1.6772019152e+02
3320.0000000   -2.5371817956e+03    2.1942609946e+02
3330.0000000    1.6168624383e+03    1.8735137759e+02
3340.0000000   -8.5301624750e+02    1.3849615369e+02
3350.0000000   -7.7532597794e+02    1.5425410376e+02
3360.0000000    1.5129318411e+03    1.0106348471e+02
3370.0000000   -2.5883668696e+03    1.6445842286e+02
3380.0000000    2.0137215560e+03    9.2062910933e+01
3390.0000000   -1.8616768541e+03    9.4003488328e+01
3400.0000000   -4.5832932402e+01    1.3656198124e+02
3410.0000000    6.8787193140e+02    1.8322975911e+02
3420.0000000   -2.2620437983e+03    1.6388402426e+02
3430.0000000    2.0953255492e+03    1.1896791005e+02
3440.0000000   -2.3630113107e+03    1.3255510673e+02
3450.0000000    8.3550438222e+02    1.8249596732e+02
3460.0000000   -2.7782108548e+02    1.4632852507e+02
3470.0000000   -1.5919369067e+03    1.6641598756e+02
3480.0000000    1.6988305264e+03    1.9791193005e+02
3490.0000000   -2.7370804680e+03    9.2832305596e+01
3500.0000000    1.3908311201e+03    1.4306809507e+02
3510.0000000   -1.1714849326e+03    9.4853382295e+01
3520.0000000   -6.8244505872e+02    1.6869890064e+02
3530.0000000    1.0623803920e+03    1.6197279940e+02
3540.0000000   -2.3468277690e+03    1.4038828814e+02
3550.0000000    1.8035746571e+03    1.5254323548e+02
3560.0000000   -1.9642513132e+03    1.0699164256e+02
3570.0000000    1.8319667508e+02    1.7006047229e+02
3580.0000000    2.5880047686e+02    1.5144077967e+02
3590.0000000   -1.9971459014e+03    7.8588130767e+01
3600.0000000    1.6306796500e+03    1.7575890332e+02
3610.0000000   -2.3569523652e+03    9.3593402287e+01
3620.0000000    8.5943101063e+02    1.2502386394e+02
3630.0000000   -6.2429844436e+02    1.2542528278e+02
3640.0000000   -1.2025881983e+03    1.5808741334e+02
3650.0000000    1.2716629449e+03    1.3761709371e+02
3660.0000000   -2.3558414661e+03    1.3055956920e+02
3670.0000000    1.2790755081e+03    9.6043653377e+01
3680.0000000   -1.2604444908e+03    1.8135445316e+02
3690.0000000   -5.2035708238e+02    1.1127463195e+02
3700.0000000    6.4884376672e+02    1.0591910652e+02
3710.0000000   -2.1617881998e+03    1.3858476857e+02
3720.0000000    1.4001365982e+03    1.1976948826e+02
3730.0000000   -1.8402712592e+03    1.2819979656e+02
3740.0000000    1.8855505980e+02    1.2202077877e+02
3750.0000000   -1.9338093025e+01    4.4106209866e+01
3760.0000000   -1.6119498907e+03    1.3111171027e+02
3770.0000000    1.2725422515e+03    1.1347478092e+02
3780.0000000   -2.1477795815e+03    9.0320209297e+01
3790.0000000    6.8487109972e+02    1.4121378512e+02
3800.0000000   -6.7205311010e+02    1.4409102750e+02
3810.0000000   -1.0914743050e+03    9.0248391639e+01
3820.0000000    9.5380971911e+02    9.6743511462e+01
3830.0000000   -2.1403737114e+03    4.2259275777e+01
3840.0000000    1.0193811555e+03    1.1109377634e+02
3850.0000000   -1.2175924762e+03    7.7582499592e+01
3860.0000000   -3.5135905147e+02    1.6190021612e+02
3870.0000000    4.6171178849e+02    1.0851144317e+02
3880.0000000   -1.7917833101e+03    1.0511113454e+02
3890.0000000    1.1277213807e+03    8.2068131210e+01
3900.0000000   -1.5347574849e+03    8.1097679571e+01
3910.0000000    4.3519536293e+01    7.3589379002e+01
3920.0000000   -6.0093363016e+01    1.2051806486e+02
3930.0000000   -1.4144560629e+03    3.7168470352e+01
3940.0000000    1.0499122601e+03    7.6643101912e+01
3950.0000000   -1.7552626860e+03    1.1672498172e+02
3960.0000000    5.3611361544e+02    9.6801558934e+01
3970.0000000   -5.3028045608e+02    9.1856607350e+01
3980.0000000   -9.1404473049e+02    7.8489664116e+01
3990.0000000    7.6896402144e+02    8.7535658193e+01
4000.0000000   -1.6421323715e+03    1.2405736293e+02
4010.0000000    8.1467035806e+02    7.4549640300e+01
   1.2500000    5.1230302433e-01   -5.3261897063e-10
   2.5000000    2.5903435041e+00   -2.0762652732e-08
   3.7500000    4.0877766255e+00   -5.7431729571e-08
   5.0000000    2.2885057318e+00   -4.1643142348e-08
   6.2500000    1.2610276420e-02   -2.3394994978e-09
   7.5000000    2.7706490193e+00   -7.5437161108e-08
   8.7500000    9.4082735786e+00   -4.6936594169e-07
  10.0000000    1.1380110865e+01   -4.5815228356e-07
  11.2500000    5.7960954304e+00   -2.8508116629e-07
  12.5000000    1.0651933745e-01    4.1917465924e-08
  13.7500000    4.4536965390e+00   -5.6857844180e-07
  15.0000000    1.5220251692e+01    1.1725956055e-06
  16.2500000    1.9406813720e+01   -1.7395193227e-06
  17.5000000    1.0167386792e+01   -3.1536860921e-06
  18.7500000    3.7985832177e-01   -1.7076740346e-07
  20.0000000    5.4600633856e+00   -2.3234154367e-07
  21.2500000    2.1759060587e+01   -8.1160249461e-06
  22.5000000    2.7577200915e+01   -1.0858486981e-05
  23.7500000    1.4895681215e+01   -1.9417352847e-06
  25.0000000    8.6135070769e-01    1.4282427030e-06
  26.2500000    6.5672772184e+00   -6.8227007109e-06
  27.5000000    2.6788514899e+01   -1.0739912556e-05
  28.7500000    3.5074826935e+01   -2.5434703988e-06
  30.0000000    2.0086964233e+01    5.3432105819e-06
  31.2500000    1.6188190042e+00    3.7403018959e-06
  32.5000000    6.6225769568e+00   -5.7789134059e-06
  33.7500000    3.1031896683e+01   -1.1434238166e-05
  35.0000000    4.2882364260e+01    3.3701361415e-06
  36.2500000    2.6258413104e+01    1.6299299855e-05
  37.5000000    2.8943908060e+00    5.7874656094e-06
  38.7500000    6.4260204272e+00   -3.3745373123e-06
  40.0000000    3.5184288523e+01    1.0014344676e-06
  41.2500000    5.1156649133e+01    9.0766590445e-06
  42.5000000    3.2532527343e+01    5.5996493187e-06
  43.7500000    4.3490471493e+00    4.5363976889e-06
  45.0000000    5.8141923985e+00   -6.3875956354e-06
  46.2500000    3.7755481757e+01    1.0976279107e-05
  47.5000000    5.9004822330e+01   -1.7163833190e-04
  48.7500000    4.0029895555e+01    3.7287862737e-04
  50.0000000    6.4605679743e+00    1.2100377219e-04
  51.2500000    5.0810927661e+00   -8.5052652978e-04
  52.5000000    4.0253669562e+01    3.5471702614e-03
  53.7500000    6.5749605844e+01   -3.7216624750e-03
  55.0000000    4.8131329125e+01   -4.3413918929e-03
  56.2500000    9.6693793971e+00   -1.3058758361e-02
  57.5000000    4.0569577320e+00   -2.1753072134e-02
  58.7500000    4.3702203658e+01   -3.8595899702e-02
  60.0000000    7.5803077245e+01   -4.0677554642e-02
  61.2500000    5.4634421456e+01   -3.0131775058e-02
  62.5000000    1.1804005061e+01   -5.8377577927e-02
  63.7500000    3.9023511417e+00   -7.1371134986e-02
  65.0000000    4.2536836230e+01    1.1917885484e-03
  66.2500000    7.6947479097e+01   -2.8023210620e-02
  67.5000000    6.0838895349e+01    1.2910574032e-02
  68.7500000    1.6065402548e+01   -5.0943468263e-03
  70.0000000    1.5777646646e+00    5.1084849536e-02
  71.2500000    4.1004431261e+01   -1.2417288358e-02
  72.5000000    8.5942949341e+01   -6.4812076332e-02
  73.7500000    6.9786791859e+01   -8.8680614327e-02
  75.0000000    2.1980796709e+01   -1.8205243769e-02
  76.2500000    1.0589577592e-01    5.2093442023e-02
  77.5000000    4.2620288139e+01    2.2605871916e-02
  78.7500000    9.1815576013e+01   -6.2819166218e-02
  80.0000000    8.2315837467e+01    1.5900316432e-02
  81.2500000    3.0960979661e+01    1.2518196622e-01
  82.5000000    3.0827838679e-02    7.4283244270e-02
  83.7500000    4.1543061743e+01   -5.0380522958e-03
  85.0000000    9.7302023207e+01   -1.4741564426e-01
  86.2500000    9.7136408083e+01    8.8193698204e-02
  87.5000000    3.6692170033e+01    5.5036275956e-02
  88.7500000   -4.1745354257e-01    2.2430236663e-02
  90.0000000    4.3760582209e+01    1.9781724051e-01
  91.2500000    1.0656473195e+02   -3.8331134780e-02
  92.5000000    1.1628363337e+02    1.9393822319e-01
  93.7500000    4.1800452953e+01    3.2124094607e-01
  95.0000000   -2.1471109941e-01    1.3369032896e-01
  96.2500000    4.2564434030e+01    2.2011131119e-01
  97.5000000    1.2401133744e+02    1.9556533307e-01
  98.7500000    1.2426292194e+02    3.2107437616e-01
 100.0000000    4.5796940214e+01    5.1794859107e-01
 101.2500000    1.1236285631e-01    2.2312557189e-01
 102.5000000    4.5006433558e+01    2.8990291027e-01
 103.7500000    1.2388316533e+02    2.7459939603e-01
 105.0000000    1.2856468282e+02    2.7216743397e-01
 106.2500000    5.4515769799e+01    2.3319483825e-03
 107.5000000    3.8752744148e-01    6.4670343928e-02
 108.7500000    4.4142726692e+01    3.8922651107e-01
 110.0000000    1.2653632365e+02    4.4768850498e-01
 111.2500000    1.3716120389e+02    4.0645749344e-01
 112.5000000    6.3608545453e+01   -8.5850906271e-02
 113.7500000   -3.8444519642e-01    1.5000836094e-01
 115.0000000    4.2027626439e+01    9.3693103124e-02
 116.2500000    1.2758885531e+02    2.6192622556e-01
 117.5000000    1.4226098144e+02    1.7809293926e-01
 118.7500000    6.3161640979e+01    1.4323630493e-02
 120.0000000    4.0364557688e-01   -5.3925040490e-02
 121.2500000    3.6103325467e+01   -2.2642696669e-02
 122.5000000    1.2884204175e+02    1.3092197797e-01
 123.7500000    1.4645325226e+02    4.2226429361e-01
 125.0000000    7.3013486638e+01    1.1328200812e-01
 126.2500000   -1.0955992220e-01    1.0650245060e-01
 127.5000000    3.5303148357e+01   -4.7958250706e-02
 128.7500000    1.1978793803e+02   -2.3427855812e-01
 130.0000000    1.4740046868e+02   -6.2152297878e-01
 131.2500000    7.1753755183e+01   -4.6285748619e-01
 132.5000000    1.8969548954e+00   -4.1427714316e-01
 133.7500000    2.7159362718e+01   -4.8403642402e-01
 135.0000000    1.1416493802e+02   -7.3059831227e-01
 136.2500000    1.4377415595e+02   -4.0955794108e-01
 137.5000000    8.6608214580e+01   -2.6568191642e-01
 138.7500000    7.3700161664e+00   -2.7721391827e-01
 140.0000000    2.3672644201e+01   -4.2604659547e-01
 141.2500000    1.1238009818e+02   -3.6144363635e-01
 142.5000000    1.5965913308e+02   -4.0151377631e-01
 143.7500000    9.0864918355e+01    2.7063875744e-01
 145.0000000    6.8495797389e+00    5.9491843962e-01
 146.2500000    1.8965209046e+01    5.0119422659e-01
 147.5000000    1.0585235131e+02    3.6579741742e-01
 148.7500000    1.5162123494e+02    3.8587510188e-01
 150.0000000    1.0224928014e+02    1.8617819197e-01
 151.2500000    1.5020606095e+01    1.6339200342e-01
 152.5000000    1.5611806407e+01    5.6422308976e-01
 153.7500000    1.0024620381e+02   -1.8862642527e-02
 155.0000000    1.5168844694e+02    2.4763876673e-01
 156.2500000    1.1540442893e+02   -6.0736660692e-02
 157.5000000    1.8617112437e+01    2.7306528724e-01
 158.7500000    1.0668421119e+01    6.7542120962e-01
 160.0000000    9.3383229190e+01    1.0439935136e-01
 161.2500000    1.6832860625e+02   -8.2258613389e-02
 162.5000000    1.1379026356e+02    8.4606862252e-02
 163.7500000    2.5988854917e+01    1.6420968264e-01
 165.0000000    7.2790401056e+00    1.2526586115e+00
 166.2500000    8.7951748998e+01    8.8973957754e-01
 167.5000000    1.5491837768e+02    1.1565081936e+00
 168.7500000    1.2751770226e+02    8.6629619973e-01
 170.0000000    3.3147072554e+01    5.2677635227e-01
 171.2500000    2.1913908917e+00    1.0435763635e+00
 172.5000000    8.9985467841e+01    1.8436962840e+00
 173.7500000    1.5354583556e+02    1.4315393586e+00
 175.0000000    1.4254041947e+02    6.0610369129e-01
 176.2500000    4.5490413182e+01    2.8636065454e-01
 177.5000000    1.3994369535e+00    1.6272918334e+00
 178.7500000    8.3949296615e+01    1.2360036345e+00
 180.0000000    1.6068849292e+02    1.6453173520e+00
 181.2500000    1.5277498245e+02    7.9747644302e-01
 182.5000000    4.8653187735e+01    1.1614918680e+00
 183.7500000    4.4665106008e-02    1.6198194500e+00
 185.0000000    6.9795585533e+01    1.5375683279e+00
 186.2500000    1.6116601867e+02    1.7178899799e+00
 187.5000000    1.6465643120e+02    1.5069440303e+00
 188.7500000    5.5436219247e+01    2.1651629136e+00
 190.0000000   -6.6167999914e-01    2.0642988212e+00
 191.2500000    5.4956097634e+01    1.4325286395e+00
 192.5000000    1.7422780120e+02   -1.7116446055e-01
 193.7500000    1.7413318429e+02    6.0492974589e-01
 195.0000000    6.4118970540e+01    1.9787659253e+00
 196.2500000   -7.2925382827e-01    4.2442108622e-01
 197.5000000    5.8275473009e+01    3.3959953735e-01
 198.7500000    1.6482240576e+02    1.5174716840e-01
 200.0000000    1.7871609277e+02    7.3183060307e-01
 201.2500000    8.4794117232e+01    1.0420231684e+00
 202.5000000    5.9162791762e-01    1.5694546832e+00
 203.7500000    5.1558589691e+01    1.4987477308e+00
 205.0000000    1.7815771315e+02    8.9166699770e-01
 206.2500000    2.0086417731e+02    1.7160345118e-01
 207.5000000    8.2756954601e+01    1.3200589709e+00
 208.7500000    8.4584115268e-01    1.0015434951e-01
 210.0000000    4.5950057844e+01   -3.5357054202e-01
 211.2500000    1.6918679554e+02   -5.4995264045e-01
 212.5000000    1.9186862986e+02   -3.9753335274e-01
 213.7500000    9.7407557541e+01    8.2866678840e-02
 215.0000000    2.8520516358e+00    4.7768614183e-01
 216.2500000    3.4516371770e+01   -1.8954412987e-01
 217.5000000    1.5055581164e+02   -1.9112799439e-01
 218.7500000    2.2174896616e+02   -8.6548092098e-01
 220.0000000    1.1548633732e+02    1.3644666840e+00
 221.2500000    7.3152579936e+00    1.2422481063e+00
 222.5000000    3.4749820381e+01    1.7692234466e+00
 223.7500000    1.7549792980e+02    3.4922006373e+00
 225.0000000    2.0499144705e+02    4.7364963472e+00
 226.2500000    1.1685937224e+02    4.0888497483e+00
 227.5000000    1.2300510194e+01    2.1449525361e+00
 228.7500000    2.8207757383e+01    2.9242609903e+00
 230.0000000    1.5846057387e+02    4.0803902983e+00
 231.2500000    2.2822469963e+02    4.1006286028e+00
 232.5000000    1.2754060203e+02    4.2176742626e+00
 233.7500000    1.4419502703e+01    2.7901082557e+00
 235.0000000    2.3673446596e+01    2.4685140396e+00
 236.2500000    1.4855559696e+02    2.9017832734e+00
 237.5000000    2.2728913501e+02    3.5525523618e+00
 238.7500000    1.4641667068e+02    1.7470242930e+00
 240.0000000    2.0629255790e+01    1.5894017013e+00
 241.2500000    2.2797786570e+01    3.3378650567e+00
 242.5000000    1.2911382637e+02    2.1998094511e+00
 243.7500000    2.4588240491e+02    3.6087864852e+00
 245.0000000    1.4826303486e+02    5.0757125065e+00
 246.2500000    2.2517741797e+01    4.6034154941e+00
 247.5000000    1.6816186218e+01    6.5860910203e+00
 248.7500000    1.1407263842e+02    3.6219510956e+00
 250.0000000    2.3021305619e+02    4.9946116402e+00
 251.2500000    1.7079330039e+02    4.6410050019e+00
 252.5000000    3.0555327519e+01    5.7917000074e+00
 253.7500000    6.7231847172e+00    3.8358390825e+00
 255.0000000    1.2260168366e+02    3.9433784414e+00
 256.2500000    2.4023948748e+02    3.9382546835e+00
 257.5000000    1.8599065083e+02    3.1354648013e+00
 258.7500000    4.3309344271e+01    2.8421260857e+00
 260.0000000    6.6587339884e+00    4.3143280790e+00
 261.2500000    1.1800705537e+02    3.4476553667e+00
 262.5000000    2.4179300203e+02    5.3382836315e+00
 263.7500000    1.9072195448e+02    7.6202230792e+00
 265.0000000    5.0240021652e+01    5.9717909552e+00
 266.2500000    1.6996776234e+00    3.9378774596e+00
 267.5000000    1.2522244878e+02    6.6268676974e+00
 268.7500000    2.3687455378e+02    7.1937911028e+00
 270.0000000    1.8631862723e+02    7.2455098958e+00
 271.2500000    6.3662158170e+01    2.2735479392e+00
 272.5000000   -2.1311682638e-01    4.0940613028e+00
 273.7500000    1.1482623220e+02    5.4909150685e+00
 275.0000000    2.2098080050e+02    3.6113888368e+00
 276.2500000    2.1384220842e+02    2.6354937009e+00
 277.5000000    6.8899225880e+01    2.8705587576e+00
 278.7500000   -1.2324398279e+00    4.0819247175e+00
 280.0000000    9.0939845472e+01    3.8822607270e+00
 281.2500000    2.3753092013e+02    4.5378637379e+00
 282.5000000    2.3069722904e+02    5.7764144125e+00
 283.7500000    8.4536568737e+01    5.3996335959e+00
 285.0000000   -2.3839450136e+00    4.0275187619e+00
 286.2500000    1.0107270267e+02    6.6303959186e+00
 287.5000000    2.3834734770e+02    2.3553296355e+00
 288.7500000    2.2808832337e+02    2.3751258163e+00
 290.0000000    9.3679030295e+01   -3.5684408487e-01
 291.2500000   -4.1203920916e+00    2.2322287000e+00
 292.5000000    8.0263254565e+01    1.4781167500e+00
 293.7500000    2.3519457643e+02    2.0962720951e+00
 295.0000000    2.3934514258e+02    5.5812406231e-01
 296.2500000    9.8534505615e+01    1.6715473614e+00
 297.5000000   -8.7462543553e-01    2.1238126680e+00
 298.7500000    7.4289992494e+01    9.8592821912e+00
 300.0000000    2.3498561176e+02    7.3456483165e+00
 301.2500000    2.6389162513e+02    7.0128437424e+00
 302.5000000    1.2984247682e+02    7.7935706902e+00
 303.7500000   -6.7812948910e+00    1.5452837448e+01
 305.0000000    7.3199686125e+01    8.8136814013e+00
 306.2500000    2.1797450106e+02    6.4074997901e+00
 307.5000000    2.7535104009e+02    9.5192678218e+00
 308.7500000    1.2814793284e+02    9.5516008552e+00
 310.0000000   -1.3083153279e+00    1.0616979806e+01
 311.2500000    6.2008355460e+01    8.5007638313e+00
 312.5000000    2.2010496936e+02    1.0065868775e+01
 313.7500000    2.8835520312e+02    1.2042272875e+01
 315.0000000    1.2866845792e+02    1.1350753592e+01
 316.2500000    4.5929707220e+00    5.4077370276e+00
 317.5000000    4.9615718490e+01    3.6359193026e+00
 318.7500000    2.4344715650e+02    1.2268733067e+01
 320.0000000    2.7728586606e+02    8.8008525293e+00
 321.2500000    1.3259502973e+02    9.8454573053e+00
 322.5000000    5.1326319595e+00    6.6522403076e+00
 323.7500000    4.8051336453e+01    6.8371050233e+00
 325.0000000    2.1618887059e+02    8.3823854750e+00
 326.2500000    2.9099530075e+02    1.1959622208e+01
 327.5000000    1.2519914240e+02    1.2303452984e+01
 328.7500000    1.4742861939e+01    6.6391729952e+00
 330.0000000    4.0961596832e+01    9.6162049218e+00
 331.2500000    1.9259825910e+02    8.6169447867e+00
 332.5000000    2.8449531126e+02    1.1820070920e+01
 333.7500000    1.7559865109e+02    1.0769649620e+01
 335.0000000    1.2320717830e+01    1.4504990808e+01
 336.2500000    2.9167566272e+01    1.3092511471e+01
 337.5000000    1.8923877226e+02    1.0991232797e+01
 338.7500000    3.0350664954e+02    1.2534370704e+01
 340.0000000    1.6648673208e+02    1.2789467812e+01
 341.2500000    1.7347051162e+01    1.0259033759e+01
 342.5000000    2.0878553704e+01    7.7760876660e+00
 343.7500000    1.8405040709e+02    1.2016632112e+01
 345.0000000    2.9443093773e+02    1.3637669136e+01
 346.2500000    2.0516851413e+02    1.2418315876e+01
 347.5000000    2.7628027802e+01    1.1909663399e+01
 348.7500000    1.9965024605e+01    1.2776222028e+01
 350.0000000    1.8860768338e+02    1.3608189774e+01
 351.2500000    2.9681034211e+02    1.4042237362e+01
 352.5000000    2.1222455112e+02    1.3411514540e+01
 353.7500000    2.7376524017e+01    1.5612636631e+01
 355.0000000    1.6937917616e+01    1.0497396040e+01
 356.2500000    1.6934381176e+02    8.3201171964e+00
 357.5000000    3.0039228381e+02    1.2777897897e+01
 358.7500000    2.1000166999e+02    1.2235184481e+01
 360.0000000    4.6036020350e+01    1.0455515619e+01
 361.2500000    8.2342955324e+00    1.1399124544e+01
 362.5000000    1.7621033830e+02    1.4040936844e+01
 363.7500000    2.9646032588e+02    9.8652196838e+00
 365.0000000    2.3795980279e+02    8.7788922141e+00
 366.2500000    4.3034578352e+01    7.7139080374e+00
 367.5000000    6.5841545655e+00    7.6300075993e+00
 368.7500000    1.5680099151e+02    2.5496317783e+00
 370.0000000    2.9276802703e+02    4.4285628678e+00
 371.2500000    2.2160368932e+02    1.3391137312e+00
 372.5000000    5.3346031292e+01    9.5293293455e-01
 373.7500000    9.5511034164e-01    2.1258283475e+00
 375.0000000    1.4236972956e+02    7.3038076162e+00
 376.2500000    2.7740067207e+02    6.5372104221e+00
 377.5000000    2.6171342439e+02    1.2332516061e+01
 378.7500000    7.3500478119e+01    1.0514455429e+01
 380.0000000   -3.3138592563e+00    1.5965776873e+01
 381.2500000    1.3462584089e+02    1.8516753022e+01
 382.5000000    3.1356458872e+02    1.8573446414e+01
 383.7500000    2.6547330005e+02    1.4186825032e+01
 385.0000000    6.9275616509e+01    1.6877118882e+01
 386.2500000   -6.4269515281e+00    1.4009601348e+01
 387.5000000    1.3034733985e+02    1.8381750307e+01
 388.7500000    3.2098391988e+02    2.0566004034e+01
 390.0000000    2.4878962762e+02    1.0279551721e+01
 391.2500000    8.5613092468e+01    1.8001165749e+01
 392.5000000   -7.3848074945e+00    1.3830171506e+01
 393.7500000    1.2677700774e+02    1.6064328997e+01
 395.0000000    3.0291826156e+02    8.1971349220e+00
 396.2500000    2.7806366291e+02    1.0955683753e+01
 397.5000000    1.1223845436e+02    1.0849417190e+01
 398.7500000   -5.4832871198e+00    1.2385888431e+01
 400.0000000    1.1687968424e+02    1.2147162931e+01
 401.2500000    3.1202343142e+02    1.7265864391e+01
 402.5000000    2.6256305400e+02    8.4700780813e+00
 403.7500000    1.0924999353e+02    1.5211090900e+01
 405.0000000   -1.0077477143e+01    1.3348652804e+01
 406.2500000    9.7595960990e+01    1.2502608086e+01
 407.5000000    2.8763983970e+02    2.2995212167e+01
 408.7500000    2.8707225624e+02    1.8330543411e+01
 410.0000000    9.9446307945e+01    1.7465351957e+01
 411.2500000   -2.8873059726e+00    9.0694232547e+00
 412.5000000    8.4807167921e+01    1.6934123346e+01
 413.7500000    3.0150488727e+02    3.2889280381e+01
 415.0000000    2.9138293217e+02    2.4012256197e+01
 416.2500000    1.2385358734e+02    2.6961629268e+01
 417.5000000   -8.6832767365e+00    2.8986141918e+01
 418.7500000    8.3316964141e+01    2.6692954700e+01
 420.0000000    2.8652116648e+02    2.0074631390e+01
 421.2500000    2.7845404895e+02    1.2979729750e+01
 422.5000000    1.4258106859e+02    2.1747508205e+01
 423.7500000   -5.9315555412e+00    2.7583686936e+01
 425.0000000    7.5401384479e+01    2.6718124897e+01
 426.2500000    2.5712746896e+02    1.2482273732e+01
 427.5000000    3.0830144822e+02    1.4921069641e+01
 428.7500000    1.6563438710e+02    1.5725862726e+01
 430.0000000   -4.6474439702e+00    2.2409504079e+01
 431.2500000    6.4864765487e+01    2.5539235093e+01
 432.5000000    2.5684457425e+02    1.8172002016e+01
 433.7500000    3.2931198285e+02    1.6961077361e+01
 435.0000000    1.5222876901e+02    1.7039903576e+01
 436.2500000    3.9184648343e+00    1.7260895681e+01
 437.5000000    5.2029456879e+01    2.1404726665e+01
 438.7500000    2.4287516687e+02    2.1560500089e+01
 440.0000000    3.3215158662e+02    2.0182034720e+01
 441.2500000    2.0598510164e+02    1.7011262272e+01
 442.5000000    2.8339198059e+00    1.5826807625e+01
 443.7500000    4.9135914815e+01    1.5174718616e+01
 445.0000000    2.5424000605e+02    1.4693804588e+01
 446.2500000    3.4227482484e+02    1.1884820607e+01
 447.5000000    1.8532884248e+02    1.1684940513e+01
 448.7500000    2.3346923787e+00    8.9686498023e+00
 450.0000000    4.4819569486e+01    1.3147126604e+01
 451.2500000    2.4220408398e+02    9.8873390258e+00
 452.5000000    3.0058249489e+02    5.5144270526e+00
 453.7500000    1.9580114249e+02    1.6440868270e+01
 455.0000000    1.6630018953e+01    9.5641405151e+00
 456.2500000    2.9364795195e+01    1.1233281657e+01
 457.5000000    2.2450610933e+02    1.7209540337e+01
 458.7500000    3.5753488116e+02    3.3816525266e+01
 460.0000000    2.2928779050e+02    3.0191862197e+01
 461.2500000    1.5050099282e+01    2.8201579023e+01
 462.5000000    2.7315359805e+01    2.6366305569e+01
 463.7500000    2.2296134044e+02    2.4679232850e+01
 465.0000000    3.3562822517e+02    2.3393850972e+01
 466.2500000    2.3989081939e+02    3.5077821046e+01
 467.5000000    3.0138905247e+01    2.9945999936e+01
 468.7500000    2.2974517245e+01    2.6492543683e+01
 470.0000000    2.0556233312e+02    1.3728848992e+01
 471.2500000    3.5054117288e+02    2.2912633167e+01
 472.5000000    2.4332729322e+02    2.2643983032e+01
 473.7500000    3.4242297597e+01    1.8784338051e+01
 475.0000000    1.5330276896e+01    1.4152511573e+01
 476.2500000    2.2346807324e+02    1.7769506283e+01
 477.5000000    3.4950271769e+02    1.6871967137e+01
 478.7500000    2.5138786484e+02    2.9413982332e+01
 480.0000000    4.5207839757e+01    2.6985803510e+01
 481.2500000    6.5886668805e+00    3.2182935694e+01
 482.5000000    2.0982595729e+02    2.9825529755e+01
 483.7500000    3.6243645817e+02    2.9475440953e+01
 485.0000000    2.1440381687e+02    1.7916841072e+01
 486.2500000    5.4402293250e+01    3.4106627844e+01
 487.5000000    4.0422739040e+00    3.0608506294e+01
 488.7500000    1.9053736959e+02    2.6499848376e+01
 490.0000000    3.3172483564e+02    1.9672888928e+01
 491.2500000    2.6660718681e+02    2.9241368082e+01
 492.5000000    6.8545730073e+01    2.7179778669e+01
 493.7500000   -2.4666447801e-01    2.4661707626e+01
 495.0000000    1.7989006365e+02    2.7892230523e+01
 496.2500000    3.5625965325e+02    2.9602332714e+01
 497.5000000    2.7734235772e+02    2.9611116791e+01
 498.7500000    6.8671227967e+01    3.5891240509e+01
 500.0000000   -8.4855961977e+00    3.4168505308e+01
 501.2500000    1.6538866205e+02    2.8503534654e+01
 502.5000000    3.5407109940e+02    3.0064503131e+01
 503.7500000    3.1787088049e+02    3.8678268031e+01
 505.0000000    5.1193727051e+01    2.8977678365e+01
 506.2500000   -8.7755108796e+00    2.4262864611e+01
 507.5000000    1.5133830555e+02    1.7237175509e+01
 508.7500000    3.6104445255e+02    3.3348726550e+01
 510.0000000    3.0167289043e+02    2.5130331546e+01
 511.2500000    7.0838011190e+01    2.0160972571e+01
 512.5000000   -1.1400134088e+01    1.8809141724e+01
 513.7500000    1.5488203426e+02    2.2710259550e+01
 515.0000000    3.3404187501e+02    2.1485667197e+01
 516.2500000    2.8996633713e+02    2.7341698392e+01
 517.5000000    1.0594564533e+02    3.2820873115e+01
 518.7500000   -1.5460985139e+01    2.9161679952e+01
 520.0000000    1.3023381103e+02    2.1535849808e+01
 521.2500000    3.5700827597e+02    2.8067877029e+01
 522.5000000    3.5289835723e+02    2.5664617202e+01
 523.7500000    9.0850819929e+01    1.2501214133e+01
 525.0000000   -1.9789106150e+01    1.4159692615e+01
 526.2500000    1.2606245464e+02    1.8669937721e+01
 527.5000000    3.5403874844e+02    1.8188695011e+01
 528.7500000    3.3365961602e+02    1.6045224955e+01
 530.0000000    1.0923970944e+02    1.9548301855e+01
 531.2500000   -2.4024689346e+01    1.3849256826e+01
 532.5000000    1.0358763606e+02    1.2482475964e+01
 533.7500000    3.1428179994e+02    2.8627029407e+01
 535.0000000    3.6020795939e+02    4.0041487696e+01
 536.2500000    1.2858233071e+02    2.6451783028e+01
 537.5000000   -1.3347964016e+01    3.7824433266e+01
 538.7500000    1.0156577709e+02    3.9568121769e+01
 540.0000000    3.6685271998e+02    5.0645593321e+01
 541.2500000    3.5350669420e+02    2.5631424893e+01
 542.5000000    1.3997869708e+02    2.9907049034e+01
 543.7500000   -1.7035969379e+01    3.6377487861e+01
 545.0000000    9.5198524690e+01    3.5806398854e+01
 546.2500000    3.4587449456e+02    3.6372282532e+01
 547.5000000    3.7141314923e+02    2.9122454558e+01
 548.7500000    1.6568056768e+02    3.4563963044e+01
 550.0000000   -1.5035428538e+01    3.1213959551e+01
 551.2500000    9.4894258912e+01    2.4665025743e+01
 552.5000000    3.3079455214e+02    1.3982711690e+01
 553.7500000    3.9514891994e+02    2.3478557420e+01
 555.0000000    2.0345998370e+02    3.3394597778e+01
 556.2500000   -2.7360343176e+01    1.8541782347e+01
 557.5000000    7.7447810434e+01    2.1805170004e+01
 558.7500000    3.3121741542e+02    2.2831611813e+01
 560.0000000    3.9259756819e+02    2.3829650392e+01
 561.2500000    2.1009636142e+02    4.4317310290e+01
 562.5000000   -3.0279865274e+01    2.5580239193e+01
 563.7500000    7.4660601577e+01    3.1793196997e+01
 565.0000000    3.1780497554e+02    2.6577319897e+01
 566.2500000    3.9567982340e+02    2.8110212911e+01
 567.5000000    1.8079556789e+02    3.2687056042e+01
 568.7500000   -1.0602092895e+01    3.2606738224e+01
 570.0000000    5.6401703959e+01    3.5106974743e+01
 571.2500000    3.2197578821e+02    3.9905835666e+01
 572.5000000    3.8874921974e+02    2.5857391302e+01
 573.7500000    2.1345654000e+02    3.7491392964e+01
 575.0000000   -1.2777089287e+01    2.8988609155e+01
 576.2500000    5.1632578257e+01    3.2362510096e+01
 577.5000000    2.9714938266e+02    2.6718665035e+01
 578.7500000    3.9610116635e+02    2.7874587683e+01
 580.0000000    2.2648157781e+02    3.1539691336e+01
 581.2500000   -1.4558733922e+00    3.1700061633e+01
 582.5000000    3.3765436815e+01    3.2608123216e+01
 583.7500000    3.0118073921e+02    3.3579259826e+01
 585.0000000    4.3104905730e+02    3.5724963815e+01
 586.2500000    2.4286727182e+02    3.1326946324e+01
 587.5000000    6.0785234737e+00    3.3787613681e+01
 588.7500000    2.8438358658e+01    3.5638373178e+01
 590.0000000    3.0182080674e+02    3.1029564844e+01
 591.2500000    4.2943281433e+02    2.1254915104e+01
 592.5000000    2.5418399930e+02    2.8444628077e+01
 593.7500000    4.9685502992e+00    3.0176791755e+01
 595.0000000    2.1455709018e+01    2.9281971890e+01
 596.2500000    2.6442712350e+02    2.6469910034e+01
 597.5000000    4.4152623381e+02    3.2370561760e+01
 598.7500000    2.8179882872e+02    2.9610979437e+01
 600.0000000    1.7103535170e+01    2.8554403895e+01
 601.2500000    8.8357742682e+00    1.8405721320e+01
 602.5000000    2.8473939828e+02    2.4311903626e+01
 603.7500000    4.4613176966e+02    1.6992910138e+01
 605.0000000    2.9509392046e+02    1.5916614127e+01
 606.2500000    1.4898798167e+01    1.3071863574e+01
 607.5000000    1.0699986382e+00    1.2575519154e+01
 608.7500000    2.5011922600e+02    1.1507465070e+01
 610.0000000    4.3835581914e+02    2.0686115715e+01
 611.2500000    2.9066473604e+02    1.9428262832e+01
 612.5000000    2.6748145722e+01    2.6844469411e+01
 613.7500000   -9.5581589264e+00    3.2273426771e+01
 615.0000000    2.4090851047e+02    3.4398378138e+01
 616.2500000    4.3501277766e+02    3.6239010674e+01
 617.5000000    3.3915754100e+02    4.1345339021e+01
 618.7500000    5.7403055823e+01    3.6310938302e+01
 620.0000000   -1.4303617496e+01    2.9645515618e+01
 621.2500000    2.2254220303e+02    3.4988467396e+01
 622.5000000    4.3185058423e+02    3.3155152082e+01
 623.7500000    3.7680908107e+02    4.5295269505e+01
 625.0000000    5.9565969910e+01    2.8286593908e+01
 626.2500000   -2.4102567560e+01    2.9957923433e+01
 627.5000000    2.0495188272e+02    3.5214113675e+01
 628.7500000    4.5521723179e+02    3.4387387938e+01
 630.0000000    3.9152676986e+02    2.6706162911e+01
 631.2500000    6.4528206295e+01    1.4269392151e+01
 632.5000000   -2.6819816680e+01    3.2621379828e+01
 633.7500000    2.1260678003e+02    2.7164180619e+01
 635.0000000    4.7769216436e+02    3.1127720828e+01
 636.2500000    4.0880444680e+02    3.6444605978e+01
 637.5000000    8.3759675754e+01    2.7589101298e+01
 638.7500000   -3.6537531001e+01    3.0393526409e+01
 640.0000000    1.9137619017e+02    2.8216274937e+01
 641.2500000    4.9571574431e+02    3.0001278789e+01
 642.5000000    3.8376269819e+02    2.7765234501e+01
 643.7500000    1.1061790380e+02    4.3730730886e+01
 645.0000000   -4.5487578159e+01    2.6300391733e+01
 646.2500000    1.8660495703e+02    3.0096416197e+01
 647.5000000    4.4630443786e+02    2.2477757805e+01
 648.7500000    4.2169190595e+02    4.4072980796e+01
 650.0000000    1.2860158422e+02    5.0887433759e+01
 651.2500000   -4.7261202617e+01    3.9900963445e+01
 652.5000000    1.5901684378e+02    4.5668296333e+01
 653.7500000    4.6606920960e+02    4.8316462137e+01
 655.0000000    4.5951595237e+02    4.1665263743e+01
 656.2500000    1.2121094510e+02    2.9068386221e+01
 657.5000000   -5.2636283696e+01    3.0650746304e+01
 658.7500000    1.5294416836e+02    3.9560439010e+01
 660.0000000    4.6622666635e+02    3.7129559400e+01
 661.2500000    4.6593285463e+02    3.2550331495e+01
 662.5000000    1.1840844172e+02    1.9075681882e+01
 663.7500000   -4.4227528827e+01    3.1291289249e+01
 665.0000000    1.3996432811e+02    3.3057106618e+01
 666.2500000    4.6253296967e+02    3.9243690011e+01
 667.5000000    4.6732039504e+02    3.4290366954e+01
 668.7500000    1.7116413686e+02    3.0458054505e+01
 670.0000000   -5.3360145690e+01    2.6156072031e+01
 671.2500000    1.2581802232e+02    2.9019385620e+01
 672.5000000    4.4815251721e+02    3.2425167882e+01
 673.7500000    4.7972155149e+02    3.5852210415e+01
 675.0000000    1.7471029777e+02    2.8735552708e+01
 676.2500000   -3.8458185573e+01    3.5281488543e+01
 677.5000000    1.0354517806e+02    2.3787310917e+01
 678.7500000    4.6533328063e+02    3.0825766368e+01
 680.0000000    5.2222208936e+02    2.5399021754e+01
 681.2500000    2.1280018632e+02    2.4815168937e+01
 682.5000000   -4.3647333084e+01    2.3006471735e+01
 683.7500000    9.5215648481e+01    2.2571908302e+01
 685.0000000    4.5877522585e+02    2.4346428262e+01
 686.2500000    5.4948247736e+02    2.4561002374e+01
 687.5000000    2.0136475957e+02    1.6929884533e+01
 688.7500000   -5.7343181718e+01    2.4215627992e+01
 690.0000000    7.4875124281e+01    2.6336193512e+01
 691.2500000    4.2766589926e+02    2.6035075850e+01
 692.5000000    5.2809760994e+02    2.5521180085e+01
 693.7500000    2.5184171765e+02    3.8044042463e+01
 695.0000000   -2.7308106891e+01    5.1612602749e+01
 696.2500000    6.5861018682e+01    3.4105406556e+01
 697.5000000    4.4009698321e+02    3.8476200993e+01
 698.7500000    5.5962461043e+02    3.4180084553e+01
 700.0000000    2.6717386350e+02    3.1886873579e+01
 701.2500000   -3.5225821038e+01    3.8773035432e+01
 702.5000000    4.3023303365e+01    4.0143462668e+01
 703.7500000    4.3034268592e+02    3.5912146724e+01
 705.0000000    5.7484748208e+02    2.8753876115e+01
 706.2500000    2.9691784697e+02    2.4051305783e+01
 707.5000000   -2.8554433375e+01    2.4269503508e+01
 708.7500000    3.2177002291e+01    2.7170506674e+01
 710.0000000    4.0977090249e+02    2.2954399121e+01
 711.2500000    5.9199006814e+02    2.0720303814e+01
 712.5000000    3.5227610802e+02    2.8986572109e+01
 713.7500000   -3.6180766985e+01    2.2051226831e+01
 715.0000000    1.0639447016e+01    3.8281991563e+01
 716.2500000    4.0976822827e+02    3.2876330815e+01
 717.5000000    6.0904181684e+02    3.4251131232e+01
 718.7500000    3.7845576590e+02    4.0738834847e+01
 720.0000000   -3.8181972830e+01    1.7467235532e+01
 721.2500000    3.9756857141e-01    3.5559315025e+01
 722.5000000    3.8035578006e+02    3.1641055587e+01
 723.7500000    6.2049747780e+02    3.5089425379e+01
 725.0000000    3.6107508775e+02    2.7788682165e+01
 726.2500000   -9.9431181581e+00    2.4942615002e+01
 727.5000000   -9.6634551674e+00    3.2247933394e+01
 728.7500000    3.6292696248e+02    2.7040502544e+01
 730.0000000    6.1911213063e+02    2.4589769659e+01
 731.2500000    4.1403754815e+02    3.1935224885e+01
 732.5000000    3.4920942755e+00    2.5133208695e+01
 733.7500000   -2.4439876912e+01    3.3993146864e+01
 735.0000000    3.5100820943e+02    3.4078196511e+01
 736.2500000    6.2318110373e+02    2.9549489860e+01
 737.5000000    4.2157158782e+02    2.7752891731e+01
 738.7500000    3.7218518952e+01    3.4180346257e+01
 740.0000000   -3.6896401041e+01    3.3735515600e+01
 741.2500000    3.4670518066e+02    2.8115514902e+01
 742.5000000    6.2050490236e+02    2.3215680840e+01
 743.7500000    4.5270129551e+02    2.4817012140e+01
 745.0000000    5.1380091128e+01    3.2402540118e+01
 746.2500000   -5.2030515079e+01    1.9911204952e+01
 747.5000000    3.1481530465e+02    2.1000547499e+01
 748.7500000    6.3393824666e+02    2.4554183208e+01
 750.0000000    4.7787196954e+02    2.5039813539e+01
 751.2500000    4.4413546219e+01    2.4166588194e+01
 752.5000000   -5.8053727431e+01    2.6756680608e+01
 753.7500000    2.8568611003e+02    2.9236842335e+01
 755.0000000    6.2658804617e+02    2.5399138909e+01
 756.2500000    4.9679303193e+02    2.4739839222e+01
 757.5000000    9.7992266081e+01    2.9573089620e+01
 758.7500000   -6.5154855712e+01    1.8174450949e+01
 760.0000000    2.7749912232e+02    1.7881610462e+01
 761.2500000    6.3328922588e+02    1.6788299099e+01
 762.5000000    5.4234998305e+02    1.4939943011e+01
 763.7500000    9.4716435340e+01    1.4835731275e+01
 765.0000000   -7.4562429710e+01    1.7731742318e+01
 766.2500000    2.5305177398e+02    1.9092192130e+01
 767.5000000    6.4351881371e+02    1.7690007240e+01
 768.7500000    5.2522323222e+02    1.8782685417e+01
 770.0000000    1.2372922940e+02    3.3677952034e+01
 771.2500000   -7.7155102904e+01    2.9108588220e+01
 772.5000000    2.2524087386e+02    2.6132922892e+01
 773.7500000    6.0960537114e+02    2.8261638395e+01
 775.0000000    6.1562265810e+02    3.7467462217e+01
 776.2500000    1.6280808490e+02    2.6241471938e+01
 777.5000000   -8.6998732997e+01    2.1103770685e+01
 778.7500000    1.9921521417e+02    2.8337823736e+01
 780.0000000    6.2520049493e+02    2.6756171693e+01
 781.2500000    6.4041525117e+02    2.5889261411e+01
 782.5000000    1.8049496864e+02    2.2258994975e+01
 783.7500000   -8.7903797481e+01    2.5053280583e+01
 785.0000000    1.7801843708e+02    2.7656270161e+01
 786.2500000    6.3799956343e+02    2.0162251380e+01
 787.5000000    6.5845121241e+02    1.4894515688e+01
 788.7500000    2.0069672771e+02    1.3199963088e+01
 790.0000000   -7.5660002553e+01    2.9247301835e+01
 791.2500000    1.6403795610e+02    1.9062519030e+01
 792.5000000    6.3875068765e+02    1.9079288811e+01
 793.7500000    6.8313422083e+02    1.8900747991e+01
 795.0000000    2.3365669136e+02    1.5121275292e+01
 796.2500000   -8.7303480654e+01    2.4407330241e+01
 797.5000000    1.3817450661e+02    1.9382742352e+01
 798.7500000    6.4330769655e+02    2.0899844692e+01
 800.0000000    6.8625979423e+02    2.0843682129e+01
 801.2500000    2.7476086535e+02    2.1865499367e+01
 802.5000000   -9.7556812432e+01    1.8395938269e+01
 803.7500000    1.1361226791e+02    2.4535253034e+01
 805.0000000    5.9846545739e+02    2.1994109625e+01
 806.2500000    7.2636286365e+02    3.0156269618e+01
 807.5000000    2.9823756844e+02    2.7363251239e+01
 808.7500000   -9.1702013957e+01    2.3190070637e+01
 810.0000000    9.0715146593e+01    2.3929529587e+01
 811.2500000    5.9823335414e+02    2.1547939431e+01
 812.5000000    7.5472948187e+02    2.0325212235e+01
 813.7500000    3.0948346528e+02    1.3358678439e+01
 815.0000000   -8.4148918171e+01    2.1554204456e+01
 816.2500000    6.9008712521e+01    2.1606509502e+01
 817.5000000    5.7258314050e+02    2.0840837950e+01
 818.7500000    7.5572263376e+02    1.7685638487e+01
 820.0000000    3.5436913912e+02    1.6870230996e+01
 821.2500000   -6.4577395068e+01    2.3748147009e+01
 822.5000000    4.7959487678e+01    2.1795451509e+01
 823.7500000    5.5755201410e+02    2.1882142864e+01
 825.0000000    7.7537731247e+02    2.0767536655e+01
 826.2500000    4.0181735147e+02    1.7730787792e+01
 827.5000000   -6.6620120991e+01    1.5355386364e+01
 828.7500000    2.5543487219e+01    2.1869090027e+01
 830.0000000    5.3899697894e+02    1.8371625926e+01
 831.2500000    7.7751010662e+02    1.9704833152e+01
 832.5000000    4.2346986114e+02    1.8329725895e+01
 833.7500000   -3.1764824494e+01    2.2020624145e+01
 835.0000000    5.1733216886e+00    1.3248586183e+01
 836.2500000    5.2002519868e+02    1.8964720569e+01
 837.5000000    8.0970854516e+02    1.6371038213e+01
 838.7500000    4.7881853058e+02    1.5413271956e+01
 840.0000000   -3.1951850724e+01    1.0160978505e+01
 841.2500000   -1.5220442661e+01    1.1995418249e+01
 842.5000000    5.0385066946e+02    1.4079727229e+01
 843.7500000    8.2030714442e+02    9.2808630907e+00
 845.0000000    4.7586943978e+02    1.0033847315e+01
 846.2500000   -2.0211156478e+01    1.5406940903e+01
 847.5000000   -3.4300848148e+01    1.6285044595e+01
 848.7500000    4.6753467030e+02    1.3452945180e+01
 850.0000000    8.0727034591e+02    1.5217872499e+01
 851.2500000    5.4469475026e+02    2.4109780758e+01
 852.5000000    1.3521811571e+01    2.1957753607e+01
 853.7500000   -5.1293933182e+01    1.5661299997e+01
 855.0000000    4.4745491326e+02    1.8611356221e+01
 856.2500000    8.2829557582e+02    1.8840015829e+01
 857.5000000    5.6351866345e+02    1.7716443260e+01
 858.7500000    3.5763714854e+01    2.1283400595e+01
 860.0000000   -6.5475229663e+01    1.7128794635e+01
 861.2500000    4.3202228415e+02    1.3005196552e+01
 862.5000000    8.2346833645e+02    1.1339459637e+01
 863.7500000    6.0683066658e+02    1.3422504497e+01
 865.0000000    5.4637758937e+01    1.1769271795e+01
 866.2500000   -8.0175592959e+01    1.1968998425e+01
 867.5000000    3.9255058330e+02    1.1101679429e+01
 868.7500000    8.4084197580e+02    1.1841192429e+01
 870.0000000    6.5331681216e+02    1.1865931577e+01
 871.2500000    7.8145657388e+01    1.5478157866e+01
 872.5000000   -9.1331324323e+01    1.8603963493e+01
 873.7500000    3.7610986097e+02    1.5396490386e+01
 875.0000000    8.4573084615e+02    1.4677340800e+01
 876.2500000    6.9664670281e+02    1.4811915123e+01
 877.5000000    7.8476769120e+01    9.1000508150e+00
 878.7500000   -1.0419432101e+02    2.0574776809e+01
 880.0000000    3.4164982565e+02    1.5169030376e+01
 881.2500000    8.4119484634e+02    1.4611083713e+01
 882.5000000    7.0055296989e+02    1.1851599328e+01
 883.7500000    1.3247590108e+02    1.4441722842e+01
 885.0000000   -1.1089656315e+02    1.7197799729e+01
 886.2500000    3.0827420112e+02    1.1310006993e+01
 887.5000000    8.3445901942e+02    1.2519616395e+01
 888.7500000    7.5420132726e+02    1.6576067763e+01
 890.0000000    1.6278794511e+02    1.3965004089e+01
 891.2500000   -1.2113980292e+02    1.5470262915e+01
 892.5000000    2.7932395066e+02    1.3537178667e+01
 893.7500000    8.2087098190e+02    1.4814844236e+01
 895.0000000    7.7550433939e+02    1.4418446092e+01
 896.2500000    2.1849970282e+02    1.7126997612e+01
 897.5000000   -1.3228987337e+02    1.1081637062e+01
 898.7500000    2.5022952487e+02    1.1274095347e+01
 900.0000000    8.0649531992e+02    1.2244486706e+01
 901.2500000    8.1686547551e+02    1.1958036052e+01
 902.5000000    2.3644585751e+02    1.2246771514e+01
 903.7500000   -1.3691958189e+02    6.9315785745e+00
 905.0000000    2.1364646251e+02    1.1589537166e+01
 906.2500000    8.0481362970e+02    1.3093852386e+01
 907.5000000    8.3278428446e+02    1.0028003372e+01
 908.7500000    2.5359178586e+02    1.1133936591e+01
 910.0000000   -1.2706070531e+02    1.3211134504e+01
 911.2500000    1.8184224149e+02    1.2802549760e+01
 912.5000000    7.7924195989e+02    8.8621381853e+00
 913.7500000    8.6460762984e+02    1.0600303330e+01
 915.0000000    3.3218462590e+02    1.1497566528e+01
 916.2500000   -1.3152732900e+02    4.8075260755e+00
 917.5000000    1.5273294134e+02    6.0214787436e+00
 918.7500000    7.7182561050e+02    6.7127419128e+00
 920.0000000    8.9741170362e+02    6.6254008475e+00
 921.2500000    3.3970410937e+02    5.6989352059e+00
 922.5000000   -1.2263925106e+02    7.8191196258e+00
 923.7500000    1.2368532931e+02    6.5996690202e+00
 925.0000000    7.4314577742e+02    7.6764729582e+00
 926.2500000    8.8944262917e+02    1.0930403317e+01
 927.5000000    4.0067846996e+02    1.5635846372e+01
 928.7500000   -1.1162082966e+02    1.0126495931e+01
 930.0000000    9.0740579980e+01    1.2946346077e+01
 931.2500000    7.2612643010e+02    1.3226014556e+01
 932.5000000    9.6562382770e+02    1.5300835961e+01
 933.7500000    4.3038821483e+02    8.3293094281e+00
 935.0000000   -1.0358092971e+02    9.9299798064e+00
 936.2500000    6.2868507033e+01    1.2240472403e+01
 937.5000000    7.1244429269e+02    8.7751986880e+00
 938.7500000    9.7816172274e+02    9.0032433582e+00
 940.0000000    4.6082350462e+02    6.7154221889e+00
 941.2500000   -8.3324233426e+01    1.1254488642e+01
 942.5000000    3.5932519502e+01    9.7060540734e+00
 943.7500000    6.9472244679e+02    6.2775596658e+00
 945.0000000    9.7768310019e+02    5.9298156280e+00
 946.2500000    5.2208842143e+02    9.6027562973e+00
 947.5000000   -5.5139881417e+01    1.1423562029e+01
 948.7500000    9.9267140265e+00    6.5085367132e+00
 950.0000000    6.6326618547e+02    6.2721475927e+00
 951.2500000    1.0088622475e+03    7.0915320664e+00
 952.5000000    5.4445592950e+02    3.5081324175e+00
 953.7500000   -4.3896601597e+01    1.2613632757e+01
 955.0000000   -1.7034370423e+01    5.1649625352e+00
 956.2500000    6.3343137503e+02    8.9624234177e+00
 957.5000000    1.0159383925e+03    1.0934755200e+01
 958.7500000    5.9252323988e+02    7.5003717646e+00
 960.0000000   -5.2615453993e+01    9.1364264271e+00
 961.2500000   -3.9530030965e+01    1.0881754953e+01
 962.5000000    5.9566922599e+02    1.2412357400e+01
 963.7500000    1.0389421747e+03    1.5271224502e+01
 965.0000000    6.2486600754e+02    9.7762487597e+00
 966.2500000   -1.5208081714e+01    1.2729376948e+01
 967.5000000   -6.2571088495e+01    1.0045237069e+01
 968.7500000    5.7537120195e+02    7.4111484180e+00
 970.0000000    1.0319432479e+03    6.8333508202e+00
 971.2500000    6.5299848990e+02    5.0872265478e+00
 972.5000000    1.4581929595e+01    1.3494019074e+01
 973.7500000   -8.4139062444e+01    1.1167613805e+01
 975.0000000    5.3592930374e+02    1.1590971805e+01
 976.2500000    1.0154116752e+03    6.9287396334e+00
 977.5000000    7.2522607754e+02    1.0519439161e+01
 978.7500000    4.5476403422e+01    1.2289477905e+01
 980.0000000   -1.0435480351e+02    1.0087653457e+01
 981.2500000    5.0029647626e+02    1.1580944846e+01
 982.5000000    1.0315841146e+03    6.9246533607e+00
 983.7500000    7.6607886219e+02    6.4746653080e+00
 985.0000000    5.2827729647e+01    8.0026854937e+00
 986.2500000   -1.1639571580e+02    1.0418186367e+01
 987.5000000    4.6166450422e+02    9.1348977543e+00
