#          tintegral inside 0 < R < 50
   0.0000000    0.0000000000e+00
  10.0000000   -5.9937528739e+01
  20.0000000   -2.7027784942e+02
  30.0000000   -6.8512334814e+02
  40.0000000   -1.2617692474e+03
  50.0000000   -1.8028379918e+03
  60.0000000   -2.2648898488e+03
  70.0000000   -2.9478737464e+03
  80.0000000   -3.2417195410e+03
  90.0000000   -3.5631643983e+03
 100.0000000   -4.0186827270e+03
 110.0000000   -4.5025062400e+03
 120.0000000   -5.0402031101e+03
 130.0000000   -5.7288525959e+03
 140.0000000   -6.6245799577e+03
 150.0000000   -7.4468831981e+03
 160.0000000   -7.9998421794e+03
 170.0000000   -8.5657625857e+03
 180.0000000   -9.2688456976e+03
 190.0000000   -1.0606842544e+04
 200.0000000   -1.1583851496e+04
 210.0000000   -1.3680100764e+04
 220.0000000   -1.5696026074e+04
 230.0000000   -1.7861401888e+04
 240.0000000   -1.8614817021e+04
 250.0000000   -2.0870288622e+04
 260.0000000   -2.2349390801e+04
 270.0000000   -2.3977732136e+04
 280.0000000   -2.6175787550e+04
 290.0000000   -2.8354037883e+04
 300.0000000   -3.1542929395e+04
 310.0000000   -3.5061354188e+04
 320.0000000   -3.5885891614e+04
 330.0000000   -3.9293523866e+04
 340.0000000   -4.1232684460e+04
 350.0000000   -4.3602236262e+04
 360.0000000   -4.8515734354e+04
 370.0000000   -5.4159771588e+04
 380.0000000   -5.6643623118e+04
 390.0000000   -5.8502078665e+04
 400.0000000   -6.1377134385e+04
 410.0000000   -6.4554700734e+04
 420.0000000   -6.9075615698e+04
 430.0000000   -7.2821077462e+04
 440.0000000   -7.8919820226e+04
 450.0000000   -8.2796493232e+04
 460.0000000   -8.7778343700e+04
 470.0000000   -9.0996460199e+04
 480.0000000   -9.2493844758e+04
 490.0000000   -9.6667412007e+04
 500.0000000   -1.0182939328e+05
 510.0000000   -1.0740228203e+05
 520.0000000   -1.1130585090e+05
 530.0000000   -1.1582756859e+05
 540.0000000   -1.1915536817e+05
 550.0000000   -1.1907144252e+05
 560.0000000   -1.2384021492e+05
 570.0000000   -1.2888672218e+05
 580.0000000   -1.3407266930e+05
 590.0000000   -1.3865336271e+05
 600.0000000   -1.4175941865e+05
 610.0000000   -1.4412051206e+05
 620.0000000   -1.4702377204e+05
 630.0000000   -1.4897740001e+05
 640.0000000   -1.5249485242e+05
 650.0000000   -1.5622736488e+05
 660.0000000   -1.5739635660e+05
 670.0000000   -1.6003209284e+05
 680.0000000   -1.6198093199e+05
 690.0000000   -1.6465955643e+05
 700.0000000   -1.6743899922e+05
 710.0000000   -1.6729757778e+05
 720.0000000   -1.6650836224e+05
 730.0000000   -1.6577729268e+05
 740.0000000   -1.6675730565e+05
 750.0000000   -1.6824550754e+05
 760.0000000   -1.6973477155e+05
 770.0000000   -1.6890603126e+05
 780.0000000   -1.6869153628e+05
 790.0000000   -1.6478244011e+05
 800.0000000   -1.6521479392e+05
 810.0000000   -1.6587959351e+05
 820.0000000   -1.6581429537e+05
 830.0000000   -1.6583105417e+05
 840.0000000   -1.6512764926e+05
 850.0000000   -1.6452979632e+05
 860.0000000   -1.6355769347e+05
 870.0000000   -1.6259495667e+05
 880.0000000   -1.6691942507e+05
 890.0000000   -1.6554369565e+05
 900.0000000   -1.6906522233e+05
 910.0000000   -1.6674530584e+05
 920.0000000   -1.6914850303e+05
 930.0000000   -1.7218163403e+05
 940.0000000   -1.7673590661e+05
 950.0000000   -1.7819641891e+05
 960.0000000   -1.8266864551e+05
 970.0000000   -1.8575404326e+05
 980.0000000   -1.9027316067e+05
 990.0000000   -1.9268734868e+05
1000.0000000   -1.9876579731e+05
1010.0000000   -2.0502742080e+05
1020.0000000   -2.0889089671e+05
1030.0000000   -2.0857055505e+05
1040.0000000   -2.1318944564e+05
1050.0000000   -2.2017694984e+05
1060.0000000   -2.2971923457e+05
1070.0000000   -2.3787349271e+05
1080.0000000   -2.4646451625e+05
1090.0000000   -2.4951380779e+05
1100.0000000   -2.5083903575e+05
1110.0000000   -2.5551829379e+05
1120.0000000   -2.6780293925e+05
1130.0000000   -2.8019157341e+05
1140.0000000   -2.9063625342e+05
1150.0000000   -2.9947071943e+05
1160.0000000   -3.0340126383e+05
1170.0000000   -3.1029244097e+05
1180.0000000   -3.1337428588e+05
1190.0000000   -3.2378754532e+05
1200.0000000   -3.3604315709e+05
1210.0000000   -3.3843144696e+05
1220.0000000   -3.4672216562e+05
1230.0000000   -3.5345919552e+05
1240.0000000   -3.6321844491e+05
1250.0000000   -3.7375355102e+05
1260.0000000   -3.7675415137e+05
1270.0000000   -3.7799071560e+05
1280.0000000   -3.8027033160e+05
1290.0000000   -3.8625083096e+05
1300.0000000   -3.9233132548e+05
1310.0000000   -4.0219200429e+05
1320.0000000   -4.0837531686e+05
1330.0000000   -4.0944792612e+05
1340.0000000   -4.0506610582e+05
1350.0000000   -4.1269080937e+05
1360.0000000   -4.1940950524e+05
1370.0000000   -4.2346769186e+05
1380.0000000   -4.2772263550e+05
1390.0000000   -4.2919833681e+05
1400.0000000   -4.3063240374e+05
1410.0000000   -4.2908792942e+05
1420.0000000   -4.2915174559e+05
1430.0000000   -4.3535930796e+05
1440.0000000   -4.3326029437e+05
1450.0000000   -4.3685783279e+05
1460.0000000   -4.2818856963e+05
1470.0000000   -4.3120059071e+05
1480.0000000   -4.3289391332e+05
1490.0000000   -4.3668285467e+05
1500.0000000   -4.3247437893e+05
1510.0000000   -4.3377109572e+05
1520.0000000   -4.3186039225e+05
1530.0000000   -4.3359265142e+05
1540.0000000   -4.3322224002e+05
1550.0000000   -4.3432383693e+05
1560.0000000   -4.3311695069e+05
1570.0000000   -4.2856607907e+05
1580.0000000   -4.2383014638e+05
1590.0000000   -4.2182385107e+05
1600.0000000   -4.2330603014e+05
1610.0000000   -4.2736642755e+05
1620.0000000   -4.2336698542e+05
1630.0000000   -4.2225289330e+05
1640.0000000   -4.1670062195e+05
1650.0000000   -4.1385996648e+05
1660.0000000   -4.1332565966e+05
1670.0000000   -4.1376087328e+05
1680.0000000   -4.1594637336e+05
1690.0000000   -4.1437311647e+05
1700.0000000   -4.1111933878e+05
1710.0000000   -4.0887496214e+05
1720.0000000   -4.0706909025e+05
1730.0000000   -4.0157250902e+05
1740.0000000   -4.0060639083e+05
1750.0000000   -3.9896263641e+05
1760.0000000   -3.9313078673e+05
1770.0000000   -3.9427676348e+05
1780.0000000   -3.9418653482e+05
1790.0000000   -3.9292302383e+05
1800.0000000   -3.8926534929e+05
1810.0000000   -3.8197916394e+05
1820.0000000   -3.7760252440e+05
1830.0000000   -3.7805105833e+05
1840.0000000   -3.7673723857e+05
1850.0000000   -3.7675116647e+05
1860.0000000   -3.7184758268e+05
1870.0000000   -3.6459543171e+05
1880.0000000   -3.6012218680e+05
1890.0000000   -3.5548756336e+05
1900.0000000   -3.5632635152e+05
1910.0000000   -3.5505708857e+05
1920.0000000   -3.4893686192e+05
1930.0000000   -3.4710277841e+05
1940.0000000   -3.4444205266e+05
1950.0000000   -3.4099545281e+05
1960.0000000   -3.3873987380e+05
1970.0000000   -3.3291658214e+05
1980.0000000   -3.3083398462e+05
1990.0000000   -3.2708381870e+05
2000.0000000   -3.2503913426e+05
2010.0000000   -3.3003299824e+05
2020.0000000   -3.2947649078e+05
2030.0000000   -3.2499642963e+05
2040.0000000   -3.1982311422e+05
2050.0000000   -3.1597673729e+05
2060.0000000   -3.1771569555e+05
2070.0000000   -3.2103922528e+05
2080.0000000   -3.2145219225e+05
2090.0000000   -3.2467870961e+05
2100.0000000   -3.2324308279e+05
2110.0000000   -3.2115578185e+05
2120.0000000   -3.2052056625e+05
2130.0000000   -3.2503139057e+05
2140.0000000   -3.3043862478e+05
2150.0000000   -3.3002386718e+05
2160.0000000   -3.2912375060e+05
2170.0000000   -3.3668337295e+05
2180.0000000   -3.4415851006e+05
2190.0000000   -3.5549707729e+05
2200.0000000   -3.6154888929e+05
2210.0000000   -3.5465998836e+05
2220.0000000   -3.6121592078e+05
2230.0000000   -3.6717311562e+05
2240.0000000   -3.7806183814e+05
2250.0000000   -3.9080219371e+05
2260.0000000   -3.9835721368e+05
2270.0000000   -4.0422320458e+05
2280.0000000   -3.9572870602e+05
2290.0000000   -4.1426284794e+05
2300.0000000   -4.2882480934e+05
2310.0000000   -4.4706972112e+05
2320.0000000   -4.5046687318e+05
2330.0000000   -4.5991515892e+05
2340.0000000   -4.6800394463e+05
2350.0000000   -4.8452627800e+05
2360.0000000   -4.9599431754e+05
2370.0000000   -5.1300612119e+05
2380.0000000   -5.1948001901e+05
2390.0000000   -5.3453324409e+05
2400.0000000   -5.4217109958e+05
2410.0000000   -5.5724946066e+05
2420.0000000   -5.8528710737e+05
2430.0000000   -5.9742365435e+05
2440.0000000   -5.9200799000e+05
2450.0000000   -6.0072102315e+05
2460.0000000   -6.2204317457e+05
2470.0000000   -6.4714444721e+05
2480.0000000   -6.6982769175e+05
2490.0000000   -6.8229454493e+05
2500.0000000   -6.9719284764e+05
2510.0000000   -7.0248246607e+05
2520.0000000   -7.0950047787e+05
2530.0000000   -7.3434663281e+05
2540.0000000   -7.6059405447e+05
2550.0000000   -7.8266970202e+05
2560.0000000   -7.9478730982e+05
2570.0000000   -7.9965507352e+05
2580.0000000   -8.1195075612e+05
2590.0000000   -8.3330855278e+05
2600.0000000   -8.4718645276e+05
2610.0000000   -8.6563875316e+05
2620.0000000   -8.7504459234e+05
2630.0000000   -8.9355706272e+05
2640.0000000   -9.0749021450e+05
2650.0000000   -9.2252376484e+05
2660.0000000   -9.4024774493e+05
2670.0000000   -9.3680059999e+05
2680.0000000   -9.5016765109e+05
2690.0000000   -9.6211404350e+05
2700.0000000   -9.8266666985e+05
2710.0000000   -1.0063687942e+06
2720.0000000   -1.0212840587e+06
2730.0000000   -1.0337510708e+06
2740.0000000   -1.0352890537e+06
2750.0000000   -1.0287121671e+06
2760.0000000   -1.0386276519e+06
2770.0000000   -1.0615404230e+06
2780.0000000   -1.0692052461e+06
2790.0000000   -1.0758898971e+06
2800.0000000   -1.0783572584e+06
2810.0000000   -1.0812872324e+06
2820.0000000   -1.0854366405e+06
2830.0000000   -1.0842387898e+06
2840.0000000   -1.0908826004e+06
2850.0000000   -1.0950890397e+06
2860.0000000   -1.0893787842e+06
2870.0000000   -1.0882824584e+06
2880.0000000   -1.1029384642e+06
2890.0000000   -1.1095936562e+06
2900.0000000   -1.1098398081e+06
2910.0000000   -1.0938945102e+06
2920.0000000   -1.0886459868e+06
2930.0000000   -1.0876868299e+06
2940.0000000   -1.0844881071e+06
2950.0000000   -1.0909336242e+06
2960.0000000   -1.0873306677e+06
2970.0000000   -1.0812946204e+06
2980.0000000   -1.0643065898e+06
2990.0000000   -1.0557930051e+06
3000.0000000   -1.0611567183e+06
3010.0000000   -1.0539060291e+06
3020.0000000   -1.0396808261e+06
3030.0000000   -1.0319164625e+06
3040.0000000   -1.0211237284e+06
3050.0000000   -1.0119770421e+06
3060.0000000   -1.0034173960e+06
3070.0000000   -9.9132501231e+05
3080.0000000   -9.8240787923e+05
3090.0000000   -9.6738811886e+05
3100.0000000   -9.5520613145e+05
3110.0000000   -9.5236967062e+05
3120.0000000   -9.4437367704e+05
3130.0000000   -9.3480379012e+05
3140.0000000   -9.2412760977e+05
3150.0000000   -9.0192517620e+05
3160.0000000   -8.9291291748e+05
3170.0000000   -8.8468721180e+05
3180.0000000   -8.7760210787e+05
3190.0000000   -8.6509428576e+05
3200.0000000   -8.5230991642e+05
3210.0000000   -8.3464855608e+05
3220.0000000   -8.1995485298e+05
3230.0000000   -8.1225509501e+05
3240.0000000   -8.0597391075e+05
3250.0000000   -7.9318628959e+05
3260.0000000   -7.8355644278e+05
3270.0000000   -7.6769526198e+05
3280.0000000   -7.6075802565e+05
3290.0000000   -7.5602980902e+05
3300.0000000   -7.4769233128e+05
3310.0000000   -7.3098687095e+05
3320.0000000   -7.2025801514e+05
3330.0000000   -7.1378143760e+05
3340.0000000   -7.0975647913e+05
3350.0000000   -7.0139243339e+05
3360.0000000   -6.9673613695e+05
3370.0000000   -6.8303586755e+05
3380.0000000   -6.6662154856e+05
3390.0000000   -6.6240318962e+05
3400.0000000   -6.6371826174e+05
3410.0000000   -6.7249447997e+05
3420.0000000   -6.5518004066e+05
3430.0000000   -6.5048630230e+05
3440.0000000   -6.3930184044e+05
3450.0000000   -6.4160606552e+05
3460.0000000   -6.3523096166e+05
3470.0000000   -6.3663468880e+05
3480.0000000   -6.3317516997e+05
3490.0000000   -6.3002893926e+05
3500.0000000   -6.2780052663e+05
