#          tintegral inside 0 < R < 50
   0.0000000    0.0000000000e+00
  60.0000000   -1.0844200973e-02
 120.0000000    1.9767763240e-02
 180.0000000   -2.1355206037e-02
 240.0000000    6.4980728580e-03
 300.0000000   -4.5450703513e-03
 360.0000000    2.3123716816e-02
 420.0000000    3.8780652840e-03
 480.0000000    1.5686935550e-02
 540.0000000   -3.1630095489e-02
 600.0000000    1.5048612537e-02
 660.0000000    3.0399426685e-04
 720.0000000    2.4177353978e-02
 780.0000000    3.7421340000e-03
 840.0000000    1.3201988783e-03
 900.0000000    5.0185833027e-03
 960.0000000    1.3742935615e-02
1020.0000000    5.8214577863e-03
1080.0000000   -1.1784183643e-02
1140.0000000    1.3354104799e-02
1200.0000000    1.8270948399e-02
1260.0000000    9.6010784961e-03
1320.0000000    4.8695069901e-02
1380.0000000    2.2487286043e-02
1440.0000000    2.0031527757e-02
1500.0000000    1.3221831636e-02
1560.0000000    1.1856593049e-02
1620.0000000    8.5137413243e-03
1680.0000000   -1.1435364144e-02
1740.0000000    2.5046710276e-02
1800.0000000   -7.7095791702e-03
1860.0000000    2.1250537414e-03
1920.0000000   -1.2513945391e-02
1980.0000000    2.2402173178e-02
2040.0000000   -1.9960138695e-03
2100.0000000   -2.8408078588e-02
2160.0000000    6.8663835619e-03
2220.0000000    3.4657280309e-02
2280.0000000   -5.4437537294e-04
2340.0000000   -8.5144348822e-03
2400.0000000    1.6329121508e-02
2460.0000000    1.7358158115e-02
2520.0000000    5.1905161918e-03
2580.0000000    1.7659134582e-02
2640.0000000    2.1559538524e-02
2700.0000000   -1.0555130321e-02
2760.0000000    1.7550088575e-02
2820.0000000   -1.4509206382e-02
2880.0000000    1.3304777311e-02
2940.0000000   -6.5865240557e-03
3000.0000000    2.6851355737e-02
3060.0000000    1.7974304141e-03
3120.0000000    1.5457944625e-03
3180.0000000    2.9509165166e-03
3240.0000000    2.9746151231e-02
3300.0000000    4.4084747916e-03
3360.0000000    6.7472926526e-03
3420.0000000    7.3946069814e-03
3480.0000000    5.2858675655e-03
3540.0000000    1.0132622995e-03
3600.0000000   -2.4027329899e-02
3660.0000000    1.1568031849e-02
3720.0000000    1.1338912435e-02
3780.0000000    8.0724819351e-04
3840.0000000   -1.4269087336e-02
3900.0000000    2.0562842611e-02
3960.0000000   -1.4149263323e-01
4020.0000000   -8.4364154724e-03
4080.0000000    6.7095560443e-06
4140.0000000    1.7474930424e-02
4200.0000000   -1.3494768634e-02
4260.0000000    1.6461149721e-02
4320.0000000    2.6042318044e-02
4380.0000000    1.2304756973e-02
4440.0000000   -1.6683322430e-02
4500.0000000    5.0076004641e-02
4560.0000000    1.8645905407e-02
4620.0000000   -9.5707964107e-03
4680.0000000    9.3027781864e-03
4740.0000000    3.2537696402e-02
4800.0000000    2.4700669736e-03
4860.0000000    1.1701816377e-02
4920.0000000    1.4983800318e-02
4980.0000000    6.1255041967e-02
5040.0000000    2.1111250157e-03
5100.0000000    2.6144797450e-03
5160.0000000    2.1534974523e-02
5220.0000000   -5.0318006755e-03
5280.0000000    1.4986948540e-02
5340.0000000    7.5788191435e-03
5400.0000000    1.7538576022e-02
5460.0000000    2.1946508448e-02
5520.0000000   -2.8722346702e-03
5580.0000000    8.8613472288e-03
5640.0000000    1.7177100775e-02
5700.0000000   -1.1193542214e-02
5760.0000000    2.2220249910e-02
5820.0000000    1.2146043914e-02
5880.0000000    1.1544052932e-03
5940.0000000   -9.6247441052e-03
6000.0000000    2.6390078105e-02
6060.0000000   -3.4103866458e-03
6120.0000000   -7.8482885986e-03
6180.0000000    8.2918561293e-03
6240.0000000    5.1745916836e-03
6300.0000000    3.1998168113e-03
6360.0000000   -1.3308393418e-02
6420.0000000    1.3343805358e-02
6480.0000000    2.0549682216e-02
6540.0000000    1.1904529388e-02
6600.0000000    4.7634365397e-02
6660.0000000    1.8592729049e-02
6720.0000000   -1.5100884979e-02
6780.0000000    2.9139540589e-02
6840.0000000    2.7790144169e-02
6900.0000000    8.5203449507e-03
6960.0000000   -3.1406248647e-02
7020.0000000    2.7905594252e-02
7080.0000000    1.0078501340e-02
7140.0000000    4.4565317830e-03
7200.0000000   -6.9647003288e-03
7260.0000000    3.0039497605e-02
7320.0000000    1.2401379240e-03
7380.0000000    3.4658988605e-02
7440.0000000    9.5099555473e-03
7500.0000000    2.1719275926e-02
7560.0000000   -1.3183557640e-03
7620.0000000    1.2723402000e-02
7680.0000000    1.5044819760e-02
7740.0000000    1.5245635147e-02
7800.0000000    1.7129342470e-02
7860.0000000    1.3967192507e-02
7920.0000000    9.6235474397e-03
7980.0000000   -2.0893916914e-02
8040.0000000    2.5093849445e-02
8100.0000000    3.4485159475e-03
8160.0000000    1.2771173662e-02
8220.0000000    7.7632296361e-03
8280.0000000    3.5868696239e-02
8340.0000000    2.5390927217e-03
8400.0000000   -1.5958361212e-03
8460.0000000   -8.6674360966e-03
8520.0000000    3.2996199972e-02
8580.0000000   -1.0590608259e-02
8640.0000000    2.3470126270e-03
8700.0000000    4.0808472288e-03
8760.0000000    2.9453829618e-03
8820.0000000   -5.1199001123e-03
8880.0000000    6.9488349459e-02
8940.0000000    1.0786822797e-02
9000.0000000    1.7319549902e-02
9060.0000000    1.2748146733e-02
9120.0000000    2.7131553302e-02
9180.0000000    8.5555994374e-03
9240.0000000   -1.3116128671e-02
9300.0000000    2.6262358130e-02
9360.0000000    3.4539153699e-02
9420.0000000    1.3253945403e-02
9480.0000000   -6.2299465287e-03
9540.0000000    3.7873391285e-02
9600.0000000    7.9182769873e-03
9660.0000000    1.2213615686e-02
9720.0000000   -3.1866040242e-03
9780.0000000    2.9022782581e-02
9840.0000000   -3.2994717546e-03
9900.0000000    1.7403313284e-02
9960.0000000   -7.0106290489e-04
10020.0000000    1.6802635662e-03
10080.0000000    9.1163605820e-03
10140.0000000    3.5416705196e-02
10200.0000000    9.7876525381e-03
10260.0000000   -2.7856505067e-02
10320.0000000    5.9764453001e-03
10380.0000000    2.1191938611e-02
10440.0000000    1.0422467243e-02
10500.0000000   -2.1550093822e-02
10560.0000000    2.4608450989e-02
10620.0000000    2.8386235226e-02
10680.0000000    6.4277357883e-03
10740.0000000   -1.3832192184e-02
10800.0000000    3.0798433632e-02
10860.0000000    2.6193565697e-02
10920.0000000    7.3733094201e-03
10980.0000000    2.5240047028e-02
11040.0000000    2.2317290479e-02
11100.0000000    1.1754963516e-02
11160.0000000    1.6674129113e-02
11220.0000000    6.7634486172e-03
11280.0000000    1.9488364964e-04
11340.0000000   -5.0893523650e-03
11400.0000000    3.2585280792e-02
11460.0000000    1.1201431031e-02
11520.0000000    8.9735837899e-04
11580.0000000    1.0149849962e-02
11640.0000000    2.2012704720e-02
11700.0000000    5.8961507701e-03
11760.0000000   -1.5226969144e-02
11820.0000000    2.2833549423e-02
11880.0000000    1.9593642646e-02
11940.0000000    9.6875398367e-03
12000.0000000   -2.0445341267e-02
12060.0000000    2.5545096839e-02
12120.0000000   -1.1131566624e-02
12180.0000000    1.0363248026e-02
12240.0000000   -3.5006632751e-02
12300.0000000    2.2870407969e-02
12360.0000000   -2.3303446678e-02
12420.0000000    4.0388102102e-02
12480.0000000   -1.6266331544e-03
12540.0000000    3.2919284217e-03
12600.0000000   -3.1316791113e-03
12660.0000000    4.5998748635e-02
12720.0000000    3.8945836196e-04
12780.0000000    1.0808342161e-02
12840.0000000    1.6511799453e-02
12900.0000000    1.0501358913e-02
12960.0000000    2.6974332092e-03
13020.0000000   -7.5583307660e-03
13080.0000000    1.7790337378e-02
13140.0000000    8.5354115955e-03
13200.0000000    7.6538055905e-03
13260.0000000   -2.6795567930e-02
13320.0000000    2.3975369170e-02
13380.0000000    2.0771045822e-02
13440.0000000    1.5756865840e-02
13500.0000000    7.8371574947e-03
13560.0000000    7.6558316345e-02
13620.0000000    2.8869710989e-03
13680.0000000    3.4131820465e-02
13740.0000000    5.1885031414e-03
13800.0000000    1.4847950325e-02
13860.0000000   -8.5192750368e-03
13920.0000000    2.1676348195e-02
13980.0000000    2.2364492320e-02
14040.0000000   -1.4316614955e-02
14100.0000000    1.2559625364e-02
14160.0000000    6.0194078300e-02
14220.0000000    4.9573979815e-03
14280.0000000   -1.3499056947e-02
14340.0000000    2.0536934358e-02
14400.0000000    1.2303247506e-02
14460.0000000    6.5298194224e-03
14520.0000000    3.1980474988e-02
14580.0000000    1.9639301362e-02
14640.0000000    2.4716710109e-03
14700.0000000    1.2516575171e-02
14760.0000000    7.3193986291e-03
14820.0000000    1.0462959975e-02
14880.0000000    7.0269767870e-04
14940.0000000    4.0172760124e-02
15000.0000000    1.2227906285e-02
15060.0000000    8.7909744824e-03
15120.0000000   -5.9379871013e-03
15180.0000000    3.4879045946e-02
15240.0000000    3.6129489843e-03
15300.0000000    2.6288574114e-02
15360.0000000    8.9286686317e-03
15420.0000000    4.9697713418e-02
15480.0000000   -1.1068642604e-03
15540.0000000    2.2770443846e-03
15600.0000000    2.5708337635e-02
15660.0000000   -6.3452972191e-03
15720.0000000    5.0716497802e-03
15780.0000000   -2.5431219323e-02
15840.0000000    2.7399186324e-02
15900.0000000   -7.2298521590e-03
15960.0000000    1.7808659491e-02
16020.0000000   -1.9499872904e-02
16080.0000000    4.9793065614e-03
16140.0000000    2.0127800777e-02
16200.0000000    4.6925191207e-02
16260.0000000    4.2942630429e-02
16320.0000000   -2.7130432024e-03
16380.0000000   -1.4658420874e-02
16440.0000000    4.3447362291e-02
16500.0000000    3.1059840326e-03
16560.0000000    1.3680914923e-02
16620.0000000    1.0122039074e-03
16680.0000000    5.0691667010e-02
16740.0000000    4.2753275415e-03
16800.0000000   -1.0561916749e-02
16860.0000000    1.7246099197e-02
16920.0000000   -3.7942853752e-03
16980.0000000    7.0506213791e-03
17040.0000000   -1.3946398651e-02
17100.0000000    2.2847095531e-02
17160.0000000   -1.0979283940e-02
17220.0000000    1.2478977235e-02
17280.0000000    1.1756181806e-02
17340.0000000    2.9113578850e-02
17400.0000000    2.6849352351e-03
17460.0000000    2.4164381236e-02
17520.0000000    8.6573405025e-03
17580.0000000   -4.7537457632e-03
17640.0000000   -2.3556730956e-02
17700.0000000    4.6561477881e-02
17760.0000000    2.7133657447e-03
17820.0000000    3.4861933534e-03
17880.0000000    9.2277022095e-03
17940.0000000    2.5508522029e-02
18000.0000000    3.6142596248e-03
18060.0000000   -5.0027078221e-03
18120.0000000    1.5432965821e-02
18180.0000000   -6.4318620451e-03
18240.0000000   -1.5336386639e-03
18300.0000000    8.5724244844e-02
18360.0000000    2.0529878349e-02
18420.0000000   -1.6377260132e-02
18480.0000000    2.7808634590e-02
18540.0000000    3.3118997958e-02
18600.0000000    5.7491896943e-03
18660.0000000    9.4072202732e-03
18720.0000000    4.0282653827e-02
18780.0000000    8.3844158039e-03
18840.0000000    1.2385904704e-02
18900.0000000   -2.0761042648e-02
18960.0000000    7.4114210720e-02
19020.0000000    2.2319757730e-02
19080.0000000    2.0065716663e-02
19140.0000000    9.0658388512e-03
19200.0000000    2.4726111387e-01
19260.0000000    1.1042723253e-02
19320.0000000    2.0265951718e-02
19380.0000000    1.1774696430e-02
19440.0000000    2.9926625630e-02
19500.0000000    8.7218781807e-03
19560.0000000    2.1464987265e-02
19620.0000000    1.8651211110e-02
19680.0000000   -2.2836971126e-03
19740.0000000    2.2673565407e-02
19800.0000000    4.1121518332e-02
19860.0000000    1.5137826513e-02
19920.0000000   -2.4163298506e-02
19980.0000000    5.3399453936e-02
20040.0000000    1.2654670663e-03
20100.0000000    1.5287707716e-05
20160.0000000   -2.3272567093e-02
20220.0000000    4.1913962353e-02
20280.0000000    1.0518005122e-02
20340.0000000   -1.5353292217e-02
20400.0000000   -3.8630787424e-05
20460.0000000    4.7687288728e-02
20520.0000000    1.9706048701e-02
20580.0000000    3.6223032121e-02
20640.0000000    8.8129678561e-03
20700.0000000    3.2343145498e-02
20760.0000000    1.2727981851e-02
20820.0000000    3.2508346677e-02
20880.0000000    1.5976787282e-02
20940.0000000   -2.2430446829e-02
21000.0000000    1.8494444280e-02
21060.0000000    3.6794362765e-02
21120.0000000    5.5122900168e-03
21180.0000000   -1.0028175554e-01
21240.0000000    4.2428516991e-02
21300.0000000    4.5267412918e-02
21360.0000000   -5.6449365462e-03
21420.0000000   -2.6350596770e-02
21480.0000000    4.0079649970e-02
21540.0000000    1.4892629365e-02
21600.0000000    1.4436721658e-02
21660.0000000    8.6284171854e-03
21720.0000000    5.9962541617e-02
21780.0000000   -4.8730646187e-03
21840.0000000    2.6703283938e-02
21900.0000000    4.5697853968e-03
21960.0000000   -1.0435414829e-02
22020.0000000   -2.5633805454e-03
22080.0000000    6.4976304825e-02
22140.0000000    1.6954727580e-02
22200.0000000    1.9764082912e-02
22260.0000000    2.3367508372e-02
22320.0000000    3.1461553632e-02
22380.0000000    6.9211345059e-03
22440.0000000   -2.9941561714e-02
22500.0000000    4.2664945371e-02
22560.0000000   -1.3958522761e-02
22620.0000000   -1.8116771721e-03
22680.0000000    1.7484118023e-02
22740.0000000    5.3725995617e-02
22800.0000000   -1.4764578104e-02
22860.0000000    2.7782829836e-02
22920.0000000   -2.1640864840e-02
22980.0000000    6.1927996658e-02
23040.0000000   -4.9677125037e-03
23100.0000000   -1.1986259767e+00
23160.0000000   -4.4232632629e-01
23220.0000000   -1.2622083303e-02
23280.0000000    1.3228514876e-02
23340.0000000    6.6110856784e-02
23400.0000000    2.5211008183e-02
23460.0000000   -1.8536809417e-03
23520.0000000    7.2072039630e-03
23580.0000000    2.6639537052e-02
23640.0000000    1.1128192733e-02
23700.0000000   -1.3128008062e-02
23760.0000000    3.4441939970e-02
23820.0000000    1.7370210190e-02
23880.0000000    7.3673188148e-03
23940.0000000   -3.8170621673e-02
24000.0000000    4.3241627066e-02
24060.0000000    7.5902931852e-02
24120.0000000    1.2199551583e-02
24180.0000000   -1.8938932133e-04
24240.0000000    2.6967362184e-02
24300.0000000    1.6696895026e-03
24360.0000000    1.9988298182e-02
24420.0000000    5.7440721415e-03
24480.0000000    1.1725176173e-02
24540.0000000    1.1372407001e-02
24600.0000000    3.2241081540e-02
24660.0000000    5.6953834155e-03
24720.0000000   -3.6315401780e-02
24780.0000000    1.1106171308e-02
24840.0000000    9.4670361634e-02
24900.0000000    1.3398553625e-02
24960.0000000    3.8900969811e-02
25020.0000000    1.0924677314e-02
25080.0000000    6.3703294224e-02
25140.0000000    1.3204996779e-02
25200.0000000    2.2360038604e-03
25260.0000000    3.1566384809e-02
25320.0000000   -1.2500234088e-02
25380.0000000    1.7598844952e-02
25440.0000000    3.6057848662e-02
25500.0000000    2.5577696131e-02
25560.0000000   -1.4174485934e-02
25620.0000000    3.8501197526e-02
25680.0000000    5.3512947638e-02
25740.0000000   -4.3689478578e-03
25800.0000000    9.0144011079e-03
25860.0000000    3.8302911759e-02
25920.0000000    6.5362072881e-03
25980.0000000   -3.0354656812e-02
26040.0000000    1.4438334460e-02
26100.0000000    2.2931447172e-02
26160.0000000    5.9895807604e-03
26220.0000000   -1.3341265119e-02
26280.0000000    2.9348346178e-02
26340.0000000   -3.2070762083e-02
26400.0000000    1.1453778744e-03
26460.0000000   -2.8614011565e-02
26520.0000000    3.3553600311e-02
26580.0000000    1.9484425043e-02
26640.0000000    1.9723896374e-02
26700.0000000    3.4738412910e-02
26760.0000000    1.8534440848e-02
26820.0000000   -1.1437488680e-02
26880.0000000    3.9006007803e-02
26940.0000000    1.8209743028e-04
27000.0000000   -1.2699504405e-02
27060.0000000   -1.0853494569e-02
27120.0000000    3.3362976174e-02
27180.0000000    4.4750990465e-03
27240.0000000   -2.5614061364e-02
27300.0000000    3.7049444391e-03
27360.0000000    9.2685794498e-02
27420.0000000   -4.8352786163e-03
27480.0000000    1.4642947425e-03
27540.0000000    1.6815411503e-02
27600.0000000    3.0879598383e-02
27660.0000000    9.4905174868e-03
27720.0000000    2.2161901884e-02
27780.0000000    2.0873601420e-02
27840.0000000    1.1737402550e-02
27900.0000000    2.3828131281e-02
27960.0000000    8.0687187280e-02
28020.0000000    1.5455071939e-02
28080.0000000   -4.0061629948e-02
28140.0000000    4.8572550647e-02
28200.0000000    2.7317162987e-02
28260.0000000   -8.9848317899e-03
28320.0000000   -8.4068446097e-03
28380.0000000    6.0861903176e-02
28440.0000000    9.4528305747e-03
28500.0000000    8.3259784104e-04
28560.0000000    1.8397179272e-02
28620.0000000    5.9795943226e-02
28680.0000000    8.3226629666e-04
28740.0000000    5.7096838752e-03
28800.0000000    1.7662906444e-02
28860.0000000    5.5954333710e-02
28920.0000000    1.2604812402e-02
28980.0000000    2.2415157366e-02
29040.0000000    2.8920645343e-02
29100.0000000   -3.7959552121e-02
29160.0000000    2.4886230127e-02
29220.0000000   -7.7566480538e-03
29280.0000000    2.2050560727e-02
29340.0000000   -2.1891562913e-02
29400.0000000    5.4563896982e-02
29460.0000000   -2.3110884500e-03
29520.0000000    1.2128313545e-02
29580.0000000   -1.9990681767e-02
29640.0000000    4.8730678508e-02
29700.0000000    1.3363049330e-02
29760.0000000   -6.8015458552e-03
29820.0000000    1.9221728445e-03
29880.0000000    4.4806819259e-02
29940.0000000    4.5960584644e-03
30000.0000000    1.2290575332e-02
30060.0000000    1.3998471215e-02
30120.0000000    6.2090897420e-02
30180.0000000    1.1791913931e-02
30240.0000000    6.8811052584e-02
30300.0000000    2.3332616010e-02
30360.0000000   -2.6805088599e-02
30420.0000000    2.6936574707e-02
30480.0000000    3.6376060410e-02
30540.0000000    3.0169556664e-02
30600.0000000   -3.6534151588e-02
