#          tintegral inside 0 < R < 50
   0.0000000    0.0000000000e+00
  10.0000000   -7.4371547846e-01
  20.0000000   -1.2875741811e-01
  30.0000000   -2.6242613192e-01
  40.0000000   -1.3642487272e+00
  50.0000000   -5.9845730165e-01
  60.0000000   -2.1786509055e+00
  70.0000000   -1.5623119676e+00
  80.0000000    1.3834345374e-01
  90.0000000   -1.3924859646e+00
 100.0000000   -3.6233749684e-01
 110.0000000   -8.7511734425e-01
 120.0000000   -1.5582776947e+00
 130.0000000   -1.6913360152e+00
 140.0000000   -2.2492459119e+00
 150.0000000   -2.7169527342e+00
 160.0000000   -1.9379582331e-01
 170.0000000   -5.1023164359e+00
 180.0000000   -7.7864778947e-01
 190.0000000   -3.3832917957e+00
 200.0000000   -1.8200627377e+00
 210.0000000   -4.1860423270e+00
 220.0000000   -5.6125890384e-01
 230.0000000   -3.7436608740e+00
 240.0000000   -2.4616900482e+00
 250.0000000   -5.5640596331e+00
 260.0000000   -5.2821441008e+00
 270.0000000   -4.9151374821e+00
 280.0000000   -9.0351387606e+00
 290.0000000   -6.2855305773e+00
 300.0000000   -6.7993416638e+00
 310.0000000   -1.0546931196e+01
 320.0000000   -3.7835565101e+00
 330.0000000   -5.1601396365e+00
 340.0000000   -6.5499802357e+00
 350.0000000   -3.1476823627e+00
 360.0000000   -7.6238489449e+00
 370.0000000   -8.0454539802e+00
 380.0000000   -8.8592460968e+00
 390.0000000   -1.0026736312e+00
 400.0000000   -3.7056232281e+00
 410.0000000   -6.0325367892e+00
 420.0000000   -1.0923538616e+01
 430.0000000   -4.0499238176e+00
 440.0000000   -1.1564478476e+01
 450.0000000   -9.5108042988e+00
 460.0000000   -8.1868506782e+00
 470.0000000   -1.1489007511e+01
 480.0000000   -4.9009608628e+00
 490.0000000   -6.3338371234e+00
 500.0000000   -7.3773789348e+00
 510.0000000   -6.4340511576e+00
 520.0000000   -1.4105194522e+01
 530.0000000   -1.2269711889e+01
 540.0000000   -1.2240813996e+01
 550.0000000   -3.6627946112e+00
 560.0000000   -7.9987314653e+00
 570.0000000   -8.3073826931e+00
 580.0000000   -1.4068668863e+01
 590.0000000   -9.7552689447e+00
 600.0000000   -1.2124841836e+01
 610.0000000   -1.6819824304e+01
 620.0000000   -1.3402424820e+01
 630.0000000   -1.2120482901e+01
 640.0000000   -1.1302405014e+01
 650.0000000   -8.4772087472e+00
 660.0000000   -1.1366540926e+01
 670.0000000   -1.1916315435e+01
 680.0000000   -1.1733157549e+01
 690.0000000   -2.1314535770e+01
 700.0000000   -1.3439986429e+01
 710.0000000   -1.2954444227e+01
 720.0000000   -1.1354312173e+01
 730.0000000   -7.3272438520e+00
 740.0000000   -1.6396123566e+01
 750.0000000   -1.4662914706e+01
 760.0000000   -1.4155922515e+01
 770.0000000   -2.6789982652e+00
 780.0000000   -1.4986005325e+01
 790.0000000   -8.0444097052e+00
 800.0000000   -1.4668796521e+01
 810.0000000   -8.9096978300e+00
 820.0000000   -1.9173334456e+01
 830.0000000   -1.9559333167e+01
 840.0000000   -1.5585786353e+01
 850.0000000   -2.3522070149e+01
 860.0000000   -2.3388053946e+01
 870.0000000   -1.3571991066e+01
 880.0000000   -2.2829201946e+01
 890.0000000   -1.3581459526e+01
 900.0000000   -1.3139992822e+01
 910.0000000   -1.5331792345e+01
 920.0000000   -1.8386011478e+01
 930.0000000   -2.8751143824e+01
 940.0000000   -1.3832306345e+01
 950.0000000   -1.3841153536e+01
 960.0000000   -2.1003527513e+01
 970.0000000   -1.5898556609e+01
 980.0000000   -1.6809616581e+01
 990.0000000   -2.6813224549e+01
1000.0000000   -2.2679208566e+01
1010.0000000   -2.6630756294e+01
1020.0000000   -3.0305643638e+01
1030.0000000   -1.4318153569e+01
1040.0000000   -2.8493304185e+01
1050.0000000   -2.3708182108e+01
1060.0000000   -1.5657305581e+01
1070.0000000   -3.7251266785e+01
1080.0000000   -2.9822753765e+01
1090.0000000   -2.8195269463e+01
1100.0000000   -3.6192981133e+01
1110.0000000   -1.6729411782e+01
1120.0000000   -2.6975985957e+01
1130.0000000   -2.9448922913e+01
1140.0000000   -1.9200034695e+01
1150.0000000   -3.7398253105e+01
1160.0000000   -2.9301327326e+01
1170.0000000   -2.9220937576e+01
1180.0000000   -2.8200147913e+01
1190.0000000   -2.0875208271e+01
1200.0000000   -2.7695128531e+01
1210.0000000   -1.9130988426e+01
1220.0000000   -2.2819314510e+01
1230.0000000   -2.9970176239e+01
1240.0000000   -4.0301929035e+01
1250.0000000   -3.0354299941e+01
1260.0000000   -4.4650197253e+01
1270.0000000   -2.2664169172e+01
1280.0000000   -1.9188718192e+01
1290.0000000   -3.2402756151e+01
1300.0000000   -2.8531430672e+01
1310.0000000   -3.8854485245e+01
1320.0000000   -2.6888901428e+01
1330.0000000   -3.5049313294e+01
1340.0000000   -2.3139618547e+01
1350.0000000   -3.0122072596e+01
1360.0000000   -2.7758288660e+01
1370.0000000   -4.4957328004e+01
1380.0000000   -3.7652073495e+01
1390.0000000   -3.9185784379e+01
1400.0000000   -5.6151745317e+01
1410.0000000   -4.5076357638e+01
1420.0000000   -4.4207603550e+01
1430.0000000   -4.5972316233e+01
1440.0000000   -3.0933424178e+01
1450.0000000   -4.9985259481e+01
1460.0000000   -3.2891143945e+01
1470.0000000   -4.3907291901e+01
1480.0000000   -8.3569268499e+01
1490.0000000   -5.0913787345e+01
1500.0000000   -3.7994061527e+01
1510.0000000   -5.6699963174e+01
1520.0000000   -3.3506198082e+01
1530.0000000   -5.4260484459e+01
1540.0000000   -5.1374440680e+01
1550.0000000   -4.7691267453e+01
1560.0000000   -5.6993426396e+01
1570.0000000   -5.2444884818e+01
1580.0000000   -3.8992106438e+01
1590.0000000   -6.2462723060e+01
1600.0000000   -3.9707278575e+01
1610.0000000   -3.4929559894e+01
1620.0000000   -6.5231740461e+01
1630.0000000   -5.2904423608e+01
1640.0000000   -3.1692847126e+01
1650.0000000   -7.9881078671e+01
1660.0000000   -3.3730247477e+01
1670.0000000   -6.9014193334e+01
1680.0000000   -5.0151763380e+01
1690.0000000   -4.4888748585e+01
1700.0000000   -7.7851586932e+01
1710.0000000   -5.4568059207e+01
1720.0000000   -6.6904579079e+01
1730.0000000   -4.4335344402e+01
1740.0000000   -4.4606394287e+01
1750.0000000   -6.9863292976e+01
1760.0000000   -3.0972156021e+01
1770.0000000   -4.9057302193e+01
1780.0000000   -7.4530969455e+01
1790.0000000   -6.3502270277e+01
1800.0000000   -6.6297823123e+01
1810.0000000   -8.6741602211e+01
1820.0000000   -4.9795619789e+01
1830.0000000   -6.0257563889e+01
1840.0000000   -6.3341839503e+01
1850.0000000   -5.3421744542e+01
1860.0000000   -8.4657718908e+01
1870.0000000   -6.6809354633e+01
1880.0000000   -5.7806282894e+01
1890.0000000   -5.9305136894e+01
1900.0000000   -5.6708581193e+01
1910.0000000   -6.5772609319e+01
1920.0000000   -7.4434617111e+01
1930.0000000   -6.6419214317e+01
1940.0000000   -7.4701329109e+01
1950.0000000   -1.0415510255e+02
1960.0000000   -8.0862775384e+01
1970.0000000   -9.3000272736e+01
1980.0000000   -7.8755206209e+01
1990.0000000   -5.8535264751e+01
2000.0000000   -1.0604225446e+02
2010.0000000   -6.6631775027e+01
2020.0000000   -7.6013613254e+01
2030.0000000   -8.4231075573e+01
2040.0000000   -8.1499272541e+01
2050.0000000   -6.8707683402e+01
2060.0000000   -1.0060037157e+02
2070.0000000   -6.1014194870e+01
2080.0000000   -9.9644220955e+01
2090.0000000   -8.8988650628e+01
2100.0000000   -9.3069642827e+01
2110.0000000   -1.1282464266e+02
2120.0000000   -8.3196147264e+01
2130.0000000   -8.5893944753e+01
2140.0000000   -1.0422274625e+02
2150.0000000   -6.4619682946e+01
2160.0000000   -6.4634592283e+01
2170.0000000   -1.0388677810e+02
2180.0000000   -9.3230077819e+01
2190.0000000   -9.7604225095e+01
2200.0000000   -1.1564447198e+02
2210.0000000   -6.3356547636e+01
2220.0000000   -1.0865366715e+02
2230.0000000   -8.3230128588e+01
2240.0000000   -9.9285267920e+01
2250.0000000   -1.2454532250e+02
2260.0000000   -9.2802531196e+01
2270.0000000   -1.2759835280e+02
2280.0000000   -4.9694696487e+01
2290.0000000   -7.6581494192e+01
2300.0000000   -1.0986994097e+02
2310.0000000   -8.0982635013e+01
2320.0000000   -8.9190089548e+01
2330.0000000   -1.4818969692e+02
2340.0000000   -9.9821482617e+01
2350.0000000   -1.2920390625e+02
2360.0000000   -1.3513423906e+02
2370.0000000   -8.6420719950e+01
2380.0000000   -1.0380336184e+02
2390.0000000   -1.0334177919e+02
2400.0000000   -9.7730771436e+01
2410.0000000   -1.4566455229e+02
2420.0000000   -1.2565634698e+02
2430.0000000   -1.0637802440e+02
2440.0000000   -1.1702797293e+02
2450.0000000   -9.7059585233e+01
2460.0000000   -1.2054343782e+02
2470.0000000   -1.0076406226e+02
2480.0000000   -1.0495536362e+02
2490.0000000   -6.9895524143e+01
2500.0000000   -1.4048655541e+02
2510.0000000   -1.2367409724e+02
2520.0000000   -1.4382491212e+02
2530.0000000   -1.0734095650e+02
2540.0000000   -6.9969616892e+01
2550.0000000   -1.6300257805e+02
2560.0000000   -1.2179026926e+02
2570.0000000   -1.6363180850e+02
2580.0000000   -1.3088514763e+02
2590.0000000   -1.1921705898e+02
2600.0000000   -9.8701308965e+01
2610.0000000   -1.3377493323e+02
2620.0000000   -1.0654657638e+02
2630.0000000   -1.7977166480e+02
2640.0000000   -1.2786941336e+02
2650.0000000   -1.3471145877e+02
2660.0000000   -1.8195700689e+02
2670.0000000   -1.1487743922e+02
2680.0000000   -1.3377461882e+02
2690.0000000   -1.4085036264e+02
2700.0000000   -9.6243421798e+01
2710.0000000   -1.5484107673e+02
2720.0000000   -1.2708673584e+02
2730.0000000   -1.5311702667e+02
2740.0000000   -1.6908183811e+02
2750.0000000   -1.4841931617e+02
2760.0000000   -1.3635387079e+02
2770.0000000   -1.2379062389e+02
2780.0000000   -1.1201671424e+02
2790.0000000   -1.7191981937e+02
2800.0000000   -1.6232551057e+02
2810.0000000   -1.3182253755e+02
2820.0000000   -1.9501593197e+02
2830.0000000   -1.1234189440e+02
2840.0000000   -1.4520487463e+02
2850.0000000   -1.5075419370e+02
2860.0000000   -1.2629276022e+02
2870.0000000   -1.0442763374e+02
2880.0000000   -1.8373286353e+02
2890.0000000   -1.4871841927e+02
2900.0000000   -1.9657964607e+02
2910.0000000   -1.6957760921e+02
2920.0000000   -1.2986062931e+02
2930.0000000   -1.6038874120e+02
2940.0000000   -1.3607205858e+02
2950.0000000   -1.5654982518e+02
2960.0000000   -2.0602723787e+02
2970.0000000   -1.6768376530e+02
2980.0000000   -1.6743388640e+02
2990.0000000   -1.9383661643e+02
3000.0000000   -1.3660493703e+02
3010.0000000   -1.6265231281e+02
3020.0000000   -1.1403096193e+02
3030.0000000   -1.6465138863e+02
3040.0000000   -1.6273316532e+02
3050.0000000   -1.8429236441e+02
3060.0000000   -1.7104409915e+02
3070.0000000   -2.0871153219e+02
3080.0000000   -1.4433926110e+02
3090.0000000   -1.1117361692e+02
3100.0000000   -1.8853432293e+02
3110.0000000   -1.7394857065e+02
3120.0000000   -2.2716651704e+02
3130.0000000   -2.0568001440e+02
3140.0000000   -1.6048609453e+02
3150.0000000   -1.8577920062e+02
3160.0000000   -1.5915198975e+02
3170.0000000   -1.3824012273e+02
3180.0000000   -2.2344836543e+02
3190.0000000   -1.7708875088e+02
3200.0000000   -2.6088352092e+02
3210.0000000   -2.3750146171e+02
3220.0000000   -1.5318133922e+02
3230.0000000   -2.3820439289e+02
3240.0000000   -1.8521548342e+02
3250.0000000   -1.4736581995e+02
3260.0000000   -2.6179276176e+02
3270.0000000   -1.8326437614e+02
3280.0000000   -2.2592692560e+02
3290.0000000   -2.1353175705e+02
3300.0000000   -1.6800121442e+02
3310.0000000   -2.0481767733e+02
3320.0000000   -1.5689049494e+02
3330.0000000   -1.5540213814e+02
3340.0000000   -2.4899781076e+02
3350.0000000   -2.1583595672e+02
3360.0000000   -1.5428283458e+02
3370.0000000   -2.6044518561e+02
3380.0000000   -1.7382580741e+02
3390.0000000   -1.6968098146e+02
3400.0000000   -1.1871262716e+02
3410.0000000   -1.6139230497e+02
3420.0000000   -1.2188326176e+02
3430.0000000   -2.8279034759e+02
3440.0000000   -1.9712874328e+02
3450.0000000   -2.6420414390e+02
3460.0000000   -1.8465285471e+02
3470.0000000   -1.8978238494e+02
3480.0000000   -2.4588749420e+02
3490.0000000   -1.7272330405e+02
3500.0000000   -2.5178485716e+02
3510.0000000   -2.7920650893e+02
3520.0000000   -2.1046582866e+02
3530.0000000   -2.9186984208e+02
3540.0000000   -2.4545136371e+02
3550.0000000   -1.5701387253e+02
3560.0000000   -2.5295316472e+02
3570.0000000   -1.5541130475e+02
3580.0000000   -2.2812625135e+02
3590.0000000   -2.2638751356e+02
3600.0000000   -2.2494198958e+02
3610.0000000   -1.5147825140e+02
3620.0000000   -2.3619672211e+02
3630.0000000   -1.7332683046e+02
3640.0000000   -2.2194629833e+02
3650.0000000   -2.2432682182e+02
3660.0000000   -2.3518172219e+02
3670.0000000   -2.7225524131e+02
3680.0000000   -2.3879029056e+02
3690.0000000   -1.9083276765e+02
3700.0000000   -2.2960144687e+02
3710.0000000   -1.7610076355e+02
3720.0000000   -1.4205314244e+02
3730.0000000   -2.4096749860e+02
3740.0000000   -2.2457049810e+02
3750.0000000   -2.6206422054e+02
3760.0000000   -2.8358641518e+02
3770.0000000   -1.5249071364e+02
3780.0000000   -3.0998433251e+02
3790.0000000   -2.0224619738e+02
3800.0000000   -2.0827609785e+02
3810.0000000   -3.0463576628e+02
3820.0000000   -2.2940866856e+02
3830.0000000   -2.7610477243e+02
3840.0000000   -3.1512657451e+02
3850.0000000   -1.9073425617e+02
3860.0000000   -2.5858213956e+02
3870.0000000   -2.1646527721e+02
3880.0000000   -1.9588698117e+02
3890.0000000   -3.0485077828e+02
3900.0000000   -2.5139869481e+02
3910.0000000   -2.6543423551e+02
3920.0000000   -2.3458673578e+02
3930.0000000   -1.8489866377e+02
3940.0000000   -2.7423501863e+02
3950.0000000   -1.4932382571e+02
3960.0000000   -2.0731852056e+02
3970.0000000   -1.8068921299e+02
3980.0000000   -2.7468876212e+02
3990.0000000   -1.6761461061e+02
4000.0000000   -3.0860427763e+02
4010.0000000   -1.7964581355e+02
4020.0000000   -2.4038735445e+02
4030.0000000   -2.6187344174e+02
4040.0000000   -1.8887182738e+02
4050.0000000   -3.3731549981e+02
4060.0000000   -3.0555684849e+02
4070.0000000   -2.5147117550e+02
4080.0000000   -3.8897962339e+02
4090.0000000   -2.4336931139e+02
4100.0000000   -2.0518551408e+02
4110.0000000   -2.7574173052e+02
4120.0000000   -2.0025106925e+02
4130.0000000   -2.6686290747e+02
4140.0000000   -3.4312723214e+02
4150.0000000   -2.6069187010e+02
4160.0000000   -1.3048487454e+02
4170.0000000   -2.5060891326e+02
4180.0000000   -1.9692602391e+02
4190.0000000   -3.2925893534e+02
4200.0000000   -2.4010203829e+02
4210.0000000   -2.8596116678e+02
4220.0000000   -3.4717028688e+02
4230.0000000   -2.7245316413e+02
4240.0000000   -2.5619706156e+02
4250.0000000   -2.6737292568e+02
4260.0000000   -2.0176433838e+02
4270.0000000   -2.6594757639e+02
4280.0000000   -2.7408051960e+02
4290.0000000   -3.0541387091e+02
4300.0000000   -3.2002224510e+02
4310.0000000   -3.2524142013e+02
4320.0000000   -1.9350684031e+02
4330.0000000   -3.7727202760e+02
4340.0000000   -2.1578990415e+02
4350.0000000   -3.1819679987e+02
4360.0000000   -3.8457063736e+02
4370.0000000   -2.9276604013e+02
4380.0000000   -3.7819228883e+02
4390.0000000   -3.5060945746e+02
4400.0000000   -2.1164239271e+02
4410.0000000   -3.0151089697e+02
4420.0000000   -2.3305938201e+02
4430.0000000   -2.1566754943e+02
4440.0000000   -3.4601801753e+02
4450.0000000   -2.7528408581e+02
4460.0000000   -3.7895131730e+02
4470.0000000   -3.1607441847e+02
4480.0000000   -1.6875004289e+02
4490.0000000   -1.1976119914e+02
4500.0000000   -1.9263220097e+02
4510.0000000   -2.2656160493e+02
4520.0000000   -3.6374940324e+02
