#          tintegral inside 0 < R < 50
   0.0000000    0.0000000000e+00
 160.0000000    2.4161762390e-03
 320.0000000    1.3087729985e-03
 480.0000000    1.3768460693e-03
 640.0000000   -7.9697414701e-05
 800.0000000    1.0277267542e-03
 960.0000000   -5.2904110393e-06
1120.0000000    2.1374837100e-03
1280.0000000   -4.1546492945e-04
1440.0000000    2.3543952041e-03
1600.0000000   -5.8263707937e-03
1760.0000000    6.6907534344e-03
1920.0000000   -6.8198573961e-03
2080.0000000   -1.9045593491e-03
2240.0000000   -1.1904495516e-02
2400.0000000   -2.8559752716e-03
2560.0000000   -3.2886862588e-03
2720.0000000    1.7347731423e-03
2880.0000000   -4.8027027748e-03
3040.0000000    3.3089855150e-03
3200.0000000   -1.7822661700e-02
3360.0000000    1.0481181255e-02
3520.0000000   -5.5835515770e-03
3680.0000000    2.9130029774e-03
3840.0000000   -8.7429205752e-03
4000.0000000   -2.9639670684e-03
4160.0000000    2.3524497162e-02
4320.0000000    2.3275077289e-02
4480.0000000    9.8648388256e-03
4640.0000000    2.3745521305e-03
4800.0000000    1.2731521252e-02
4960.0000000    1.9422348743e-02
5120.0000000    2.6740644926e-02
5280.0000000   -1.7543523467e-03
5440.0000000    2.6703264641e-02
5600.0000000    3.8284222056e-03
5760.0000000    5.7948362356e-03
5920.0000000    4.4325362589e-03
6080.0000000    3.3539495256e-02
6240.0000000    1.2866525170e-02
6400.0000000    7.0732594479e-03
6560.0000000    1.0173335041e-02
6720.0000000    1.5796500368e-02
6880.0000000    1.0437453922e-02
7040.0000000    1.9670692993e-02
7200.0000000    6.4369798313e-03
7360.0000000    1.1663105302e-02
7520.0000000    7.0427930776e-03
7680.0000000    7.4724623612e-03
7840.0000000    8.8914424817e-03
8000.0000000    5.4767859582e-03
8160.0000000    8.5865310043e-03
8320.0000000    2.1703891280e-03
8480.0000000    6.7459689982e-03
8640.0000000    1.6626744674e-03
8800.0000000    8.9613949229e-04
8960.0000000    2.8189704918e-03
9120.0000000    1.7197407192e-03
9280.0000000    1.2277724276e-03
9440.0000000    2.7817532907e-03
9600.0000000    2.8912793210e-04
9760.0000000    4.4239603816e-03
9920.0000000   -2.1522579221e-03
10080.0000000    4.8702203828e-03
10240.0000000   -5.1024663380e-03
10400.0000000   -3.0341123021e-03
10560.0000000   -1.6750521770e-03
10720.0000000   -5.6864892852e-03
10880.0000000   -4.0284550175e-03
11040.0000000   -5.4017277814e-03
11200.0000000   -6.1738456706e-03
11360.0000000   -3.6363805297e-03
11520.0000000   -3.3278905239e-03
11680.0000000   -9.2926521923e-03
11840.0000000   -7.5467592635e-03
12000.0000000   -8.2317374253e-03
12160.0000000   -1.9124060033e-02
12320.0000000    8.2490106512e-03
12480.0000000   -1.0965649364e-02
12640.0000000    1.3113923885e-02
12800.0000000   -5.3517079368e-03
12960.0000000    3.2669530219e-03
13120.0000000    4.6218756632e-03
13280.0000000    8.7107919205e-03
13440.0000000    2.1709740454e-02
13600.0000000    9.6762227186e-03
13760.0000000    4.0406618926e-03
13920.0000000    1.2358612886e-02
14080.0000000    4.5446295731e-02
14240.0000000    2.2052766725e-02
14400.0000000    1.2204030692e-02
14560.0000000    1.3037357198e-02
14720.0000000    2.0400244776e-02
14880.0000000    2.6661312142e-02
15040.0000000    2.2544539803e-02
15200.0000000    9.1970575476e-03
15360.0000000    1.1237823639e-02
15520.0000000    1.8022241878e-02
15680.0000000    6.8712446167e-04
15840.0000000    1.4289451821e-02
16000.0000000    1.1642497393e-02
16160.0000000    7.2306305337e-03
16320.0000000    2.1901991974e-03
16480.0000000    7.0147520947e-03
16640.0000000    4.9783270610e-03
16800.0000000    5.9917985725e-03
16960.0000000    3.3362829045e-03
17120.0000000    5.4599977019e-03
17280.0000000    6.1309232017e-03
17440.0000000   -3.0349976204e-03
17600.0000000    3.4954183735e-03
17760.0000000    3.9525504311e-03
17920.0000000    1.0004513565e-04
18080.0000000    1.1065425910e-03
18240.0000000   -4.1966028261e-03
18400.0000000    2.3355693070e-03
18560.0000000   -3.5798400620e-03
18720.0000000    8.0056620149e-05
18880.0000000   -5.5873128079e-03
19040.0000000    3.9735151416e-04
19200.0000000   -9.4682686107e-03
19360.0000000    4.7797626463e-03
19520.0000000   -1.7348773027e-03
19680.0000000   -2.2589544805e-03
19840.0000000   -1.1036322681e-02
20000.0000000   -9.4989957822e-03
20160.0000000   -1.0508202306e-02
20320.0000000   -2.0143040488e-02
20480.0000000   -7.0464020289e-03
20640.0000000   -6.4778442052e-03
20800.0000000   -1.9032318905e-02
20960.0000000   -3.9885330358e-03
21120.0000000   -7.0788591754e-03
21280.0000000    3.6547414807e-03
21440.0000000    7.8049723880e-03
21600.0000000    5.8500183898e-03
21760.0000000    1.5720664578e-02
21920.0000000    4.9742997918e-03
22080.0000000    3.0853605498e-02
22240.0000000    4.5702135085e-02
22400.0000000    2.1414022739e-02
22560.0000000    6.2478614629e-03
22720.0000000    2.1823670935e-02
22880.0000000    1.8899336511e-02
23040.0000000    1.7018355174e-02
23200.0000000    2.2208769241e-02
23360.0000000    2.0934301559e-02
23520.0000000    1.7374831173e-02
23680.0000000    2.6418792903e-02
23840.0000000    1.3285838828e-02
24000.0000000    1.5943572674e-02
24160.0000000    9.4658939632e-03
24320.0000000    1.1641233326e-02
24480.0000000    1.3592379046e-02
24640.0000000    7.9479197706e-03
24800.0000000    6.7176925418e-03
24960.0000000    1.1945538636e-02
25120.0000000    1.0711713893e-02
25280.0000000    1.1986787212e-02
25440.0000000    6.0454578923e-03
25600.0000000    1.3383418940e-02
25760.0000000    6.3545704464e-03
25920.0000000    7.3718244497e-03
26080.0000000    8.8867340291e-04
26240.0000000    1.1664230894e-02
26400.0000000    1.6542355453e-04
26560.0000000    2.2196984288e-03
26720.0000000    2.1283796353e-03
26880.0000000    3.6692280152e-03
27040.0000000   -9.1104168352e-04
27200.0000000   -2.7878249402e-03
27360.0000000    2.6977935455e-03
27520.0000000    3.8578892254e-03
27680.0000000    1.4438473494e-03
27840.0000000   -2.7928046065e-03
28000.0000000   -9.6341268887e-03
28160.0000000    8.6489434422e-03
28320.0000000   -4.7811849975e-03
28480.0000000   -1.1967400883e-02
28640.0000000    5.3854316200e-03
28800.0000000   -3.2736214994e-02
28960.0000000   -1.3024058489e-02
29120.0000000    5.3330429172e-03
29280.0000000    6.6234756473e-03
29440.0000000   -1.3850976353e-02
29600.0000000    1.1242886295e-02
29760.0000000   -9.5534477016e-03
29920.0000000   -6.0952447499e-03
30080.0000000    1.7203904792e-02
30240.0000000    3.4938071898e-02
30400.0000000    4.0292152912e-02
30560.0000000    4.3188621561e-02
30720.0000000    5.4409466195e-02
30880.0000000    3.4215423895e-02
31040.0000000    2.6575871414e-02
31200.0000000    1.9045719326e-02
31360.0000000    2.2430459274e-02
31520.0000000    3.2939150970e-02
31680.0000000    2.6587080228e-02
31840.0000000    3.0007910986e-02
32000.0000000    1.3667137200e-02
32160.0000000    2.4704959273e-02
32320.0000000    2.6224121830e-02
32480.0000000    2.8375076302e-02
