  10.0000000    1.0918109801e+00   -2.0492825524e-08
  20.0000000    5.4525999682e-02    1.1176524982e-07
  30.0000000    3.1139890164e+00    1.1215099473e-06
  40.0000000    4.6793871988e-01    1.5161858361e-07
  50.0000000    4.4898281141e+00    3.7086765962e-04
  60.0000000    1.7805352529e+00    8.7569663979e-04
  70.0000000    5.0178755526e+00    1.1557426717e-03
  80.0000000    5.9617006850e+00    4.1462329289e-03
  90.0000000    7.5222650899e+00   -4.7958861910e-03
 100.0000000    8.8678205300e+00    2.9989542321e-03
 110.0000000    8.2621021700e+00    2.0388650873e-03
 120.0000000    1.1654682248e+01    5.2589502159e-04
 130.0000000    7.1633417729e+00   -2.1601972788e-02
 140.0000000    1.4643265752e+01    2.3284009182e-03
 150.0000000    4.8422542361e+00    7.9270184515e-04
 160.0000000    1.8218683547e+01    5.7443455271e-03
 170.0000000    2.1731374410e+00    3.1078080316e-02
 180.0000000    2.1623228750e+01    1.9765095595e-02
 190.0000000   -5.8892863718e-01    5.5002796244e-03
 200.0000000    2.4501439091e+01    1.9408533576e-02
 210.0000000   -2.9522551149e+00   -1.9496836854e-02
 220.0000000    2.6579924435e+01    3.9604620871e-03
 230.0000000   -4.1530193874e+00    5.3325519979e-03
 240.0000000    2.7376536948e+01   -2.2393792157e-03
 250.0000000   -4.1680393888e+00    4.2203955069e-03
 260.0000000    2.7108941454e+01   -1.4038471537e-02
 270.0000000   -3.0981503724e+00    1.6797048997e-02
 280.0000000    2.5284454423e+01    9.9121286873e-03
 290.0000000   -1.7475000804e-01   -3.3130593805e-03
 300.0000000    2.1764146016e+01    3.9839697913e-03
 310.0000000    4.7295054641e+00   -1.0865347228e-02
 320.0000000    1.7104543795e+01   -2.4919944277e-04
 330.0000000    9.6576623705e+00    5.2953433598e-03
 340.0000000    1.1370892944e+01    1.4919559506e-02
 350.0000000    1.5707966180e+01   -1.4026414574e-04
 360.0000000    5.4672728755e+00   -8.3484378640e-03
 370.0000000    2.1367203522e+01    1.0471111541e-03
 380.0000000   -4.4785478306e-01    3.3204542474e-03
 390.0000000    2.7449606326e+01    1.8157636182e-02
 400.0000000   -5.6727501138e+00   -2.0336056096e-02
 410.0000000    3.1911541567e+01    8.9717507550e-03
 420.0000000   -9.3134443311e+00    1.1865231000e-02
 430.0000000    3.4909926059e+01   -6.7789888202e-03
 440.0000000   -1.1716512115e+01   -1.1064203364e-03
 450.0000000    3.6196837929e+01   -7.8408909649e-02
 460.0000000   -1.1607006651e+01    2.5630063393e-02
 470.0000000    3.4917784636e+01   -1.8480242423e-02
 480.0000000   -9.0678031703e+00    3.9553559156e-03
 490.0000000    3.2148041125e+01    1.0479508090e-01
 500.0000000   -5.7074508562e+00    2.0134134480e-02
 510.0000000    2.6561762323e+01   -6.6220739106e-03
 520.0000000    1.3765540672e+00    8.1693658849e-03
 530.0000000    1.9653660194e+01    7.1730453976e-03
 540.0000000    9.1081766167e+00    1.5934114048e-02
 550.0000000    1.1777614634e+01    1.3829668747e-02
 560.0000000    1.7000877203e+01    5.5235957510e-03
 570.0000000    3.4536241751e+00    2.1671191201e-03
 580.0000000    2.5697241827e+01    2.5058435003e-02
 590.0000000   -4.3595708792e+00   -1.4328535865e-02
 600.0000000    3.3589019083e+01   -3.6244825399e-02
 610.0000000   -1.1365442077e+01    8.0244709755e-03
 620.0000000    3.9534383305e+01   -2.4477737187e-02
 630.0000000   -1.5778057380e+01    2.4672923645e-02
 640.0000000    4.2664070815e+01    3.8456141578e-03
 650.0000000   -1.8067234356e+01    6.2672718856e-03
 660.0000000    4.4061418698e+01    1.5514349698e-02
 670.0000000   -1.7867095187e+01    1.5399957718e-02
 680.0000000    4.2836690094e+01   -4.5606779719e-02
 690.0000000   -1.4930590520e+01    1.5500713102e-02
 700.0000000    3.7838642218e+01    4.3306372848e-03
 710.0000000   -9.0625007945e+00    1.4180411711e-02
 720.0000000    3.1402044446e+01    4.5072887386e-02
 730.0000000   -3.2640736920e-01    2.7663181878e-02
 740.0000000    2.1905229339e+01    4.5278640613e-02
 750.0000000    1.0045395134e+01    2.1424118040e-02
 760.0000000    1.1702560070e+01   -1.5607836342e-01
 770.0000000    2.0806064763e+01    9.8427227769e-03
 780.0000000    1.0595530105e+00   -8.8792994649e-03
 790.0000000    3.1633871096e+01    1.0794793207e-02
 800.0000000   -8.6876453242e+00    5.9195600374e-02
 810.0000000    4.0914077239e+01   -3.0504642846e-02
 820.0000000   -1.7335277256e+01    3.9142028259e-02
 830.0000000    4.8118701470e+01    1.2212615299e-02
 840.0000000   -2.2975914663e+01   -2.0713603493e-03
 850.0000000    5.2552522543e+01   -3.3099111868e-03
 860.0000000   -2.4680501338e+01   -1.2273312188e-02
 870.0000000    5.3680500869e+01    2.9882603691e-02
 880.0000000   -2.4098683362e+01    1.4009512180e-02
 890.0000000    5.0445768040e+01    4.3927713832e-02
 900.0000000   -2.0118004545e+01    4.1643941373e-03
 910.0000000    4.5049396705e+01   -2.1795948264e-02
 920.0000000   -1.2661594854e+01   -3.0053185478e-02
 930.0000000    3.5630978493e+01    2.9362524645e-02
 940.0000000   -1.9450464750e+00    2.7263117163e-02
 950.0000000    2.4243834203e+01   -4.5581892711e-02
 960.0000000    1.0553114011e+01    3.4286752731e-02
 970.0000000    1.1460282825e+01    2.7876445938e-03
 980.0000000    2.3787755054e+01    1.7817521943e-02
 990.0000000   -1.5914664801e+00    1.3721770438e-02
1000.0000000    3.6640798299e+01   -7.6110467363e-02
1010.0000000   -1.3492715968e+01    1.4938125766e-02
1020.0000000    4.7685283134e+01   -3.2526155179e-03
1030.0000000   -2.3262668773e+01   -3.9237152590e-02
1040.0000000    5.7314865912e+01    1.2167912314e-01
1050.0000000   -3.0956650488e+01    5.1803711712e-02
1060.0000000    6.1771821385e+01    9.7064550373e-03
1070.0000000   -3.3568439183e+01   -3.1833070256e-02
1080.0000000    6.2333114637e+01    6.4019364683e-03
1090.0000000   -3.1064328421e+01    2.0790309185e-02
1100.0000000    5.9425534364e+01   -9.5819052028e-04
1110.0000000   -2.6471360287e+01    5.5355051979e-02
1120.0000000    5.2051604839e+01    2.3334211520e-02
1130.0000000   -1.6043344082e+01   -3.8342108942e-04
1140.0000000    4.0642050722e+01   -2.2450534259e-02
1150.0000000   -2.9572776910e+00    7.4552245841e-03
1160.0000000    2.7126418763e+01   -3.9574847392e-02
1170.0000000    1.1901657937e+01    8.8952484533e-03
1180.0000000    1.1510442284e+01    6.1704959833e-02
1190.0000000    2.7633662501e+01   -1.9504562231e-02
1200.0000000   -4.0070390042e+00    2.7755007695e-02
1210.0000000    4.2539333545e+01    3.0741632530e-02
1220.0000000   -1.8248631014e+01    4.3568880157e-02
1230.0000000    5.6508634341e+01   -4.9135881512e-02
1240.0000000   -3.0000332714e+01    5.3462934839e-02
1250.0000000    6.6240144509e+01    6.9735858932e-03
1260.0000000   -3.8732747425e+01    8.3393997573e-03
1270.0000000    7.2979555005e+01    5.1818019473e-02
1280.0000000   -4.1412995418e+01    2.5328959319e-02
1290.0000000    7.3687707323e+01    1.1186447945e-01
1300.0000000   -3.9071583661e+01    1.0648818369e-02
1310.0000000    6.9633775249e+01   -3.8511773015e-01
1320.0000000   -3.2505352301e+01   -3.6409244132e-04
1330.0000000    5.9766749217e+01   -8.3304769304e-02
1340.0000000   -1.9543836161e+01   -2.4472106822e-02
1350.0000000    4.5881417536e+01    1.4577623581e-01
1360.0000000   -5.3414295613e+00    9.6863355087e-03
1370.0000000    3.0344862712e+01    7.1420398701e-02
1380.0000000    1.2085870197e+01    3.4428236432e-02
1390.0000000    1.2034434459e+01   -2.3693409007e-02
1400.0000000    2.9888351389e+01    2.0655340039e-02
1410.0000000   -6.1707398792e+00    1.7698467861e-02
1420.0000000    4.8019796594e+01    6.9393682916e-02
1430.0000000   -2.3008324252e+01    2.0915128209e-02
1440.0000000    6.4135802886e+01    3.0479555084e-02
1450.0000000   -3.7304812853e+01   -5.2516126578e-02
1460.0000000    7.6453651158e+01    1.0101266688e-02
1470.0000000   -4.6392100101e+01   -9.8481804817e-02
1480.0000000    8.2086870431e+01    6.7967110087e-02
1490.0000000   -5.1255221561e+01    3.9171976516e-02
1500.0000000    8.3865569231e+01   -1.0001547807e-02
1510.0000000   -4.8772854281e+01    5.4575249450e-02
1520.0000000    7.9462271949e+01   -1.2057904092e-02
1530.0000000   -4.0282887588e+01    2.1168871984e-02
1540.0000000    6.9226904755e+01    7.6266836401e-02
1550.0000000   -2.7467230016e+01   -6.1894110841e-03
1560.0000000    5.2929222893e+01   -4.7712180091e-02
1570.0000000   -9.6453795393e+00    5.2379020906e-02
1580.0000000    3.4156791737e+01   -1.0368742718e-02
1590.0000000    1.1504136432e+01    5.3171906476e-02
1600.0000000    1.3073405547e+01    9.8024708467e-02
1610.0000000    3.2920183869e+01   -1.4366019130e-02
1620.0000000   -8.4509359388e+00   -2.1649189628e-01
1630.0000000    5.2314943630e+01   -1.4134345871e-02
1640.0000000   -2.7432838209e+01    1.9379858949e-02
1650.0000000    7.1097497895e+01   -3.9953630692e-03
1660.0000000   -4.3780705207e+01    1.0225234526e-01
1670.0000000    8.6056504221e+01    2.5137129473e-02
1680.0000000   -5.4538925552e+01    1.8587548710e-02
1690.0000000    9.3684398044e+01   -4.3822598403e-02
1700.0000000   -5.8867572358e+01   -9.5038304440e-02
1710.0000000    9.4739583713e+01   -2.0932615700e-01
1720.0000000   -5.6572825432e+01    4.7114407992e-02
1730.0000000    9.0001774426e+01    7.8189020309e-03
1740.0000000   -4.6789670335e+01   -2.6415485211e-02
1750.0000000    7.8335496132e+01    1.1353326798e-01
1760.0000000   -3.2054745355e+01    6.1228063164e-02
1770.0000000    6.0682788714e+01    5.4101232244e-02
1780.0000000   -1.3898530641e+01    4.0481605481e-03
1790.0000000    3.8704683165e+01    7.7420168799e-02
1800.0000000    1.0404951363e+01    3.0158237823e-02
1810.0000000    1.4709248545e+01   -7.0264371574e-02
1820.0000000    3.4450642439e+01    3.7775111098e-02
1830.0000000   -9.7074647207e+00   -3.0571266689e-02
1840.0000000    5.9491836485e+01    9.0061457150e-02
1850.0000000   -3.1738872368e+01   -6.9666544014e-03
1860.0000000    8.0151198119e+01   -3.7068240219e-01
1870.0000000   -4.9754566372e+01   -7.1462335679e-02
1880.0000000    9.6287118070e+01   -5.0114434635e-02
1890.0000000   -6.1385181827e+01   -1.0910866603e-01
1900.0000000    1.0358287622e+02    2.1217154730e-01
1910.0000000   -6.8259663211e+01    6.8483393829e-02
1920.0000000    1.0870662940e+02   -1.9757464072e-02
1930.0000000   -6.6733348810e+01    7.2499980579e-02
1940.0000000    1.0202392403e+02   -1.1006629735e-02
1950.0000000   -5.9235049591e+01    9.0105774960e-02
1960.0000000    8.8300727003e+01    2.4481233215e-02
1970.0000000   -4.3062205097e+01    1.1337121956e-01
1980.0000000    6.8916747114e+01   -4.1731592530e-02
1990.0000000   -1.6318625480e+01   -3.5718164166e-02
2000.0000000    4.4746635293e+01   -5.3747907523e-02
2010.0000000    8.6512817694e+00    6.3858265281e-02
2020.0000000    1.7174975917e+01   -3.2258231354e-01
2030.0000000    3.4655979781e+01    6.3422537496e-02
2040.0000000   -1.0885278486e+01   -5.1414096151e-02
2050.0000000    6.4432334224e+01    5.0147658760e-02
2060.0000000   -3.6613441617e+01    1.8543172937e-01
2070.0000000    8.7590912528e+01   -3.5561526555e-03
2080.0000000   -5.7402940085e+01   -3.0653454033e-02
2090.0000000    1.0704011112e+02    8.5408410428e-02
2100.0000000   -7.2521838392e+01    2.3334237572e-02
2110.0000000    1.1626649546e+02   -3.4486294126e-02
2120.0000000   -7.8728485598e+01   -3.7437276600e-03
2130.0000000    1.2070630659e+02    7.4917747860e-02
2140.0000000   -7.8416607550e+01    5.7688059254e-02
2150.0000000    1.1438147331e+02    1.4170779840e-01
2160.0000000   -6.6406562678e+01    4.5390495824e-02
2170.0000000    1.0096899099e+02   -4.3338139515e-01
2180.0000000   -5.0059593072e+01   -8.7916427337e-03
2190.0000000    7.7731813078e+01   -2.7486549033e-02
2200.0000000   -2.3211183086e+01    6.5319724698e-02
2210.0000000    5.0532677973e+01    8.1598640869e-02
2220.0000000    8.0271491814e+00    9.6923109574e-02
2230.0000000    2.0352750569e+01    2.6935397013e-02
2240.0000000    3.8445854289e+01    1.9149095721e-02
2250.0000000   -1.0772926370e+01   -3.1510354976e-01
2260.0000000    6.7094615713e+01   -1.4573602973e-01
2270.0000000   -3.9645734591e+01   -4.1258088094e-03
2280.0000000    9.6565887837e+01   -8.7480405012e-02
2290.0000000   -6.3418152154e+01   -8.2322084394e-02
2300.0000000    1.1719551609e+02    1.6943285567e-01
2310.0000000   -8.0031254100e+01    7.2851874424e-02
2320.0000000    1.3105284985e+02    1.7259008669e-02
2330.0000000   -9.1712610229e+01   -1.8522051869e-02
2340.0000000    1.3312353287e+02    5.0078138098e-02
2350.0000000   -8.7646344893e+01    1.3268934281e-03
2360.0000000    1.2929198077e+02    1.5000806864e-02
2370.0000000   -7.9033348639e+01    2.5488536033e-02
2380.0000000    1.1328301144e+02   -1.4333383993e-01
2390.0000000   -5.7737667047e+01    8.6607580848e-02
2400.0000000    8.9268387116e+01   -1.0915312162e-01
2410.0000000   -3.0003134633e+01   -6.1347036822e-02
2420.0000000    5.8829080195e+01   -1.5981253278e-01
2430.0000000    5.1739685523e+00    4.0699020715e-03
2440.0000000    2.4761094120e+01   -8.8757926147e-02
2450.0000000    3.7658714595e+01    1.0635887741e-01
2460.0000000   -1.0063930060e+01    1.4674602886e-01
2470.0000000    7.3921923393e+01   -2.2240223832e-02
2480.0000000   -4.3146236826e+01    3.9199079638e-02
2490.0000000    1.0280514383e+02   -4.2280428133e-02
2500.0000000   -7.2396908079e+01    1.2763636031e-01
2510.0000000    1.2870480690e+02    4.6963558027e-02
2520.0000000   -9.3921126388e+01    2.1229048428e-01
2530.0000000    1.4346716244e+02   -7.5501912162e-02
2540.0000000   -9.9034566121e+01   -4.4772126161e-02
2550.0000000    1.5017109994e+02   -5.8439995758e-02
2560.0000000   -1.0202679653e+02    1.6592378794e-02
2570.0000000    1.4275854585e+02   -5.1415377544e-01
2580.0000000   -9.0137719054e+01    2.7288735147e-02
2590.0000000    1.2790994101e+02   -1.0296950736e-01
2600.0000000   -6.5646611010e+01    3.9167902128e-02
2610.0000000    1.0180944573e+02    5.1767899548e-01
2620.0000000   -4.0664049090e+01    8.9421179387e-02
2630.0000000    6.7986518111e+01   -1.3771759031e-01
2640.0000000   -1.5156259938e+00    5.3926755116e-02
2650.0000000    3.0576943173e+01    3.2653797139e-02
2660.0000000    3.5446067047e+01    8.2665558065e-02
2670.0000000   -8.3479929931e+00   -9.7477994955e-02
2680.0000000    7.4802565731e+01    1.7428293788e-01
2690.0000000   -4.5991568035e+01    1.4433325879e-01
2700.0000000    1.0968969534e+02    1.7085161477e-01
2710.0000000   -7.6517719805e+01   -2.1839105587e-02
2720.0000000    1.4015271375e+02   -3.4643512282e-01
2730.0000000   -1.0140416761e+02   -1.0502094238e-02
2740.0000000    1.5648922916e+02   -9.0467016280e-03
2750.0000000   -1.1266722909e+02    7.1468248258e-02
2760.0000000    1.6200361158e+02    3.0446122842e-02
2770.0000000   -1.1111528887e+02   -3.6045318610e-02
2780.0000000    1.5942195307e+02   -5.5813955937e-02
2790.0000000   -1.0103666481e+02    1.2766061828e-02
2800.0000000    1.4288139696e+02   -4.1366276235e-01
2810.0000000   -8.1424128267e+01    5.3831697298e-02
2820.0000000    1.1485974648e+02    1.0736802448e-02
2830.0000000   -4.8265091916e+01    6.3027293486e-02
2840.0000000    7.9266357654e+01    2.8648154607e-02
2850.0000000   -8.6784840273e+00    1.2180295066e-01
2860.0000000    3.7511663221e+01   -6.9487368135e-02
2870.0000000    3.5470522378e+01    2.4363652836e-02
2880.0000000   -5.9946305851e+00   -2.9962639797e-01
2890.0000000    7.7177902687e+01    2.4267830564e-02
2900.0000000   -4.6810969033e+01   -1.4001201969e-02
2910.0000000    1.1899483729e+02   -3.0780211752e-02
2920.0000000   -8.3847498011e+01    2.8820012196e-01
2930.0000000    1.5001491617e+02   -1.0571286906e-01
2940.0000000   -1.1166124810e+02    1.1794749820e-01
2950.0000000    1.7116947864e+02   -3.1978718415e-02
2960.0000000   -1.2663244989e+02    2.1906698368e-02
2970.0000000    1.7925854808e+02   -2.2323053360e-01
2980.0000000   -1.2514263062e+02   -1.4630891422e-01
2990.0000000    1.7527724448e+02   -9.9734137870e-02
3000.0000000   -1.1508808047e+02   -3.6641299748e-02
3010.0000000    1.5877097390e+02    1.8036358658e-01
3020.0000000   -9.3405009809e+01    8.5363757382e-02
3030.0000000    1.2986822270e+02   -6.6154703592e-02
3040.0000000   -6.0385415373e+01   -2.0826298448e-01
3050.0000000    9.1986924610e+01    2.2468105551e-01
3060.0000000   -1.6172197975e+01    6.4164540120e-02
3070.0000000    4.6622388546e+01    1.8332901548e-01
3080.0000000    2.9080257282e+01    1.1418881450e-01
3090.0000000   -1.1307771880e+00   -1.6312168200e-02
3100.0000000    7.8027646360e+01   -7.6004359479e-03
3110.0000000   -4.8345531788e+01   -1.0589375219e-01
3120.0000000    1.2052760931e+02   -4.2133622824e-01
3130.0000000   -8.7101611222e+01    7.0965122394e-02
3140.0000000    1.5799492103e+02    5.2758198795e-02
3150.0000000   -1.1663386944e+02   -1.6056493417e-01
3160.0000000    1.8540648589e+02    5.4503744305e-01
3170.0000000   -1.4118982168e+02    3.0984239226e-01
3180.0000000    1.9453843858e+02   -1.1535571925e-01
3190.0000000   -1.4255062745e+02    1.0616062391e-02
3200.0000000    1.9272139466e+02    6.5932553088e-02
3210.0000000   -1.3038362035e+02    1.1909671659e-01
3220.0000000    1.7556206078e+02   -7.3535776409e-03
3230.0000000   -1.0987225996e+02    1.8571658832e-01
3240.0000000    1.4778542292e+02    1.1962887051e-01
3250.0000000   -7.2017569288e+01    5.8646817543e-04
3260.0000000    1.0492606922e+02   -2.0420400354e-01
3270.0000000   -2.3943370747e+01   -6.6882832842e-03
3280.0000000    5.6717015778e+01   -1.9252845512e-01
3290.0000000    2.7073315881e+01    4.7695996560e-02
3300.0000000    4.5245870343e+00   -4.7446640240e-02
3310.0000000    7.8020414384e+01    2.0426250830e-02
3320.0000000   -4.5748810602e+01   -3.4385335658e-02
3330.0000000    1.2811321865e+02   -2.3798541161e-02
3340.0000000   -9.1374598596e+01    2.6441348019e-02
3350.0000000    1.7035443980e+02   -2.6673781066e-01
3360.0000000   -1.2732283559e+02    1.1657016173e-01
3370.0000000    1.9960353209e+02    1.6378451826e-01
3380.0000000   -1.5329229852e+02    3.4540541262e-01
3390.0000000    2.1631189587e+02   -9.2814174553e-03
3400.0000000   -1.5901346209e+02    2.4461254750e-02
3410.0000000    2.1190491045e+02    1.3257707520e-01
3420.0000000   -1.4619795293e+02   -6.2539868197e-02
3430.0000000    1.9880902196e+02   -7.5554063656e-01
3440.0000000   -1.2198993879e+02   -9.5077004292e-02
3450.0000000    1.6515245926e+02   -5.1214980437e-02
3460.0000000   -8.0595985361e+01   -9.1477150180e-02
3470.0000000    1.2115369684e+02    5.3135163957e-01
3480.0000000   -3.2144013391e+01    1.1006261260e-01
3490.0000000    6.9445952916e+01   -5.2161348801e-02
3500.0000000    2.3399064929e+01    5.1519595988e-02
3510.0000000    1.1709705205e+01   -3.0211853300e-01
3520.0000000    7.7851025624e+01   -3.0609031815e-02
3530.0000000   -4.3460165489e+01   -1.1167779388e-01
3540.0000000    1.3284541774e+02    6.2973862686e-02
3550.0000000   -9.3499975794e+01    4.4410911040e-02
3560.0000000    1.8093046992e+02    1.0037198642e-01
3570.0000000   -1.3707704367e+02    3.3599856363e-02
3580.0000000    2.1492533395e+02    9.4043182430e-02
3590.0000000   -1.6409117890e+02   -3.1308066585e-01
3600.0000000    2.3432951822e+02    1.3290634776e-01
3610.0000000   -1.7501453468e+02    2.2952092381e-02
3620.0000000    2.3897651745e+02   -1.2070562352e-01
3630.0000000   -1.6864004733e+02    2.5740911358e-01
3640.0000000    2.1950700436e+02   -1.4207134047e-02
3650.0000000   -1.4258225445e+02    8.7041923649e-02
3660.0000000    1.9027899463e+02   -7.0785056659e-02
3670.0000000   -1.0378435341e+02    3.2842235153e-02
3680.0000000    1.4036090740e+02    1.7833571603e-02
3690.0000000   -5.0247696789e+01    1.6300865157e-01
3700.0000000    8.4033935981e+01   -3.7441688782e-01
3710.0000000    1.0712222341e+01    1.9315894646e-01
3720.0000000    2.1741654409e+01    4.7715153956e-01
3730.0000000    7.1125437730e+01    5.0091775651e-02
3740.0000000   -4.1354313792e+01   -1.8813832972e-01
3750.0000000    1.3144718700e+02   -3.0064533845e-02
3760.0000000   -9.6748286914e+01    1.8967271093e-01
3770.0000000    1.8452125688e+02    1.2718486555e-01
3780.0000000   -1.4713116745e+02    4.4761120279e-01
3790.0000000    2.3000183665e+02    1.0790724374e-01
3800.0000000   -1.7769912864e+02   -2.7296152991e-01
3810.0000000    2.5099160193e+02   -1.5547389656e-01
3820.0000000   -1.9276418778e+02   -2.0274027264e-01
3830.0000000    2.5729519967e+02   -4.3283462268e-01
3840.0000000   -1.8771791385e+02    2.2596539658e-01
3850.0000000    2.4146269316e+02   -6.0787399393e-02
3860.0000000   -1.6058472580e+02    1.4910793462e-01
3870.0000000    2.0900709928e+02    8.3431469082e-02
3880.0000000   -1.2256196204e+02    1.9675111213e-01
3890.0000000    1.6139405625e+02    2.2578902880e-01
3900.0000000   -6.8229047763e+01   -1.8549616124e-02
3910.0000000    1.0074824695e+02    1.1795599911e-01
3920.0000000   -3.1635507174e+00    1.1778153153e-01
3930.0000000    3.3870678007e+01    3.1985716160e-01
3940.0000000    6.5012489283e+01   -3.8834934587e-02
3950.0000000   -3.5141257204e+01   -2.9005407589e-02
3960.0000000    1.3047201275e+02    3.0773242944e-01
3970.0000000   -9.6901008381e+01    1.4802828838e-02
3980.0000000    1.9153941676e+02   -7.4676419216e-01
3990.0000000   -1.4986844860e+02   -2.2408961387e-01
4000.0000000    2.3750184470e+02   -8.1025137009e-03
   1.2500000    4.6697732502e-03   -4.6843200583e-12
   2.5000000    3.4423139525e-02   -2.8050515551e-10
   3.7500000    1.1233397964e-01   -1.4209404745e-09
   5.0000000    2.4883062556e-01   -4.1872408398e-09
   6.2500000    4.3805798038e-01   -9.7890390419e-09
   7.5000000    6.6132080141e-01   -1.8262749153e-08
   8.7500000    8.8569030183e-01   -1.9219977210e-08
  10.0000000    1.0918109801e+00   -2.0492825524e-08
  11.2500000    1.2250769375e+00   -7.9215851640e-09
  12.5000000    1.2640437361e+00    9.7425822458e-09
  13.7500000    1.2034276149e+00    3.9822753894e-09
  15.0000000    1.0211729671e+00    1.3198374031e-07
  16.2500000    7.6886012585e-01    2.6579546262e-07
  17.5000000    4.9099988193e-01    2.6954342497e-07
  18.7500000    2.2920840875e-01    2.5153968787e-07
  20.0000000    5.4525999682e-02    1.1176524982e-07
  21.2500000    1.4994873651e-03   -3.4139800324e-09
  22.5000000    1.0947103020e-01   -4.8885699725e-08
  23.7500000    3.8597249928e-01    1.0028087478e-08
  25.0000000    8.3351894499e-01    1.2022425093e-07
  26.2500000    1.4006935942e+00    3.4017789101e-07
  27.5000000    2.0143487118e+00    6.8504721519e-07
  28.7500000    2.6126113631e+00    9.2581692228e-07
  30.0000000    3.1139890164e+00    1.1215099473e-06
  31.2500000    3.4320909549e+00    1.1786832403e-06
  32.5000000    3.5218049564e+00    1.3471393539e-06
  33.7500000    3.3815811297e+00    1.4766840357e-06
  35.0000000    3.0052347526e+00    1.1688505345e-06
  36.2500000    2.4181067670e+00    7.4937849862e-07
  37.5000000    1.7269128252e+00    3.8535778619e-07
  38.7500000    1.0435332417e+00    1.6603173613e-07
  40.0000000    4.6793871988e-01    1.5161858361e-07
  41.2500000    9.5803793703e-02    7.3563982178e-08
  42.5000000    8.1395925810e-03   -1.1604998793e-08
  43.7500000    2.4842000649e-01    1.8520522799e-08
  45.0000000    8.0611928377e-01    3.3674142619e-07
  46.2500000    1.6287010822e+00   -1.2843346199e-07
  47.5000000    2.6272115077e+00    8.9972962144e-06
  48.7500000    3.6396629448e+00    1.4222309611e-04
  50.0000000    4.4898281141e+00    3.7086765962e-04
  51.2500000    5.0183354922e+00    6.7666341704e-04
  52.5000000    5.1632595538e+00    7.0659815917e-04
  53.7500000    5.0723440010e+00    2.5600338502e-04
  55.0000000    4.7431563048e+00   -5.0187094573e-04
  56.2500000    4.1965876728e+00   -9.1447866867e-04
  57.5000000    3.5539609962e+00   -2.2092665421e-03
  58.7500000    2.7824779007e+00    2.6796211086e-04
  60.0000000    1.7805352529e+00    8.7569663979e-04
  61.2500000    1.0592750560e+00    3.9339388088e-04
  62.5000000    3.3330972663e-01    1.2288451331e-03
  63.7500000   -1.2798779530e-01   -3.0748830550e-03
  65.0000000   -4.2295113694e-02   -1.3298097334e-03
  66.2500000    2.4884166806e-01   -8.5567012698e-03
  67.5000000    1.2822399304e+00   -2.5178881769e-03
  68.7500000    2.8458429313e+00   -2.4749737947e-03
  70.0000000    5.0178755526e+00    1.1557426717e-03
  71.2500000    7.0103473696e+00    1.3206557775e-03
  72.5000000    8.8137994528e+00   -6.9113230221e-04
  73.7500000    1.0406509352e+01    1.7407581833e-03
  75.0000000    1.1046109553e+01    3.0642383502e-03
  76.2500000    1.0584918139e+01    2.8194559893e-03
  77.5000000    9.6344735579e+00    7.9052469264e-03
  78.7500000    7.8363453522e+00    4.6112393952e-03
  80.0000000    5.9617006850e+00    4.1462329289e-03
  81.2500000    3.3073384429e+00    1.0402913478e-02
  82.5000000    1.5997460009e+00   -1.2458117209e-02
  83.7500000    3.5390884861e-01   -1.7867664815e-02
  85.0000000    6.9199275141e-03    3.4482647016e-04
  86.2500000    6.2747161611e-01   -6.5497858170e-03
  87.5000000    2.3639300921e+00    4.8825491242e-03
  88.7500000    4.9453883833e+00    7.9736273069e-03
  90.0000000    7.5222650899e+00   -4.7958861910e-03
  91.2500000    1.0983961204e+01    5.3907253952e-03
  92.5000000    1.3410214158e+01    1.0071153464e-02
  93.7500000    1.5085473654e+01    8.0067141118e-03
  95.0000000    1.6015220133e+01    9.1984844651e-03
  96.2500000    1.5601824602e+01    7.0704167629e-03
  97.5000000    1.4106863840e+01    4.9215555528e-03
  98.7500000    1.1716682522e+01    1.9616425480e-03
 100.0000000    8.8678205300e+00    2.9989542321e-03
 101.2500000    5.3220547237e+00    1.0064367671e-02
 102.5000000    2.8318658293e+00   -6.4587812287e-04
 103.7500000    7.9342373019e-01    7.0367987545e-03
 105.0000000   -4.1691228899e-02    2.3775713263e-04
 106.2500000    3.9487927745e-01    1.3703355227e-02
 107.5000000    2.2191470171e+00    1.3613072276e-02
 108.7500000    4.9264341209e+00    7.1128308105e-03
 110.0000000    8.2621021700e+00    2.0388650873e-03
 111.2500000    1.1756121704e+01   -4.4039508138e-04
 112.5000000    1.5603857189e+01    1.0410724827e-05
 113.7500000    1.7978172489e+01   -3.2405049820e-03
 115.0000000    1.9283311536e+01    1.6029931224e-03
 116.2500000    1.8848392305e+01    7.8476583445e-03
 117.5000000    1.7461488969e+01    2.9217720285e-03
 118.7500000    1.5147944278e+01    3.7938073321e-03
 120.0000000    1.1654682248e+01    5.2589502159e-04
 121.2500000    7.9236432849e+00   -9.1271060694e-04
 122.5000000    4.3475038408e+00    1.4116717905e-03
 123.7500000    1.4000396749e+00    1.0656003906e-02
 125.0000000   -3.1798023922e-01   -3.5008538810e-03
 126.2500000   -4.3552192689e-01   -8.5078235087e-03
 127.5000000    9.0621180673e-01   -3.3570671345e-02
 128.7500000    3.5201739262e+00   -5.4541616168e-02
 130.0000000    7.1633417729e+00   -2.1601972788e-02
 131.2500000    1.1377800006e+01   -6.0312185908e-02
 132.5000000    1.5271199970e+01   -5.3905544083e-02
 133.7500000    1.8514304572e+01   -1.3878129565e-02
 135.0000000    2.0526517412e+01   -3.8159514591e-02
 136.2500000    2.1373470470e+01   -2.4126279395e-02
 137.5000000    2.0317369633e+01    8.0155477755e-03
 138.7500000    1.8103758130e+01   -1.5640162496e-02
 140.0000000    1.4643265752e+01    2.3284009182e-03
 141.2500000    1.0724366099e+01    1.1632840429e-03
 142.5000000    6.4631842621e+00    1.1298232482e-02
 143.7500000    2.4099517337e+00    1.4061556252e-02
 145.0000000    9.7157220714e-02    9.1550110714e-04
 146.2500000   -1.0672550182e+00    4.1535546899e-03
 147.5000000   -5.8713342672e-01    2.1342023978e-03
 148.7500000    1.4706602557e+00    4.9112191904e-03
 150.0000000    4.8422542361e+00    7.9270184515e-04
 151.2500000    9.1211878280e+00   -5.1350457503e-03
 152.5000000    1.3594715639e+01   -8.0340671936e-03
 153.7500000    1.7948974751e+01    8.8275545485e-04
 155.0000000    2.1292543154e+01   -3.6930302746e-03
 156.2500000    2.2639268907e+01   -6.0619260768e-03
 157.5000000    2.2783228268e+01    2.6887384621e-03
 158.7500000    2.1449646015e+01    7.1982920936e-03
 160.0000000    1.8218683547e+01    5.7443455271e-03
 161.2500000    1.4360108530e+01   -6.9142459484e-03
 162.5000000    9.4772659029e+00    5.4645918493e-04
 163.7500000    4.3501904512e+00    2.6781797146e-02
 165.0000000    1.3703428120e+00   -1.0392014381e-02
 166.2500000   -1.1888607947e+00    1.1328454848e-02
 167.5000000   -1.8966681045e+00    1.7184625288e-02
 168.7500000   -6.4284200950e-01   -3.0470859252e-03
 170.0000000    2.1731374410e+00    3.1078080316e-02
 171.2500000    6.2231986609e+00    2.7996047467e-02
 172.5000000    1.0725455420e+01    1.7883176824e-02
 173.7500000    1.5933020742e+01    7.8109020583e-03
 175.0000000    2.0261122109e+01    3.9613273176e-02
 176.2500000    2.3322110246e+01    3.6585573699e-02
 177.5000000    2.4618059846e+01    4.5541394962e-03
 178.7500000    2.4049723791e+01    2.5402368643e-02
 180.0000000    2.1623228750e+01    1.9765095595e-02
 181.2500000    1.8003153040e+01   -8.7768098905e-03
 182.5000000    1.2995891786e+01    8.6259650149e-03
 183.7500000    8.2319392619e+00   -9.5123536697e-04
 185.0000000    2.9870881306e+00    1.0288499194e-02
 186.2500000   -6.0170633296e-01    6.7854835027e-03
 187.5000000   -2.3634145577e+00    1.1085078120e-03
 188.7500000   -2.3366879042e+00    3.3490584454e-03
 190.0000000   -5.8892863718e-01    5.5002796244e-03
 191.2500000    2.9700193026e+00    9.1070483975e-03
 192.5000000    7.6699920718e+00   -2.0107164590e-02
 193.7500000    1.3042523015e+01   -1.0528261050e-02
 195.0000000    1.7777164934e+01   -1.9365169941e-02
 196.2500000    2.2045364730e+01   -1.3809058328e-03
 197.5000000    2.4722681238e+01    1.3780012995e-03
 198.7500000    2.5727062646e+01    6.2995621378e-03
 200.0000000    2.4501439091e+01    1.9408533576e-02
 201.2500000    2.1640601670e+01   -3.2514870305e-03
 202.5000000    1.6928744743e+01    4.9967122271e-03
 203.7500000    1.1624150103e+01    9.8715109966e-03
 205.0000000    6.3521742107e+00    4.0675091091e-03
 206.2500000    1.5247636900e+00   -4.5985455405e-03
 207.5000000   -1.6917665977e+00   -1.7837701248e-02
 208.7500000   -3.3948966966e+00   -9.3557528857e-03
 210.0000000   -2.9522551149e+00   -1.9496836854e-02
 211.2500000   -3.7591527023e-01   -2.4350792170e-02
 212.5000000    3.7894838990e+00   -1.1273702010e-02
 213.7500000    9.0030552686e+00   -4.6710881302e-02
 215.0000000    1.4581175106e+01   -2.1213442006e-02
 216.2500000    1.9686096798e+01   -1.1404829986e-02
 217.5000000    2.3973272298e+01   -3.8303818351e-02
 218.7500000    2.6026606274e+01    5.5420713391e-03
 220.0000000    2.6579924435e+01    3.9604620871e-03
 221.2500000    2.4675941633e+01   -1.1473577412e-02
 222.5000000    2.0937371431e+01    9.1118861672e-03
 223.7500000    1.5796422430e+01    1.3190192484e-02
 225.0000000    1.0348772706e+01    8.5400692477e-03
 226.2500000    4.9242433547e+00    7.0638226351e-03
 227.5000000   -4.1893230442e-02    9.2022470892e-03
 228.7500000   -3.0056439400e+00    9.5246167284e-05
 230.0000000   -4.1530193874e+00    5.3325519979e-03
 231.2500000   -2.9718065272e+00   -1.0671541910e-02
 232.5000000    2.0699138399e-02   -2.2917644872e-04
 233.7500000    4.8368896660e+00   -4.5827481387e-03
 235.0000000    1.0347116362e+01   -2.0022094457e-02
 236.2500000    1.6324430840e+01   -1.3820558740e-02
 237.5000000    2.1557002689e+01    1.2480475682e-02
 238.7500000    2.5910323341e+01    6.6452208092e-03
 240.0000000    2.7376536948e+01   -2.2393792157e-03
 241.2500000    2.7066461234e+01   -3.3445452456e-03
 242.5000000    2.4719608380e+01    2.4161342830e-03
 243.7500000    2.0761273635e+01    2.0890299158e-02
 245.0000000    1.4916088192e+01    3.7666229344e-02
 246.2500000    8.7280155038e+00    7.0159798743e-03
 247.5000000    3.5406052509e+00   -3.6662080865e-03
 248.7500000   -1.7443557996e+00    2.2574641262e-02
 250.0000000   -4.1680393888e+00    4.2203955069e-03
 251.2500000   -4.6060876615e+00    1.8898915295e-03
 252.5000000   -3.2426418522e+00    2.2472269002e-02
 253.7500000    5.5471407210e-01    4.0346316606e-02
 255.0000000    5.9267381653e+00    3.1867039863e-02
 256.2500000    1.1943208345e+01    4.4604803370e-03
 257.5000000    1.8152407159e+01    2.5603352588e-02
 258.7500000    2.3637747675e+01    1.0737749515e-03
 260.0000000    2.7108941454e+01   -1.4038471537e-02
 261.2500000    2.8611940075e+01    1.7500263091e-02
 262.5000000    2.7841683574e+01   -7.3155245680e-03
 263.7500000    2.4673462390e+01   -9.5121407622e-04
 265.0000000    1.9636886890e+01    2.2089306926e-02
 266.2500000    1.3817283276e+01    6.4901400411e-03
 267.5000000    7.6394491806e+00    4.2954256489e-03
 268.7500000    1.5351399852e+00    1.6870671459e-02
 270.0000000   -3.0981503724e+00    1.6797048997e-02
 271.2500000   -5.3858087863e+00    3.8548694805e-03
 272.5000000   -5.5138966705e+00   -1.2080277945e-02
 273.7500000   -3.0961212117e+00   -7.4793212198e-03
 275.0000000    1.2615577921e+00   -4.7536715216e-03
 276.2500000    7.0526703615e+00   -1.4168726283e-02
 277.5000000    1.3656984908e+01    1.5807408090e-02
 278.7500000    1.9893849646e+01    2.4910821556e-02
 280.0000000    2.5284454423e+01    9.9121286873e-03
 281.2500000    2.8391856681e+01   -6.1280663257e-03
 282.5000000    2.9866010282e+01   -9.5050212291e-03
 283.7500000    2.8305796300e+01    2.2742499176e-02
 285.0000000    2.4558273842e+01   -1.9469918860e-02
 286.2500000    1.9076658957e+01   -1.9159995420e-03
 287.5000000    1.2305217174e+01    1.0946090249e-02
 288.7500000    5.5300236723e+00    2.9553035586e-03
 290.0000000   -1.7475000804e-01   -3.3130593805e-03
 291.2500000   -4.4179021395e+00   -5.9073984031e-03
 292.5000000   -6.4534747682e+00   -4.8526693840e-03
 293.7500000   -5.8478308939e+00   -3.2577114944e-04
 295.0000000   -2.9124591376e+00   -1.3242292250e-02
 296.2500000    2.0967872707e+00   -1.0648013226e-02
 297.5000000    8.3970453885e+00    1.3921281253e-02
 298.7500000    1.5148705759e+01   -1.9870754870e-02
 300.0000000    2.1764146016e+01    3.9839697913e-03
 301.2500000    2.6883574112e+01    1.1677451998e-02
 302.5000000    2.9322170616e+01   -2.0526296961e-03
 303.7500000    3.0047540713e+01    1.4263042376e-02
 305.0000000    2.8101791136e+01    5.9446853395e-03
 306.2500000    2.4111317816e+01   -2.6436373444e-03
 307.5000000    1.7970489815e+01    1.2783404802e-02
 308.7500000    1.1158258437e+01    7.3637173580e-04
 310.0000000    4.7295054641e+00   -1.0865347228e-02
 311.2500000   -1.8290457687e+00    1.4143834721e-02
 312.5000000   -5.6989179552e+00    5.2106972674e-03
 313.7500000   -7.0111153928e+00    2.3277122066e-03
 315.0000000   -6.0757010721e+00    1.1450918567e-02
 316.2500000   -2.5103038655e+00    2.6518325947e-02
 317.5000000    3.1030537388e+00    1.3430558510e-02
 318.7500000    9.7086384737e+00   -4.8677302577e-02
 320.0000000    1.7104543795e+01   -2.4919944277e-04
 321.2500000    2.3764040940e+01   -2.5274899159e-02
 322.5000000    2.8173110128e+01    1.3289992552e-03
 323.7500000    3.1075234668e+01    3.5690424206e-02
 325.0000000    3.0657781532e+01    7.8976959447e-03
 326.2500000    2.8193956673e+01   -2.0870726075e-03
 327.5000000    2.3229185616e+01    1.2731406912e-02
 328.7500000    1.6603876875e+01    7.9651725939e-03
 330.0000000    9.6576623705e+00    5.2953433598e-03
 331.2500000    2.2690997675e+00    2.1910033161e-02
 332.5000000   -3.2951917156e+00    1.1808670855e-02
 333.7500000   -7.0084555384e+00    8.9899484795e-03
 335.0000000   -7.6089907855e+00   -3.6336923068e-05
 336.2500000   -6.2330928179e+00    9.7543765119e-03
 337.5000000   -2.0040753925e+00   -2.2902642839e-03
 338.7500000    4.1386274317e+00    1.3564002174e-02
 340.0000000    1.1370892944e+01    1.4919559506e-02
 341.2500000    1.8626864274e+01    2.3174330763e-03
 342.5000000    2.5530447555e+01    3.1131240203e-02
 343.7500000    2.9845830932e+01    3.3580730562e-02
 345.0000000    3.2093592986e+01   -8.5755150109e-03
 346.2500000    3.1170411517e+01    2.3458675711e-02
 347.5000000    2.8178342460e+01    3.6756716579e-02
 348.7500000    2.2866819261e+01   -1.9459472787e-03
 350.0000000    1.5707966180e+01   -1.4026414574e-04
 351.2500000    7.8178108859e+00    2.1420872860e-02
 352.5000000    6.9849424010e-01    1.6227834302e-02
 353.7500000   -4.5428459833e+00    1.0931983523e-03
 355.0000000   -7.6736091921e+00   -6.6734347048e-03
 356.2500000   -8.3995736095e+00    1.2453146284e-02
 357.5000000   -6.0459128710e+00    4.3372907604e-03
 358.7500000   -1.2732436913e+00    2.9153710166e-02
 360.0000000    5.4672728755e+00   -8.3484378640e-03
 361.2500000    1.3296933011e+01   -1.1872339432e-02
 362.5000000    2.0817667506e+01   -4.5884509008e-03
 363.7500000    2.7341786030e+01   -9.7601649409e-02
 365.0000000    3.1503341256e+01   -6.7277645267e-02
 366.2500000    3.3307202052e+01   -2.9206397508e-02
 367.5000000    3.1939090004e+01   -1.1270177567e-01
 368.7500000    2.7775218514e+01   -3.4346075629e-02
 370.0000000    2.1367203522e+01    1.0471111541e-03
 371.2500000    1.3736976722e+01   -3.9234942832e-02
 372.5000000    6.0087503087e+00   -1.9983905887e-03
 373.7500000   -1.3155892924e+00    3.0622587311e-03
 375.0000000   -6.4287494631e+00    1.0548974596e-02
 376.2500000   -9.0420988670e+00    6.9279771640e-03
 377.5000000   -8.7346931833e+00   -1.3324730354e-02
 378.7500000   -6.1291980568e+00    4.3047740215e-02
 380.0000000   -4.4785478306e-01    3.3204542474e-03
 381.2500000    6.8006872552e+00    2.7850987243e-03
 382.5000000    1.4763113158e+01    1.5002827809e-02
 383.7500000    2.2430823226e+01   -6.8318322217e-03
 385.0000000    2.8840266606e+01   -1.4416054326e-02
 386.2500000    3.2604024380e+01    2.3846961896e-03
 387.5000000    3.3949295894e+01   -7.7013538297e-03
 388.7500000    3.2097556656e+01    1.0380639945e-02
 390.0000000    2.7449606326e+01    1.8157636182e-02
 391.2500000    2.0360649781e+01    5.6013404400e-03
 392.5000000    1.2164066782e+01    1.8627082714e-02
 393.7500000    4.5702036361e+00    1.6581993963e-02
 395.0000000   -2.6193747916e+00    2.4459716748e-02
 396.2500000   -7.8398924877e+00   -3.5067136728e-03
 397.5000000   -9.4470059196e+00   -3.8284301165e-02
 398.7500000   -9.6084185273e+00    2.4976151087e-02
 400.0000000   -5.6727501138e+00   -2.0336056096e-02
 401.2500000    6.0258286332e-01   -1.5112723758e-02
 402.5000000    8.4319701703e+00    2.0642481469e-02
 403.7500000    1.6476254632e+01    2.1226868975e-03
 405.0000000    2.4376764011e+01    8.1301425970e-03
 406.2500000    3.0812269382e+01    4.0500589713e-02
 407.5000000    3.3426073613e+01    5.4436086963e-02
 408.7500000    3.4299938880e+01    7.8252503059e-03
 410.0000000    3.1911541567e+01    8.9717507550e-03
 411.2500000    2.6671991195e+01    4.9279529091e-02
 412.5000000    1.9345429213e+01    1.3622196990e-02
 413.7500000    1.1369304989e+01    1.6122293815e-02
 415.0000000    2.4816819771e+00    3.0235024963e-02
 416.2500000   -3.9350192022e+00    4.2244310405e-03
 417.5000000   -8.8238865017e+00    1.7304530522e-02
 418.7500000   -1.0669737196e+01    1.5053087931e-02
 420.0000000   -9.3134443311e+00    1.1865231000e-02
 421.2500000   -5.2277035844e+00    6.2550136134e-02
 422.5000000    1.7770040380e+00   -1.3236896196e-02
 423.7500000    1.0030323364e+01    1.2362923176e-02
 425.0000000    1.8399126238e+01    2.6744586847e-02
 426.2500000    2.6650232201e+01    4.3511153638e-02
 427.5000000    3.2545584566e+01    1.5527753360e-03
 428.7500000    3.5586305556e+01    5.5643764782e-03
 430.0000000    3.4909926059e+01   -6.7789888202e-03
 431.2500000    3.1389157984e+01   -6.2784034946e-03
 432.5000000    2.5774279715e+01   -1.6021227123e-02
 433.7500000    1.8037491114e+01    3.2635930874e-03
 435.0000000    9.2624540502e+00    5.9211518228e-03
 436.2500000    9.6542786081e-01    9.7827937684e-03
 437.5000000   -5.9885203590e+00    1.3931574541e-02
 438.7500000   -1.0551979380e+01   -8.8587959056e-04
 440.0000000   -1.1716512115e+01   -1.1064203364e-03
 441.2500000   -9.5257684512e+00   -2.4525661712e-02
 442.5000000   -4.3913379729e+00   -7.9981955411e-02
 443.7500000    3.0909120457e+00   -7.4758103451e-02
 445.0000000    1.1941619150e+01   -5.9535827248e-02
 446.2500000    2.0789144190e+01   -1.5604112476e-01
 447.5000000    2.8328122698e+01   -2.2079294763e-02
 448.7500000    3.3630056863e+01   -4.6758788933e-02
 450.0000000    3.6196837929e+01   -7.8408909649e-02
 451.2500000    3.5005923731e+01    7.5700372278e-03
 452.5000000    3.1102882491e+01   -2.6402945794e-02
 453.7500000    2.4297845512e+01   -3.1927402947e-02
 455.0000000    1.5975985032e+01    4.6253039883e-03
 456.2500000    7.2922767770e+00   -1.1606597391e-03
 457.5000000   -1.8729803568e+00    1.9929458862e-02
 458.7500000   -8.0516710396e+00    1.7054508524e-02
 460.0000000   -1.1607006651e+01    2.5630063393e-02
 461.2500000   -1.1907473736e+01    1.4525643246e-02
 462.5000000   -9.2193352426e+00    7.8684241670e-03
 463.7500000   -3.3908215555e+00   -2.9755697776e-03
 465.0000000    4.5834404985e+00   -6.5573630152e-03
 466.2500000    1.3601223122e+01   -4.8269716931e-02
 467.5000000    2.2508466144e+01    5.6441161218e-03
 468.7500000    3.0490990845e+01    1.4718332920e-02
 470.0000000    3.4917784636e+01   -1.8480242423e-02
 471.2500000    3.6621148956e+01    2.1107439846e-02
 472.5000000    3.5455704680e+01   -2.8414702073e-02
 473.7500000    3.0942663063e+01   -4.1121520816e-02
 475.0000000    2.3801970660e+01    1.1442041105e-02
 476.2500000    1.4960788411e+01    8.0286185336e-03
 477.5000000    4.4704679069e+00    2.0217012931e-02
 478.7500000   -3.1651552333e+00    1.1127902710e-02
 480.0000000   -9.0678031703e+00    3.9553559156e-03
 481.2500000   -1.2958685230e+01    3.8519839154e-02
 482.5000000   -1.2077507247e+01    6.7884350416e-03
 483.7500000   -8.8709229806e+00    1.2976955824e-02
 485.0000000   -2.4472674133e+00    5.8308427719e-02
 486.2500000    6.0832241038e+00    4.0718996893e-02
 487.5000000    1.5549322689e+01    3.0745481573e-04
 488.7500000    2.4727489892e+01    5.2417694793e-02
 490.0000000    3.2148041125e+01    1.0479508090e-01
 491.2500000    3.6811357418e+01    4.9302390043e-03
 492.5000000    3.7760842063e+01    3.9572783691e-02
 493.7500000    3.5713483966e+01    4.3207877432e-02
 495.0000000    3.0422293586e+01   -1.5645102303e-02
 496.2500000    2.2207119958e+01   -3.0820839104e-03
 497.5000000    1.2977612579e+01   -2.5737293391e-03
 498.7500000    3.2999072413e+00   -1.0101805678e-03
 500.0000000   -5.7074508562e+00    2.0134134480e-02
 501.2500000   -1.0887572269e+01   -3.8147442852e-03
 502.5000000   -1.3390284066e+01    2.8197405670e-02
 503.7500000   -1.2394977213e+01   -2.8431396943e-04
 505.0000000   -8.5353860214e+00    1.6537964872e-02
 506.2500000   -1.1765353767e+00    3.8459949684e-02
 507.5000000    8.0000578132e+00   -3.8150372253e-03
 508.7500000    1.7605656525e+01   -4.0831994679e-02
 510.0000000    2.6561762323e+01   -6.6220739106e-03
 511.2500000    3.3551054144e+01   -2.9848558656e-02
 512.5000000    3.7866714662e+01   -7.7587242218e-03
 513.7500000    3.8404469243e+01    2.0385845229e-02
 515.0000000    3.5646675030e+01   -1.1781896935e-02
 516.2500000    2.9376419527e+01    2.7492621404e-03
 517.5000000    2.0667019489e+01    2.7633721018e-02
 518.7500000    1.1121930382e+01    1.7233000306e-02
 520.0000000    1.3765540672e+00    8.1693658849e-03
 521.2500000   -6.7501153282e+00   -9.7994010784e-04
 522.5000000   -1.2162564830e+01   -8.3064367469e-03
 523.7500000   -1.4756173323e+01   -5.2766647341e-03
 525.0000000   -1.2908753555e+01   -3.4257116372e-02
 526.2500000   -7.6705883753e+00   -1.8350145089e-02
 527.5000000    2.3500253112e-01   -6.5397860275e-02
 528.7500000    9.8438309350e+00   -3.1732868406e-02
 530.0000000    1.9653660194e+01    7.1730453976e-03
 531.2500000    2.8867017909e+01   -3.8166127997e-02
 532.5000000    3.5209976167e+01   -2.8236486741e-02
 533.7500000    3.9008298586e+01    1.4670486746e-02
 535.0000000    3.8761324186e+01   -3.2173908664e-02
 536.2500000    3.5178807055e+01    6.9780266676e-03
 537.5000000    2.7804108077e+01    2.9754859958e-02
 538.7500000    1.8786412716e+01    8.1831010347e-03
 540.0000000    9.1081766167e+00    1.5934114048e-02
 541.2500000   -5.6810628604e-01    1.8777623135e-02
 542.5000000   -8.3277609129e+00    6.0162062162e-03
 543.7500000   -1.3521573204e+01    8.0055912665e-03
 545.0000000   -1.4648211332e+01   -3.4116214386e-02
 546.2500000   -1.2471195699e+01    4.5615955860e-03
 547.5000000   -6.9568915478e+00    1.8111383698e-02
 548.7500000    1.7746118875e+00   -1.6983605692e-02
 550.0000000    1.1777614634e+01    1.3829668747e-02
 551.2500000    2.1743079600e+01   -1.8017700148e-02
 552.5000000    3.1341588663e+01    2.1931679049e-02
 553.7500000    3.7479578685e+01   -1.1336744771e-02
 555.0000000    3.9893636750e+01   -1.6677785440e-02
 556.2500000    3.9515821448e+01    2.3643499913e-02
 557.5000000    3.4889934748e+01    9.6708278508e-03
 558.7500000    2.7317601328e+01    2.1364298221e-02
 560.0000000    1.7000877203e+01    5.5235957510e-03
 561.2500000    7.2645257101e+00    1.8031726106e-02
 562.5000000   -2.8231260080e+00   -4.4434110275e-04
 563.7500000   -1.0951790708e+01    6.2245355920e-04
 565.0000000   -1.4304888489e+01   -9.8208098900e-03
 566.2500000   -1.5658075543e+01    2.0165921144e-02
 567.5000000   -1.2549152845e+01    4.2434199221e-02
 568.7500000   -5.8265701152e+00    5.1006361980e-02
 570.0000000    3.4536241751e+00    2.1671191201e-03
 571.2500000    1.3761055958e+01    1.3400251274e-02
 572.5000000    2.4423217236e+01    3.1099390945e-02
 573.7500000    3.2935293942e+01   -9.7169349358e-03
 575.0000000    3.8747748084e+01    2.5234272946e-02
 576.2500000    4.0854624100e+01    1.5627135643e-02
 577.5000000    3.9603048387e+01    1.2976574132e-03
 578.7500000    3.3891225624e+01    3.7088943261e-02
 580.0000000    2.5697241827e+01    2.5058435003e-02
 581.2500000    1.5532407907e+01    2.4019467285e-02
 582.5000000    4.9479997324e+00    2.5846182350e-02
 583.7500000   -5.0209900339e+00    1.9633642565e-02
 585.0000000   -1.2034934821e+01    1.4598363134e-02
 586.2500000   -1.6194651587e+01   -5.5375670518e-03
 587.5000000   -1.5899940759e+01   -1.6694105453e-02
 588.7500000   -1.1887739917e+01    3.5474565826e-02
 590.0000000   -4.3595708792e+00   -1.4328535865e-02
 591.2500000    5.3158058002e+00    2.1253925215e-02
 592.5000000    1.6071262467e+01    1.3129319726e-02
 593.7500000    2.6485446932e+01   -6.9561005317e-04
 595.0000000    3.4913752097e+01   -9.5845704784e-03
 596.2500000    4.0761420546e+01   -3.4908148164e-02
 597.5000000    4.2374929062e+01    2.9825350236e-02
 598.7500000    3.9879878376e+01   -1.6333099420e-02
 600.0000000    3.3589019083e+01   -3.6244825399e-02
 601.2500000    2.4416705211e+01   -1.1198423882e-02
 602.5000000    1.3251836764e+01   -1.9036171039e-02
 603.7500000    2.4654327475e+00   -1.8719756382e-02
 605.0000000   -7.1059137409e+00   -2.0563177476e-02
 606.2500000   -1.4016220550e+01   -9.9602707389e-03
 607.5000000   -1.7119446489e+01    3.6958998338e-03
 608.7500000   -1.6089045838e+01   -9.8895528070e-03
 610.0000000   -1.1365442077e+01    8.0244709755e-03
 611.2500000   -3.0197536118e+00    1.4596744026e-02
 612.5000000    7.3045471903e+00   -1.5843149742e-02
 613.7500000    1.8402652142e+01   -4.1624255883e-02
 615.0000000    2.9155397605e+01    4.2261121890e-02
 616.2500000    3.6585576236e+01    1.7108594586e-02
 617.5000000    4.1550235338e+01   -1.8169686940e-02
 618.7500000    4.2261645639e+01    2.1534235109e-02
 620.0000000    3.9534383305e+01   -2.4477737187e-02
 621.2500000    3.2334012352e+01    2.4791706220e-02
 622.5000000    2.2522258547e+01    1.2574629732e-02
 623.7500000    1.2011263871e+01    4.0563976745e-03
 625.0000000    6.2340754422e-01    1.4074742961e-02
 626.2500000   -9.3705456845e+00    2.6195027463e-02
 627.5000000   -1.5211161330e+01    1.7855023541e-02
 628.7500000   -1.7802097421e+01    2.1700805221e-02
 630.0000000   -1.5778057380e+01    2.4672923645e-02
 631.2500000   -1.0672810231e+01    4.7217970350e-02
 632.5000000   -1.4255313676e+00   -6.6887909717e-02
 633.7500000    9.3820273601e+00   -5.5177389179e-03
 635.0000000    2.1215302790e+01    3.7179469622e-02
 636.2500000    3.0935200193e+01   -8.5892754554e-03
 637.5000000    3.9141676036e+01    3.7247844447e-02
 638.7500000    4.3052366588e+01    2.8506048746e-02
 640.0000000    4.2664070815e+01    3.8456141578e-03
 641.2500000    3.9218684067e+01   -5.8926373160e-03
 642.5000000    3.0622126297e+01    1.8226978972e-02
 643.7500000    2.0537634426e+01    3.0307677516e-02
 645.0000000    8.9489869429e+00    1.5512468792e-02
 646.2500000   -2.0087702588e+00    2.3986920604e-02
 647.5000000   -1.1104663547e+01    2.0069271725e-02
 648.7500000   -1.6495461104e+01    1.8376978983e-02
 650.0000000   -1.8067234356e+01    6.2672718856e-03
 651.2500000   -1.6115917897e+01    2.0566815937e-02
 652.5000000   -9.1921946311e+00    2.2220817329e-02
 653.7500000    3.4909491694e-01    3.6104536362e-02
 655.0000000    1.1581878415e+01    5.9775737746e-03
 656.2500000    2.3508463039e+01    5.3976083259e-02
 657.5000000    3.3656396129e+01    5.5455813593e-02
 658.7500000    4.0888219023e+01    1.3622992509e-02
 660.0000000    4.4061418698e+01    1.5514349698e-02
 661.2500000    4.3222523447e+01    5.6688801385e-02
 662.5000000    3.8939209531e+01   -9.7521022141e-03
 663.7500000    3.0119624730e+01   -1.9424267097e-02
 665.0000000    1.8802216736e+01    1.6439405384e-02
 666.2500000    6.4927332350e+00    2.3103295016e-02
 667.5000000   -4.1383228407e+00    1.6246475770e-02
 668.7500000   -1.2349885977e+01   -5.4158565939e-03
 670.0000000   -1.7867095187e+01    1.5399957718e-02
 671.2500000   -1.8627446705e+01   -6.3144903052e-03
 672.5000000   -1.5369907557e+01    3.7513277622e-02
 673.7500000   -8.0308074115e+00   -4.3402767327e-03
 675.0000000    2.2558543353e+00   -3.8926592934e-02
 676.2500000    1.4193613894e+01    2.5942155821e-03
 677.5000000    2.6090788446e+01   -1.1026399144e-01
 678.7500000    3.5906047954e+01   -1.3306399835e-01
 680.0000000    4.2836690094e+01   -4.5606779719e-02
 681.2500000    4.5680244558e+01   -1.4783013761e-01
 682.5000000    4.3743484076e+01   -1.2067223508e-01
 683.7500000    3.7509431436e+01    7.3881255544e-03
 685.0000000    2.7855363748e+01   -7.0583176320e-02
 686.2500000    1.6445933435e+01   -2.6757571747e-02
 687.5000000    4.0143376673e+00    2.5876621983e-04
 688.7500000   -6.7856101806e+00    1.0342725681e-02
 690.0000000   -1.4930590520e+01    1.5500713102e-02
 691.2500000   -1.8972396511e+01   -1.1216955890e-02
 692.5000000   -1.9382915952e+01    2.5938840847e-02
 693.7500000   -1.5317251748e+01    3.8725241882e-02
 695.0000000   -6.5453377447e+00    4.9581392929e-03
 696.2500000    4.3896454728e+00   -2.2456734519e-04
 697.5000000    1.6514499042e+01    5.0854503411e-03
 698.7500000    2.8481190914e+01   -2.2558157679e-02
 700.0000000    3.7838642218e+01    4.3306372848e-03
 701.2500000    4.4256923360e+01   -5.9528515365e-03
 702.5000000    4.6228986624e+01    2.1463833160e-02
 703.7500000    4.3914466230e+01    3.3651851345e-02
 705.0000000    3.6641621197e+01    2.0800499140e-02
 706.2500000    2.5908762161e+01    2.3053571948e-02
 707.5000000    1.4295127982e+01    2.2536507587e-02
 708.7500000    2.6409963529e+00    8.0815254612e-03
 710.0000000   -9.0625007945e+00    1.4180411711e-02
 711.2500000   -1.5639122490e+01   -4.2657426824e-02
 712.5000000   -2.0314864492e+01    3.2455968810e-02
 713.7500000   -2.0139364967e+01    3.9674696041e-02
 715.0000000   -1.3825353493e+01   -3.1593735726e-02
 716.2500000   -5.0628629896e+00    1.8347671524e-02
 717.5000000    6.6645122226e+00    3.5307816766e-02
 718.7500000    1.8949547857e+01   -2.2079504152e-02
 720.0000000    3.1402044446e+01    4.5072887386e-02
 721.2500000    3.9985232298e+01    8.3555480184e-02
 722.5000000    4.5198724617e+01    3.9160149215e-02
 723.7500000    4.6975648571e+01   -1.0204717939e-02
 725.0000000    4.3594734360e+01    9.3108736809e-02
 726.2500000    3.5877655923e+01    3.6929264420e-02
 727.5000000    2.5151738630e+01    1.9898441337e-02
 728.7500000    1.2356012553e+01    4.1808458258e-02
 730.0000000   -3.2640736920e-01    2.7663181878e-02
 731.2500000   -1.0284085026e+01    1.6666810333e-02
 732.5000000   -1.7970304418e+01    9.8378140195e-03
 733.7500000   -2.0454206177e+01   -1.2302638266e-02
 735.0000000   -1.9881716497e+01    7.4189031811e-02
 736.2500000   -1.3258228129e+01    1.8612169458e-02
 737.5000000   -3.1533283958e+00   -2.8679103908e-03
 738.7500000    8.9848033324e+00    3.1090763780e-02
 740.0000000    2.1905229339e+01    4.5278640613e-02
 741.2500000    3.4058659370e+01   -4.9607570654e-04
 742.5000000    4.2826036691e+01   -3.8008629363e-02
 743.7500000    4.7498180650e+01   -2.7721361067e-02
 745.0000000    4.6949262323e+01   -2.9371728184e-02
 746.2500000    4.3032947584e+01   -2.4238532673e-02
 747.5000000    3.4522544369e+01    1.2694979369e-03
 748.7500000    2.2950526640e+01    9.3161091106e-03
 750.0000000    1.0045395134e+01    2.1424118040e-02
 751.2500000   -2.2788756123e+00    1.5448164348e-02
 752.5000000   -1.3103393718e+01    1.6136168462e-02
 753.7500000   -1.9982569751e+01    1.3936734765e-02
 755.0000000   -2.1914965006e+01    3.9706680908e-03
 756.2500000   -1.9328201823e+01   -6.9566168328e-02
 757.5000000   -1.1837905495e+01   -1.0779501490e-01
 758.7500000   -1.2093145430e+00   -3.1717397843e-02
 760.0000000    1.1702560070e+01   -1.5607836342e-01
 761.2500000    2.4741589904e+01   -7.7628240465e-02
 762.5000000    3.6209875443e+01   -1.2077155595e-03
 763.7500000    4.4534699165e+01   -1.4793443047e-01
 765.0000000    4.8482703141e+01   -1.9687058149e-02
 766.2500000    4.7493170448e+01   -2.4211219238e-02
 767.5000000    4.2093568470e+01   -8.4896860862e-02
 768.7500000    3.2298787010e+01    7.2367827427e-03
 770.0000000    2.0806064763e+01    9.8427227769e-03
 771.2500000    6.8555943209e+00    1.3859132907e-02
 772.5000000   -5.8085252020e+00    2.1713303664e-02
 773.7500000   -1.5374790018e+01    3.2032211938e-02
 775.0000000   -2.0920598705e+01    2.4593458684e-02
 776.2500000   -2.2092135890e+01    8.4715205708e-03
 777.5000000   -1.8587262834e+01    1.0634840646e-02
 778.7500000   -1.0347201982e+01   -8.3116885314e-03
 780.0000000    1.0595530105e+00   -8.8792994649e-03
 781.2500000    1.4177197400e+01    6.4110404139e-03
 782.5000000    2.7784226531e+01    2.4716438063e-02
 783.7500000    3.8881210571e+01   -1.3002280960e-02
 785.0000000    4.6050319070e+01   -2.8915092056e-02
 786.2500000    4.9702359106e+01   -2.8692837717e-02
 787.5000000    4.8268106305e+01   -1.8880423312e-02
 788.7500000    4.2230918450e+01    5.7665666238e-03
 790.0000000    3.1633871096e+01    1.0794793207e-02
 791.2500000    1.7777697358e+01    2.3435814031e-02
 792.5000000    4.2269834149e+00    3.4919856707e-02
 793.7500000   -6.9804594660e+00    1.9631050566e-02
 795.0000000   -1.7607458925e+01    4.0335321729e-02
 796.2500000   -2.2222165027e+01    2.3227595772e-02
 797.5000000   -2.2251792835e+01   -9.9265939995e-03
 798.7500000   -1.8453763114e+01    4.5827797205e-02
 800.0000000   -8.6876453242e+00    5.9195600374e-02
 801.2500000    3.4115336808e+00    1.5623390174e-02
 802.5000000    1.7157473701e+01    2.2257111450e-02
 803.7500000    3.0524544775e+01    1.4147779362e-01
 805.0000000    4.1683247521e+01    4.2241827732e-02
 806.2500000    4.8331502790e+01    3.5766910144e-03
 807.5000000    5.1094593709e+01    4.8307930823e-02
 808.7500000    4.8616073102e+01   -1.9722514808e-02
 810.0000000    4.0914077239e+01   -3.0504642846e-02
 811.2500000    2.9459295732e+01    1.1934411806e-02
 812.5000000    1.6432402882e+01   -1.9385083173e-02
 813.7500000    1.1800746468e+00    2.2151034124e-02
 815.0000000   -1.0626903887e+01    1.0933742826e-02
 816.2500000   -1.9021715319e+01    1.8182720775e-02
 817.5000000   -2.3117278601e+01    3.0449359417e-02
 818.7500000   -2.3074689570e+01    1.6372590593e-02
 820.0000000   -1.7335277256e+01    3.9142028259e-02
 821.2500000   -7.1046922098e+00   -2.1656171119e-02
 822.5000000    5.9688287646e+00   -5.4172830646e-02
 823.7500000    1.9961612291e+01   -2.6575100861e-02
 825.0000000    3.3174199055e+01   -5.8366129513e-02
 826.2500000    4.3629261179e+01   -4.0597113435e-02
 827.5000000    5.0390221439e+01    2.9566725712e-02
 828.7500000    5.1686764729e+01    3.3045711014e-02
 830.0000000    4.8118701470e+01    1.2212615299e-02
 831.2500000    3.9258852186e+01    3.4660318542e-02
 832.5000000    2.7602269015e+01    1.5820139726e-02
 833.7500000    1.3508153721e+01    1.9336093779e-02
 835.0000000   -6.1057551060e-01    2.4722510162e-03
 836.2500000   -1.2395383430e+01   -1.1325095727e-02
 837.5000000   -2.1596136938e+01    6.8454144575e-03
 838.7500000   -2.4979268968e+01   -3.6474247255e-03
 840.0000000   -2.2975914663e+01   -2.0713603493e-03
 841.2500000   -1.6061605991e+01   -5.5098353966e-02
 842.5000000   -5.0010998008e+00   -3.6193550079e-02
 843.7500000    8.6682177983e+00    5.8491062585e-03
 845.0000000    2.3103943732e+01   -3.5823444998e-02
 846.2500000    3.6082419151e+01   -8.0676794022e-02
 847.5000000    4.6048764642e+01    4.1079255554e-02
 848.7500000    5.1710710218e+01   -2.6373001149e-02
 850.0000000    5.2552522543e+01   -3.3099111868e-03
 851.2500000    4.7046932332e+01    4.5160146928e-02
 852.5000000    3.6986705607e+01    1.5410411327e-02
 853.7500000    2.4786224452e+01    1.9191916103e-02
 855.0000000    1.0645093782e+01    2.1071520374e-02
 856.2500000   -3.3171444245e+00    9.0420032955e-03
 857.5000000   -1.4992913987e+01    8.5966459605e-03
 858.7500000   -2.2342451746e+01   -8.9514564839e-03
 860.0000000   -2.4680501338e+01   -1.2273312188e-02
 861.2500000   -2.2952398699e+01    2.4654352530e-03
 862.5000000   -1.4623657546e+01    3.2037325449e-03
 863.7500000   -2.6536837373e+00   -7.9064098069e-03
 865.0000000    1.1484458733e+01   -5.1741563090e-02
 866.2500000    2.6292490857e+01    3.7997531683e-02
 867.5000000    3.9587820850e+01   -1.2617685038e-02
 868.7500000    4.8077598160e+01   -6.0493928051e-02
 870.0000000    5.3680500869e+01    2.9882603691e-02
 871.2500000    5.3151936356e+01   -1.6522443483e-03
 872.5000000    4.6995995419e+01    1.0023193627e-02
 873.7500000    3.6008124775e+01    4.6902533516e-02
 875.0000000    2.2238821016e+01    1.5659503789e-02
 876.2500000    7.9157046592e+00   -1.2133171157e-02
 877.5000000   -7.1995548056e+00    3.2328876290e-03
 878.7500000   -1.7186169749e+01   -1.3974871055e-03
 880.0000000   -2.4098683362e+01    1.4009512180e-02
 881.2500000   -2.6426233008e+01    5.8333550029e-02
 882.5000000   -2.2252607160e+01    5.2278535505e-02
 883.7500000   -1.3178842805e+01    3.5695672825e-02
 885.0000000   -1.9206789806e-01   -7.8446698098e-04
 886.2500000    1.4573259915e+01    2.5022278198e-02
 887.5000000    2.9439169300e+01   -2.8941403238e-02
 888.7500000    4.1879959251e+01    4.7449467845e-04
 890.0000000    5.0445768040e+01    4.3927713832e-02
 891.2500000    5.4537511582e+01   -2.2046644137e-02
 892.5000000    5.3036521796e+01    3.3403891074e-02
 893.7500000    4.5518158726e+01    6.4920224450e-02
 895.0000000    3.4301552344e+01   -1.9349607690e-02
 896.2500000    1.9734439029e+01    2.3049575853e-02
 897.5000000    4.5111106186e+00    4.0187183288e-02
 898.7500000   -9.2094886918e+00    2.9078845657e-02
 900.0000000   -2.0118004545e+01    4.1643941373e-03
 901.2500000   -2.6058728981e+01    1.8704307054e-03
 902.5000000   -2.6442094119e+01    5.5634062253e-02
 903.7500000   -2.0962969579e+01   -8.2441816093e-03
 905.0000000   -1.1018010998e+01   -2.8351045702e-02
 906.2500000    2.4272419603e+00    6.6441556334e-03
 907.5000000    1.7622417279e+01   -9.8693905448e-03
 908.7500000    3.2491278644e+01    5.1987990230e-02
 910.0000000    4.5049396705e+01   -2.1795948264e-02
 911.2500000    5.3579489249e+01    3.1225387459e-03
 912.5000000    5.6296266092e+01    2.2563341987e-02
 913.7500000    5.3420123105e+01   -1.2767968762e-01
 915.0000000    4.4827750483e+01   -5.6806211712e-02
 916.2500000    3.1932150633e+01   -3.5200400138e-02
 917.5000000    1.6852162835e+01   -6.8908250678e-02
 918.7500000    1.2705806903e+00   -2.7703333464e-02
 920.0000000   -1.2661594854e+01   -3.0053185478e-02
 921.2500000   -2.2657709616e+01    1.2408787417e-02
 922.5000000   -2.7320500502e+01   -1.4226325245e-02
 923.7500000   -2.7013409336e+01    6.7435988279e-03
 925.0000000   -2.0196782669e+01    1.4661623376e-02
 926.2500000   -9.0730063860e+00    1.4800285513e-02
 927.5000000    5.2710716403e+00   -6.4863575296e-02
 928.7500000    2.1155319945e+01    6.7220540545e-02
 930.0000000    3.5630978493e+01    2.9362524645e-02
 931.2500000    4.7136169766e+01   -1.1090028926e-02
 932.5000000    5.4434602394e+01    3.3070929074e-02
 933.7500000    5.6610400414e+01   -9.6718681951e-03
 935.0000000    5.2620896525e+01    2.7902382899e-02
 936.2500000    4.2813887379e+01    1.0298797970e-02
 937.5000000    2.9970969253e+01   -9.7715438821e-03
 938.7500000    1.4693157226e+01   -2.3443797011e-03
 940.0000000   -1.9450464750e+00    2.7263117163e-02
 941.2500000   -1.5048486497e+01    3.7628398206e-02
 942.5000000   -2.4568686642e+01    2.5460910347e-02
 943.7500000   -2.7745604901e+01    1.4093768258e-02
 945.0000000   -2.6978766434e+01    9.4987008148e-02
 946.2500000   -1.9024438925e+01   -5.9761779346e-02
 947.5000000   -6.6090141285e+00   -8.1772676267e-02
 948.7500000    8.2770851385e+00    7.4775342185e-02
 950.0000000    2.4243834203e+01   -4.5581892711e-02
 951.2500000    3.8788285183e+01   -2.2473634571e-02
 952.5000000    5.0448119755e+01    5.6597554472e-02
 953.7500000    5.5789047496e+01   -6.4046159271e-03
 955.0000000    5.7354479493e+01   -1.2896870207e-02
 956.2500000    5.1752352130e+01    4.5672273223e-02
 957.5000000    4.0644681065e+01    7.7821393949e-02
 958.7500000    2.6744491288e+01    1.5427123884e-02
 960.0000000    1.0553114011e+01    3.4286752731e-02
 961.2500000   -4.7350959081e+00    1.9701965478e-02
 962.5000000   -1.7647034921e+01    3.2730634358e-02
 963.7500000   -2.5269494064e+01    1.4346038869e-03
 965.0000000   -2.9608289114e+01    1.8250150397e-02
 966.2500000   -2.5869483571e+01    1.3205396608e-02
