#          tintegral inside 0 < R < 50
   0.0000000    0.0000000000e+00
   7.5000000    3.6553319963e+06
  15.0000000    3.6555287722e+06
  22.5000000    3.6557659719e+06
  30.0000000    3.6561498849e+06
  37.5000000    3.6566137045e+06
  45.0000000    3.6570148939e+06
  52.5000000    3.6577405363e+06
  60.0000000    3.6583360747e+06
  67.5000000    3.6590062809e+06
  75.0000000    3.6599544985e+06
  82.5000000    3.6606982169e+06
  90.0000000    3.6618828938e+06
  97.5000000    3.6630515079e+06
 105.0000000    3.6642837690e+06
 112.5000000    3.6659971525e+06
 120.0000000    3.6674266659e+06
 127.5000000    3.6691974367e+06
 135.0000000    3.6713633382e+06
 142.5000000    3.6731512793e+06
 150.0000000    3.6757935554e+06
 157.5000000    3.6780840759e+06
 165.0000000    3.6804953784e+06
 172.5000000    3.6836095073e+06
 180.0000000    3.6859392929e+06
 187.5000000    3.6889076364e+06
 195.0000000    3.6919525395e+06
 202.5000000    3.6943384503e+06
 210.0000000    3.6978264210e+06
 217.5000000    3.7007676147e+06
 225.0000000    3.7036123478e+06
 232.5000000    3.7071846362e+06
 240.0000000    3.7100692598e+06
 247.5000000    3.7140118665e+06
 255.0000000    3.7176895361e+06
 262.5000000    3.7209782244e+06
 270.0000000    3.7255251793e+06
 277.5000000    3.7290181468e+06
 285.0000000    3.7327672437e+06
 292.5000000    3.7375669834e+06
 300.0000000    3.7412650075e+06
 307.5000000    3.7460646997e+06
 315.0000000    3.7503607303e+06
 322.5000000    3.7543707055e+06
 330.0000000    3.7598157906e+06
 337.5000000    3.7637621408e+06
 345.0000000    3.7685177271e+06
 352.5000000    3.7737365278e+06
 360.0000000    3.7775319075e+06
 367.5000000    3.7829789372e+06
 375.0000000    3.7875920952e+06
 382.5000000    3.7923543449e+06
 390.0000000    3.7982510455e+06
 397.5000000    3.8026983551e+06
 405.0000000    3.8085982872e+06
 412.5000000    3.8150078578e+06
 420.0000000    3.8198065843e+06
 427.5000000    3.8262508554e+06
 435.0000000    3.8315701888e+06
 442.5000000    3.8370686071e+06
 450.0000000    3.8438320807e+06
 457.5000000    3.8486120627e+06
 465.0000000    3.8555337544e+06
 472.5000000    3.8618993106e+06
 480.0000000    3.8673504530e+06
 487.5000000    3.8746451138e+06
 495.0000000    3.8807674348e+06
 502.5000000    3.8870560360e+06
 510.0000000    3.8949720613e+06
 517.5000000    3.9004638514e+06
 525.0000000    3.9086524929e+06
 532.5000000    3.9164830702e+06
 540.0000000    3.9229935109e+06
 547.5000000    3.9320499940e+06
 555.0000000    3.9388824833e+06
 562.5000000    3.9471120886e+06
 570.0000000    3.9555328497e+06
 577.5000000    3.9624619642e+06
 585.0000000    3.9717981309e+06
 592.5000000    3.9800053265e+06
 600.0000000    3.9879661496e+06
 607.5000000    3.9981894247e+06
 615.0000000    4.0060672519e+06
 622.5000000    4.0155931915e+06
 630.0000000    4.0257254975e+06
 637.5000000    4.0344623566e+06
 645.0000000    4.0450092022e+06
 652.5000000    4.0539621281e+06
 660.0000000    4.0632574092e+06
 667.5000000    4.0738298130e+06
 675.0000000    4.0825158180e+06
 682.5000000    4.0928517316e+06
 690.0000000    4.1029272963e+06
 697.5000000    4.1115017046e+06
 705.0000000    4.1230652266e+06
 712.5000000    4.1328119575e+06
 720.0000000    4.1440229010e+06
 727.5000000    4.1551775888e+06
 735.0000000    4.1644491414e+06
 742.5000000    4.1758655608e+06
 750.0000000    4.1859673591e+06
 757.5000000    4.1951964837e+06
 765.0000000    4.2067278028e+06
 772.5000000    4.2158843202e+06
 780.0000000    4.2263032115e+06
 787.5000000    4.2373465308e+06
 795.0000000    4.2470414599e+06
 802.5000000    4.2595876161e+06
 810.0000000    4.2699917373e+06
 817.5000000    4.2800449651e+06
 825.0000000    4.2917625233e+06
 832.5000000    4.3005006328e+06
 840.0000000    4.3115358068e+06
 847.5000000    4.3228043609e+06
 855.0000000    4.3316138486e+06
 862.5000000    4.3428947106e+06
 870.0000000    4.3530757163e+06
 877.5000000    4.3647079524e+06
 885.0000000    4.3767963668e+06
 892.5000000    4.3861901723e+06
 900.0000000    4.3978029282e+06
 907.5000000    4.4079873381e+06
 915.0000000    4.4175441284e+06
 922.5000000    4.4301048259e+06
 930.0000000    4.4392052752e+06
 937.5000000    4.4493343767e+06
 945.0000000    4.4605488115e+06
 952.5000000    4.4701189737e+06
 960.0000000    4.4824981504e+06
 967.5000000    4.4928724208e+06
 975.0000000    4.5029905265e+06
 982.5000000    4.5150193910e+06
 990.0000000    4.5231103354e+06
 997.5000000    4.5349340667e+06
1005.0000000    4.5462989700e+06
1012.5000000    4.5549716825e+06
1020.0000000    4.5664868216e+06
1027.5000000    4.5756847689e+06
1035.0000000    4.5871491730e+06
1042.5000000    4.5986628274e+06
1050.0000000    4.6073691072e+06
1057.5000000    4.6201975968e+06
1065.0000000    4.6295859845e+06
1072.5000000    4.6387570946e+06
1080.0000000    4.6522597809e+06
1087.5000000    4.6613988273e+06
1095.0000000    4.6724668317e+06
1102.5000000    4.6841613771e+06
1110.0000000    4.6936912394e+06
1117.5000000    4.7073748343e+06
1125.0000000    4.7183291547e+06
1132.5000000    4.7294033518e+06
1140.0000000    4.7436538473e+06
1147.5000000    4.7522688677e+06
1155.0000000    4.7658795342e+06
1162.5000000    4.7788793928e+06
1170.0000000    4.7889105643e+06
1177.5000000    4.8027807546e+06
1185.0000000    4.8140894661e+06
1192.5000000    4.8271835082e+06
1200.0000000    4.8426669428e+06
1207.5000000    4.8528371935e+06
1215.0000000    4.8675608891e+06
1222.5000000    4.8799117969e+06
1230.0000000    4.8905483757e+06
1237.5000000    4.9060605008e+06
1245.0000000    4.9168770234e+06
1252.5000000    4.9292837140e+06
1260.0000000    4.9437473354e+06
1267.5000000    4.9545706397e+06
1275.0000000    4.9718819951e+06
1282.5000000    4.9854776348e+06
1290.0000000    4.9974935222e+06
1297.5000000    5.0141755384e+06
1305.0000000    5.0254860703e+06
1312.5000000    5.0402955670e+06
1320.0000000    5.0554969768e+06
1327.5000000    5.0664921451e+06
1335.0000000    5.0815538811e+06
1342.5000000    5.0949862344e+06
1350.0000000    5.1087579566e+06
1357.5000000    5.1261893489e+06
1365.0000000    5.1375296110e+06
1372.5000000    5.1525522491e+06
1380.0000000    5.1668320475e+06
1387.5000000    5.1782498011e+06
1395.0000000    5.1952046579e+06
1402.5000000    5.2072420045e+06
1410.0000000    5.2196584773e+06
1417.5000000    5.2359122601e+06
1425.0000000    5.2466520809e+06
1432.5000000    5.2631842024e+06
1440.0000000    5.2771974201e+06
1447.5000000    5.2885198815e+06
1455.0000000    5.3056431220e+06
1462.5000000    5.3169661219e+06
1470.0000000    5.3313617219e+06
1477.5000000    5.3480039778e+06
1485.0000000    5.3586894201e+06
1492.5000000    5.3752312669e+06
1500.0000000    5.3885485354e+06
1507.5000000    5.4012107052e+06
1515.0000000    5.4184641372e+06
1522.5000000    5.4296078521e+06
1530.0000000    5.4449087397e+06
1537.5000000    5.4597693411e+06
1545.0000000    5.4711016735e+06
1552.5000000    5.4891053233e+06
1560.0000000    5.5025550416e+06
1567.5000000    5.5163534158e+06
1575.0000000    5.5340637654e+06
1582.5000000    5.5452973269e+06
1590.0000000    5.5617166651e+06
1597.5000000    5.5776101106e+06
1605.0000000    5.5898418975e+06
1612.5000000    5.6085370429e+06
1620.0000000    5.6207688754e+06
1627.5000000    5.6365236067e+06
1635.0000000    5.6552907319e+06
1642.5000000    5.6686424585e+06
1650.0000000    5.6873447417e+06
1657.5000000    5.7025681221e+06
1665.0000000    5.7166460356e+06
1672.5000000    5.7369719364e+06
1680.0000000    5.7505300517e+06
1687.5000000    5.7688821863e+06
1695.0000000    5.7866898819e+06
1702.5000000    5.8007052841e+06
1710.0000000    5.8221391348e+06
1717.5000000    5.8389643676e+06
1725.0000000    5.8560494743e+06
1732.5000000    5.8769555758e+06
1740.0000000    5.8914381058e+06
1747.5000000    5.9119244134e+06
1755.0000000    5.9310386202e+06
1762.5000000    5.9465097912e+06
1770.0000000    5.9685728041e+06
1777.5000000    5.9844686428e+06
1785.0000000    6.0038854596e+06
1792.5000000    6.0255564647e+06
1800.0000000    6.0420222412e+06
1807.5000000    6.0639687034e+06
1815.0000000    6.0828628203e+06
1822.5000000    6.1004194471e+06
1830.0000000    6.1242171869e+06
1837.5000000    6.1407472568e+06
1845.0000000    6.1618483031e+06
1852.5000000    6.1830607237e+06
1860.0000000    6.2001701691e+06
1867.5000000    6.2242953453e+06
1875.0000000    6.2431322532e+06
1882.5000000    6.2624806586e+06
1890.0000000    6.2865174729e+06
1897.5000000    6.3034975430e+06
1905.0000000    6.3268608944e+06
1912.5000000    6.3475376258e+06
1920.0000000    6.3648584879e+06
1927.5000000    6.3888836109e+06
1935.0000000    6.4068515056e+06
1942.5000000    6.4275726990e+06
1950.0000000    6.4502856931e+06
1957.5000000    6.4675960095e+06
1965.0000000    6.4915333179e+06
1972.5000000    6.5122879301e+06
1980.0000000    6.5313582262e+06
1987.5000000    6.5564377174e+06
1995.0000000    6.5739055419e+06
2002.5000000    6.5958876855e+06
2010.0000000    6.6183849562e+06
2017.5000000    6.6360309910e+06
2025.0000000    6.6604724979e+06
2032.5000000    6.6797240131e+06
2040.0000000    6.7000860380e+06
2047.5000000    6.7256471700e+06
2055.0000000    6.7431621046e+06
2062.5000000    6.7679510679e+06
2070.0000000    6.7889884200e+06
2077.5000000    6.8064257197e+06
2085.0000000    6.8316173680e+06
2092.5000000    6.8499642069e+06
2100.0000000    6.8709086120e+06
2107.5000000    6.8939792242e+06
2115.0000000    6.9119996304e+06
2122.5000000    6.9373740145e+06
2130.0000000    6.9590275279e+06
2137.5000000    6.9790077064e+06
2145.0000000    7.0048490545e+06
2152.5000000    7.0224028211e+06
2160.0000000    7.0448482811e+06
2167.5000000    7.0681989028e+06
2175.0000000    7.0860770609e+06
2182.5000000    7.1109812822e+06
2190.0000000    7.1309976540e+06
2197.5000000    7.1520866924e+06
2205.0000000    7.1785396453e+06
2212.5000000    7.1966434821e+06
2220.0000000    7.2222651706e+06
2227.5000000    7.2438996035e+06
2235.0000000    7.2611534256e+06
2242.5000000    7.2865301798e+06
2250.0000000    7.3055244668e+06
2257.5000000    7.3269974977e+06
2265.0000000    7.3507089519e+06
2272.5000000    7.3691972452e+06
2280.0000000    7.3951075636e+06
2287.5000000    7.4170246169e+06
2295.0000000    7.4372131720e+06
2302.5000000    7.4629997941e+06
2310.0000000    7.4802513839e+06
2317.5000000    7.5024158972e+06
2325.0000000    7.5251066576e+06
2332.5000000    7.5429431592e+06
2340.0000000    7.5680990931e+06
2347.5000000    7.5882187439e+06
2355.0000000    7.6091565524e+06
2362.5000000    7.6348060544e+06
2370.0000000    7.6530561947e+06
2377.5000000    7.6773470698e+06
2385.0000000    7.6986386405e+06
2392.5000000    7.7158237040e+06
2400.0000000    7.7389312742e+06
2407.5000000    7.7568236832e+06
2415.0000000    7.7780719003e+06
2422.5000000    7.8019008663e+06
2430.0000000    7.8196652698e+06
2437.5000000    7.8449518546e+06
2445.0000000    7.8653293783e+06
2452.5000000    7.8835232886e+06
2460.0000000    7.9083806011e+06
2467.5000000    7.9252384514e+06
2475.0000000    7.9463757152e+06
2482.5000000    7.9659453883e+06
2490.0000000    7.9827459144e+06
2497.5000000    8.0079494199e+06
2505.0000000    8.0280985849e+06
2512.5000000    8.0486762902e+06
2520.0000000    8.0730926356e+06
2527.5000000    8.0901449872e+06
2535.0000000    8.1133316553e+06
2542.5000000    8.1333021761e+06
2550.0000000    8.1509065375e+06
2557.5000000    8.1727030007e+06
2565.0000000    8.1892769801e+06
2572.5000000    8.2107237699e+06
2580.0000000    8.2340890446e+06
2587.5000000    8.2526071017e+06
2595.0000000    8.2770597774e+06
2602.5000000    8.2968783588e+06
2610.0000000    8.3146640906e+06
2617.5000000    8.3399969245e+06
2625.0000000    8.3559148998e+06
2632.5000000    8.3779310768e+06
2640.0000000    8.3964900536e+06
2647.5000000    8.4148869998e+06
2655.0000000    8.4400529924e+06
2662.5000000    8.4603963751e+06
2670.0000000    8.4818576548e+06
2677.5000000    8.5072027525e+06
2685.0000000    8.5245993621e+06
2692.5000000    8.5504355032e+06
2700.0000000    8.5699783586e+06
2707.5000000    8.5880240042e+06
2715.0000000    8.6112526067e+06
2722.5000000    8.6279998448e+06
2730.0000000    8.6518646471e+06
2737.5000000    8.6745602778e+06
2745.0000000    8.6934353217e+06
2752.5000000    8.7206408982e+06
2760.0000000    8.7414519588e+06
2767.5000000    8.7629097457e+06
2775.0000000    8.7898998872e+06
2782.5000000    8.8055729939e+06
2790.0000000    8.8302616453e+06
2797.5000000    8.8504925640e+06
2805.0000000    8.8708798785e+06
2812.5000000    8.8964049756e+06
2820.0000000    8.9158382998e+06
2827.5000000    8.9389638231e+06
2835.0000000    8.9679896900e+06
