#          tintegral inside 0 < R < 50
   0.0000000    0.0000000000e+00
  10.0000000   -3.7534417817e+06
  20.0000000   -3.7547751678e+06
  30.0000000   -3.7558908602e+06
  40.0000000   -3.7588839541e+06
  50.0000000   -3.7621923558e+06
  60.0000000   -3.7649920954e+06
  70.0000000   -3.7679838956e+06
  80.0000000   -3.7709217578e+06
  90.0000000   -3.7739343605e+06
 100.0000000   -3.7775140189e+06
 110.0000000   -3.7821614745e+06
 120.0000000   -3.7865000827e+06
 130.0000000   -3.7911564976e+06
 140.0000000   -3.7958735723e+06
 150.0000000   -3.8005269728e+06
 160.0000000   -3.8057295696e+06
 170.0000000   -3.8123478723e+06
 180.0000000   -3.8200133829e+06
 190.0000000   -3.8269699358e+06
 200.0000000   -3.8361477574e+06
 210.0000000   -3.8417113288e+06
 220.0000000   -3.8485946939e+06
 230.0000000   -3.8559692394e+06
 240.0000000   -3.8639332545e+06
 250.0000000   -3.8720627313e+06
 260.0000000   -3.8799256743e+06
 270.0000000   -3.8868344496e+06
 280.0000000   -3.8934608079e+06
 290.0000000   -3.8997397663e+06
 300.0000000   -3.9044900188e+06
 310.0000000   -3.9130437554e+06
 320.0000000   -3.9223347085e+06
 330.0000000   -3.9333712501e+06
 340.0000000   -3.9415209722e+06
 350.0000000   -3.9510100995e+06
 360.0000000   -3.9618708871e+06
 370.0000000   -3.9722696370e+06
 380.0000000   -3.9850070274e+06
 390.0000000   -3.9980234477e+06
 400.0000000   -4.0091059043e+06
 410.0000000   -4.0224048680e+06
 420.0000000   -4.0362372156e+06
 430.0000000   -4.0455492783e+06
 440.0000000   -4.0571495376e+06
 450.0000000   -4.0680503201e+06
 460.0000000   -4.0813191143e+06
 470.0000000   -4.0944712661e+06
 480.0000000   -4.1034084505e+06
 490.0000000   -4.1149494156e+06
 500.0000000   -4.1241430192e+06
 510.0000000   -4.1325281697e+06
 520.0000000   -4.1456709715e+06
 530.0000000   -4.1566867410e+06
 540.0000000   -4.1666676520e+06
 550.0000000   -4.1780718080e+06
 560.0000000   -4.1919340115e+06
 570.0000000   -4.2052279831e+06
 580.0000000   -4.2183129601e+06
 590.0000000   -4.2363547492e+06
 600.0000000   -4.2489636160e+06
 610.0000000   -4.2708480112e+06
 620.0000000   -4.2900546096e+06
 630.0000000   -4.3048640668e+06
 640.0000000   -4.3218538965e+06
 650.0000000   -4.3352127201e+06
 660.0000000   -4.3509990305e+06
 670.0000000   -4.3646698925e+06
 680.0000000   -4.3832872659e+06
 690.0000000   -4.3962854596e+06
 700.0000000   -4.4097147106e+06
 710.0000000   -4.4257482862e+06
 720.0000000   -4.4421287086e+06
 730.0000000   -4.4608755775e+06
 740.0000000   -4.4791888029e+06
 750.0000000   -4.5006442753e+06
 760.0000000   -4.5213984629e+06
 770.0000000   -4.5389597358e+06
 780.0000000   -4.5567586634e+06
 790.0000000   -4.5754029469e+06
 800.0000000   -4.5912463823e+06
 810.0000000   -4.6090715898e+06
 820.0000000   -4.6235497211e+06
 830.0000000   -4.6367214894e+06
 840.0000000   -4.6499690747e+06
 850.0000000   -4.6648255966e+06
 860.0000000   -4.6785986098e+06
 870.0000000   -4.6973580026e+06
 880.0000000   -4.7126415107e+06
 890.0000000   -4.7303269346e+06
 900.0000000   -4.7572477732e+06
 910.0000000   -4.7734464587e+06
 920.0000000   -4.7899099260e+06
 930.0000000   -4.8094304267e+06
 940.0000000   -4.8259348253e+06
 950.0000000   -4.8498785729e+06
 960.0000000   -4.8610758786e+06
 970.0000000   -4.8741171591e+06
 980.0000000   -4.8882172620e+06
 990.0000000   -4.9024578192e+06
1000.0000000   -4.9202299304e+06
1010.0000000   -4.9413427664e+06
1020.0000000   -4.9658601439e+06
1030.0000000   -4.9890875098e+06
1040.0000000   -5.0112034536e+06
1050.0000000   -5.0319709567e+06
1060.0000000   -5.0503502273e+06
1070.0000000   -5.0775021119e+06
1080.0000000   -5.1027074426e+06
1090.0000000   -5.1227755705e+06
1100.0000000   -5.1412725854e+06
1110.0000000   -5.1605906737e+06
1120.0000000   -5.1864381661e+06
1130.0000000   -5.2036201359e+06
1140.0000000   -5.2317892209e+06
1150.0000000   -5.2544023135e+06
1160.0000000   -5.2839785460e+06
1170.0000000   -5.3107489454e+06
1180.0000000   -5.3345924750e+06
1190.0000000   -5.3623050148e+06
1200.0000000   -5.3807715808e+06
1210.0000000   -5.4193013586e+06
1220.0000000   -5.4378991870e+06
1230.0000000   -5.4560432092e+06
1240.0000000   -5.4784000541e+06
1250.0000000   -5.4967672438e+06
1260.0000000   -5.5280531732e+06
1270.0000000   -5.5441341168e+06
1280.0000000   -5.5743567581e+06
1290.0000000   -5.5979872657e+06
1300.0000000   -5.6248310504e+06
1310.0000000   -5.6461451615e+06
1320.0000000   -5.6634987678e+06
1330.0000000   -5.6841958904e+06
1340.0000000   -5.7049766779e+06
1350.0000000   -5.7262736746e+06
1360.0000000   -5.7483048763e+06
1370.0000000   -5.7630667248e+06
1380.0000000   -5.7858156498e+06
1390.0000000   -5.8040750157e+06
1400.0000000   -5.8226577945e+06
1410.0000000   -5.8381163943e+06
1420.0000000   -5.8647381351e+06
1430.0000000   -5.8884194636e+06
1440.0000000   -5.9011325865e+06
1450.0000000   -5.9201566488e+06
1460.0000000   -5.9311410317e+06
1470.0000000   -5.9454334382e+06
1480.0000000   -5.9652497740e+06
1490.0000000   -5.9866255274e+06
1500.0000000   -6.0057460121e+06
1510.0000000   -6.0310537631e+06
1520.0000000   -6.0458055969e+06
1530.0000000   -6.0646275515e+06
1540.0000000   -6.0809900571e+06
1550.0000000   -6.1003714737e+06
1560.0000000   -6.1308116334e+06
1570.0000000   -6.1459308317e+06
1580.0000000   -6.1569098340e+06
1590.0000000   -6.1711432211e+06
1600.0000000   -6.1935437658e+06
1610.0000000   -6.2109415995e+06
1620.0000000   -6.2478361106e+06
1630.0000000   -6.2803927999e+06
1640.0000000   -6.2977448443e+06
1650.0000000   -6.3270012266e+06
1660.0000000   -6.3397811091e+06
1670.0000000   -6.3743881885e+06
1680.0000000   -6.3952438647e+06
1690.0000000   -6.4199457485e+06
1700.0000000   -6.4466440515e+06
1710.0000000   -6.4569264640e+06
1720.0000000   -6.4898628140e+06
1730.0000000   -6.5193083180e+06
1740.0000000   -6.5534906849e+06
1750.0000000   -6.5826713319e+06
1760.0000000   -6.6227199534e+06
1770.0000000   -6.6585160448e+06
1780.0000000   -6.6813309490e+06
1790.0000000   -6.7078985031e+06
1800.0000000   -6.7387393597e+06
1810.0000000   -6.7621305573e+06
1820.0000000   -6.7921179344e+06
1830.0000000   -6.8283091424e+06
1840.0000000   -6.8525593615e+06
1850.0000000   -6.8808538094e+06
1860.0000000   -6.9164250310e+06
1870.0000000   -6.9576252601e+06
1880.0000000   -6.9863938961e+06
1890.0000000   -7.0171443494e+06
1900.0000000   -7.0523670621e+06
1910.0000000   -7.0844294075e+06
1920.0000000   -7.0929167720e+06
1930.0000000   -7.1102784916e+06
1940.0000000   -7.1385218132e+06
1950.0000000   -7.1657363158e+06
1960.0000000   -7.1951621554e+06
1970.0000000   -7.2316798832e+06
1980.0000000   -7.2536495542e+06
1990.0000000   -7.2786825457e+06
2000.0000000   -7.3045599022e+06
2010.0000000   -7.3334770582e+06
2020.0000000   -7.3630891401e+06
2030.0000000   -7.3764706686e+06
2040.0000000   -7.3850054273e+06
2050.0000000   -7.3913453734e+06
2060.0000000   -7.3994846734e+06
2070.0000000   -7.4145352804e+06
2080.0000000   -7.4345448675e+06
2090.0000000   -7.4751893156e+06
2100.0000000   -7.4793548097e+06
2110.0000000   -7.5152880721e+06
2120.0000000   -7.5337094105e+06
2130.0000000   -7.5315493478e+06
2140.0000000   -7.5406554934e+06
2150.0000000   -7.5548264179e+06
2160.0000000   -7.5840041876e+06
2170.0000000   -7.5729826179e+06
2180.0000000   -7.5880854682e+06
2190.0000000   -7.5902796944e+06
2200.0000000   -7.5982421473e+06
2210.0000000   -7.6329448891e+06
2220.0000000   -7.6338094498e+06
2230.0000000   -7.6720684945e+06
2240.0000000   -7.6885483486e+06
2250.0000000   -7.7048097704e+06
2260.0000000   -7.6998175396e+06
2270.0000000   -7.6955450963e+06
2280.0000000   -7.7122171865e+06
2290.0000000   -7.7244258692e+06
2300.0000000   -7.7444379972e+06
2310.0000000   -7.7712336468e+06
2320.0000000   -7.7870286695e+06
2330.0000000   -7.8083017634e+06
2340.0000000   -7.8284802859e+06
2350.0000000   -7.8501252637e+06
2360.0000000   -7.8667053520e+06
2370.0000000   -7.8836864995e+06
2380.0000000   -7.9019004666e+06
2390.0000000   -7.9067324560e+06
2400.0000000   -7.9221008614e+06
2410.0000000   -7.9475139486e+06
2420.0000000   -7.9550698953e+06
2430.0000000   -8.0073289942e+06
2440.0000000   -8.0285973629e+06
2450.0000000   -8.0683180865e+06
2460.0000000   -8.1007303728e+06
2470.0000000   -8.0975536143e+06
2480.0000000   -8.1209884430e+06
2490.0000000   -8.1362831670e+06
2500.0000000   -8.1761810742e+06
2510.0000000   -8.1908857555e+06
2520.0000000   -8.2179596842e+06
2530.0000000   -8.2461220822e+06
2540.0000000   -8.2627073293e+06
2550.0000000   -8.3105169445e+06
2560.0000000   -8.3257978608e+06
2570.0000000   -8.3861796648e+06
2580.0000000   -8.3968594234e+06
2590.0000000   -8.4301198903e+06
2600.0000000   -8.4384939862e+06
2610.0000000   -8.4410366965e+06
2620.0000000   -8.4800321962e+06
2630.0000000   -8.5000850719e+06
2640.0000000   -8.5452672763e+06
2650.0000000   -8.5877440288e+06
2660.0000000   -8.6198617451e+06
2670.0000000   -8.6555691572e+06
2680.0000000   -8.6644206685e+06
2690.0000000   -8.7127412108e+06
2700.0000000   -8.7204347582e+06
2710.0000000   -8.7534710578e+06
2720.0000000   -8.7636983476e+06
2730.0000000   -8.7861341012e+06
2740.0000000   -8.8053703227e+06
2750.0000000   -8.8361196868e+06
2760.0000000   -8.8631141173e+06
2770.0000000   -8.9083229235e+06
2780.0000000   -8.9354412356e+06
2790.0000000   -8.9763435009e+06
2800.0000000   -8.9916959267e+06
2810.0000000   -8.9900369179e+06
2820.0000000   -9.0015874273e+06
2830.0000000   -9.0180106242e+06
2840.0000000   -9.0539958527e+06
2850.0000000   -9.0715890300e+06
2860.0000000   -9.1033054938e+06
2870.0000000   -9.1299040827e+06
2880.0000000   -9.1452490854e+06
2890.0000000   -9.1849336543e+06
2900.0000000   -9.1960471460e+06
2910.0000000   -9.2330331397e+06
2920.0000000   -9.2315820143e+06
2930.0000000   -9.2221099961e+06
2940.0000000   -9.2322914428e+06
2950.0000000   -9.2331932882e+06
2960.0000000   -9.2575012220e+06
2970.0000000   -9.2678862320e+06
2980.0000000   -9.3108743166e+06
2990.0000000   -9.3578661209e+06
3000.0000000   -9.3230764445e+06
3010.0000000   -9.3738568961e+06
3020.0000000   -9.3632371900e+06
3030.0000000   -9.3861798001e+06
3040.0000000   -9.3763875926e+06
3050.0000000   -9.3896047633e+06
3060.0000000   -9.4068170221e+06
3070.0000000   -9.4288597895e+06
3080.0000000   -9.4333314566e+06
3090.0000000   -9.4532884512e+06
3100.0000000   -9.4839672670e+06
3110.0000000   -9.4955203597e+06
3120.0000000   -9.5326297563e+06
3130.0000000   -9.5452920071e+06
3140.0000000   -9.5220688319e+06
3150.0000000   -9.5111727112e+06
3160.0000000   -9.5244312372e+06
3170.0000000   -9.5431330613e+06
3180.0000000   -9.5904464109e+06
3190.0000000   -9.6229905981e+06
3200.0000000   -9.6511874845e+06
3210.0000000   -9.6681084222e+06
3220.0000000   -9.6653370792e+06
3230.0000000   -9.6967408584e+06
3240.0000000   -9.7089075295e+06
3250.0000000   -9.7297306333e+06
3260.0000000   -9.7496604501e+06
3270.0000000   -9.7401657382e+06
3280.0000000   -9.7756510517e+06
3290.0000000   -9.7948826913e+06
3300.0000000   -9.8442921139e+06
3310.0000000   -9.8630291353e+06
3320.0000000   -9.9398180355e+06
3330.0000000   -9.9599009939e+06
3340.0000000   -9.9648355935e+06
3350.0000000   -9.9794063315e+06
3360.0000000   -9.9914043146e+06
3370.0000000   -1.0016929726e+07
3380.0000000   -1.0041656215e+07
3390.0000000   -1.0099644051e+07
3400.0000000   -1.0146488649e+07
3410.0000000   -1.0191110443e+07
3420.0000000   -1.0220710588e+07
3430.0000000   -1.0254221094e+07
3440.0000000   -1.0297680856e+07
3450.0000000   -1.0320887792e+07
3460.0000000   -1.0351651968e+07
3470.0000000   -1.0378436416e+07
3480.0000000   -1.0387793335e+07
3490.0000000   -1.0403428110e+07
3500.0000000   -1.0456338229e+07
3510.0000000   -1.0507627454e+07
3520.0000000   -1.0570052001e+07
3530.0000000   -1.0617652353e+07
3540.0000000   -1.0658992613e+07
3550.0000000   -1.0668304436e+07
3560.0000000   -1.0676075713e+07
3570.0000000   -1.0710834531e+07
3580.0000000   -1.0743697296e+07
3590.0000000   -1.0778144694e+07
3600.0000000   -1.0821356065e+07
3610.0000000   -1.0841740344e+07
3620.0000000   -1.0899194496e+07
3630.0000000   -1.0925435185e+07
3640.0000000   -1.0988044857e+07
3650.0000000   -1.0990750547e+07
3660.0000000   -1.1034002695e+07
3670.0000000   -1.1048729408e+07
3680.0000000   -1.1060562452e+07
3690.0000000   -1.1070897792e+07
3700.0000000   -1.1086489039e+07
3710.0000000   -1.1126202965e+07
3720.0000000   -1.1156859723e+07
3730.0000000   -1.1224814151e+07
3740.0000000   -1.1271201263e+07
3750.0000000   -1.1274008023e+07
3760.0000000   -1.1295700925e+07
3770.0000000   -1.1296023112e+07
3780.0000000   -1.1319116984e+07
3790.0000000   -1.1331719056e+07
3800.0000000   -1.1362108308e+07
3810.0000000   -1.1384170686e+07
3820.0000000   -1.1404652300e+07
3830.0000000   -1.1419117918e+07
3840.0000000   -1.1456626924e+07
3850.0000000   -1.1498943264e+07
3860.0000000   -1.1526814842e+07
3870.0000000   -1.1547591306e+07
3880.0000000   -1.1508772614e+07
3890.0000000   -1.1515182397e+07
3900.0000000   -1.1509557893e+07
3910.0000000   -1.1540033063e+07
3920.0000000   -1.1546141376e+07
3930.0000000   -1.1594307963e+07
3940.0000000   -1.1651238187e+07
3950.0000000   -1.1639211289e+07
3960.0000000   -1.1656451288e+07
3970.0000000   -1.1643563502e+07
3980.0000000   -1.1670201785e+07
3990.0000000   -1.1655202772e+07
4000.0000000   -1.1676040345e+07
4010.0000000   -1.1680939144e+07
4020.0000000   -1.1695655957e+07
4030.0000000   -1.1697333753e+07
4040.0000000   -1.1721847305e+07
4050.0000000   -1.1754826747e+07
4060.0000000   -1.1758002411e+07
