  80.0000000    1.2274328660e-01    2.3609734889e-05
 240.0000000    4.4981301979e-01    4.4840463828e-04
 400.0000000   -2.9091919034e-01   -3.0229132744e-05
 560.0000000    3.3528796140e-01    4.3150306615e-05
 720.0000000   -2.1077606607e-01   -2.8558185797e-04
 880.0000000    4.0868841124e-01    2.3509894124e-04
1040.0000000   -2.2317397766e-01    1.5545619227e-04
1200.0000000    2.6614708509e-01    3.3391093776e-04
1360.0000000   -9.6990757957e-02    4.6426880364e-04
1520.0000000    2.5683919515e-01   -5.4358087469e-04
1680.0000000    1.9226752127e-02    4.4879195629e-05
1840.0000000    5.4483239570e-02    2.0928070466e-03
2000.0000000    1.7673776883e-01    4.8778438421e-05
2160.0000000   -1.7505464408e-01    1.5026577979e-04
2320.0000000    2.5208044637e-01   -2.9196298311e-04
2480.0000000   -1.7569589465e-01   -8.0092058949e-04
2640.0000000    3.9922593096e-01   -1.0030196025e-03
2800.0000000   -3.4080665587e-01    5.0723604485e-04
2960.0000000    4.3610556159e-01   -1.5855778345e-04
3120.0000000   -3.4496427770e-01   -2.1457262952e-04
3280.0000000    4.6785751087e-01   -3.7879794927e-04
3440.0000000   -3.5101538739e-01    2.2474783418e-04
3600.0000000    4.3013614393e-01   -1.0672609337e-03
3760.0000000   -3.0377957662e-01   -1.2754274304e-04
3920.0000000    3.2890900392e-01    1.4714071897e-04
4080.0000000   -2.2042587162e-01   -1.4230470640e-04
4240.0000000    3.1408005933e-01   -7.1406375291e-04
4400.0000000   -1.1841599877e-01   -3.2731921848e-04
4560.0000000    2.3947727953e-01   -1.8190485055e-04
4720.0000000    1.0157240690e-02    2.4214357376e-04
4880.0000000    2.1223080108e-01    1.5367182530e-04
5040.0000000    1.7744171655e-01   -2.1442447353e-04
5200.0000000    1.3539526504e-01    2.7713298776e-04
5360.0000000    4.4109614891e-01   -3.4055417243e-04
5520.0000000   -9.3635329819e-02    4.6805283423e-05
5680.0000000    7.8929694095e-01    1.8685549772e-04
5840.0000000   -7.1535354428e-01    9.9047388131e-04
6000.0000000    7.6196612396e-01   -2.7380169967e-04
6160.0000000   -7.7008715669e-01    2.3172936211e-04
6320.0000000    5.8569629341e-01   -2.2791299615e-04
6480.0000000   -5.1687293298e-01   -4.3965411944e-04
6640.0000000    7.4200902211e-01    2.2477639076e-06
6800.0000000   -5.3741114632e-01   -5.6641847668e-05
6960.0000000    2.8993736108e-01    7.3035626533e-04
7120.0000000   -2.6173725916e-01    6.5283490381e-04
7280.0000000    6.1937652075e-02   -9.5499468799e-05
7440.0000000   -3.4357092206e-02    1.5790521511e-03
7600.0000000   -1.8319761120e-02   -7.4763425913e-04
7760.0000000    1.3314146528e-01   -3.6902920199e-04
7920.0000000   -8.2318044664e-02    2.8166758630e-05
8080.0000000    3.3915631408e-01    8.8076715757e-05
8240.0000000   -2.9605763120e-01   -1.0857211425e-04
8400.0000000    5.2930488909e-01   -2.7831213036e-04
8560.0000000   -5.4008110874e-01    2.2295279226e-04
8720.0000000    5.5149002710e-01   -1.0620852914e-03
8880.0000000   -5.6961901626e-01    4.5020540301e-04
9040.0000000    7.3150771246e-01    7.7762081121e-04
9200.0000000   -6.2416740581e-01    6.0238863947e-05
9360.0000000    7.5641184867e-01    1.5006002745e-03
9520.0000000   -5.1059251070e-01    3.3744678537e-04
9680.0000000    7.7944273533e-01   -5.3910133537e-04
9840.0000000   -4.3823290189e-01    6.8181491961e-04
10000.0000000    5.8023132692e-01    3.0201948976e-04
10160.0000000   -1.9746756718e-01    6.6655763387e-04
10320.0000000    1.0821791854e-01   -6.5607524874e-04
10480.0000000    1.3230752731e-01    3.6768679992e-04
10640.0000000   -4.2262394879e-01   -8.2319555313e-05
10800.0000000    4.3551597240e-01   -2.1447487324e-04
10960.0000000   -8.8346185569e-01   -6.2445442967e-05
11120.0000000    4.5889179775e-01    1.3457954781e-04
11280.0000000   -8.9879987719e-01    5.2625248904e-04
11440.0000000    2.7077291688e-01    2.3008101993e-04
11600.0000000   -4.7774711144e-01   -8.8378401149e-05
11760.0000000    4.9438939598e-01    6.0705500838e-04
11920.0000000   -5.7660340257e-01   -8.5766560009e-04
12080.0000000    3.8032547612e-01   -9.5375326805e-04
12240.0000000   -4.9524613648e-01   -3.0312065226e-04
12400.0000000    2.1269749912e-01    1.0601459390e-04
12560.0000000   -3.0894866534e-01   -1.8410454444e-04
12720.0000000    3.3327476838e-01   -6.9281393847e-04
12880.0000000   -2.0900900327e-01    2.8795041415e-04
13040.0000000    2.6238191487e-01   -1.2036556332e-03
13200.0000000   -5.5333660067e-02   -6.2375664265e-05
13360.0000000    3.3808441144e-01   -2.4772735382e-04
13520.0000000    1.7327088682e-01   -9.8449743987e-05
13680.0000000   -4.4920151313e-01    8.8103129734e-04
13840.0000000    2.5791138796e-01    2.4150076406e-03
14000.0000000   -1.4163781927e-01    2.0944744033e-04
14160.0000000    6.0210248334e-01   -6.7632141421e-04
14320.0000000   -5.6329936444e-01   -1.1228135530e-04
14480.0000000    7.4254236769e-01   -5.6948116204e-04
14640.0000000   -8.2600702038e-01    7.4549878070e-04
14800.0000000    5.8442490337e-01    1.4578601093e-03
14960.0000000   -6.6125313252e-01   -5.1972860272e-04
15120.0000000    4.7980453517e-01   -1.0678736918e-03
15280.0000000   -5.8142520487e-01    2.8626761662e-04
15440.0000000    6.8216669408e-02    5.6960559400e-04
15600.0000000   -2.9291369002e-01   -4.9358059782e-04
15760.0000000   -9.2858713034e-02    9.4460767199e-04
15920.0000000   -1.1283361178e-01   -4.6014518770e-04
16080.0000000   -3.1069394666e-01   -1.7499001664e-03
16240.0000000    2.2044264810e-04    2.0355600110e-04
16400.0000000   -1.4455767467e-01    9.8494232106e-04
16560.0000000    4.5617621953e-02    2.7617356731e-04
16720.0000000    2.2154554420e-01    1.2987194459e-04
16880.0000000    1.8676091217e-01   -3.9827826070e-04
17040.0000000    1.4783894587e-01   -2.9332077008e-04
17200.0000000    4.3264183423e-01   -6.7214289577e-04
17360.0000000   -2.6560231026e-01    1.1241342533e-04
17520.0000000    5.7265494577e-01   -6.2414021202e-04
17680.0000000   -3.6692365688e-01   -1.0921791114e-05
17840.0000000    7.7543739944e-01    8.5471822348e-04
18000.0000000   -3.7857341407e-01    1.7503397726e-04
18160.0000000    1.1268645929e+00   -6.6096460177e-04
18320.0000000   -6.3743847182e-01   -6.1689150755e-04
18480.0000000    8.4922164719e-01    3.7850268296e-04
18640.0000000   -4.5818712957e-01   -5.9623951222e-04
18800.0000000    6.0321651965e-01   -1.2330977037e-03
18960.0000000   -2.7117256077e-01    7.8645319330e-04
19120.0000000    2.7565687577e-01   -5.6758036583e-04
19280.0000000   -1.8143196010e-02    6.0651243491e-04
19440.0000000   -3.7251725613e-02    6.2941208531e-05
19600.0000000    2.4084173251e-01    1.1491312823e-03
19760.0000000   -2.6465186353e-01   -1.7868177967e-04
19920.0000000    5.0110288927e-01   -2.3760718191e-04
20080.0000000   -9.8567156363e-01    3.1683383473e-04
20240.0000000    2.9335421587e-01   -1.5451989372e-03
20400.0000000   -4.0109072413e-01    8.9649542028e-04
20560.0000000    5.1339785099e-01   -9.1724733249e-04
20720.0000000   -4.5326911900e-01   -4.8801583197e-04
20880.0000000    4.5065300747e-01   -3.1820937155e-04
21040.0000000   -3.2012360261e-01    8.8975168046e-05
21200.0000000    6.8589379169e-01   -7.0153460050e-04
21360.0000000   -1.8153652661e-01    4.6527362880e-06
21520.0000000    1.3844251255e+00   -8.8047611277e-04
21680.0000000   -4.5883994993e-01   -2.0103238859e-05
21840.0000000    1.2640009482e+00   -5.3689086465e-04
22000.0000000   -3.5976887962e-01   -1.0803038239e-03
22160.0000000    1.1456430929e+00   -9.1646909969e-04
22320.0000000   -2.7139955723e-02   -5.1317352481e-04
22480.0000000    3.5814214994e-02   -4.7604602539e-04
22640.0000000    4.6731905907e-01   -5.5259250547e-04
22800.0000000   -5.1467428412e-01    1.2506481519e-04
22960.0000000    7.5836271809e-01   -7.8393733430e-04
23120.0000000   -6.0619534106e-01    5.2719110374e-04
23280.0000000    1.3299087470e+00   -2.8024878682e-03
23440.0000000   -1.1518159357e+00   -3.5807115515e-04
23600.0000000    1.3197510282e+00   -9.0987300496e-06
23760.0000000   -1.2296807271e+00    8.8092160381e-04
23920.0000000    8.2876051669e-01    2.0776581621e-03
24080.0000000   -8.6292857737e-01   -5.3072092678e-04
24240.0000000    6.1358468940e-01    3.3022512471e-04
24400.0000000   -5.9834786305e-01   -1.2055800030e-03
24560.0000000    2.5103355124e-01   -2.7687636606e-03
24720.0000000   -2.6092029679e-01   -5.4774846412e-04
24880.0000000    6.7914380436e-02   -1.1047499600e-03
25040.0000000    7.8258440755e-03    1.0488305433e-03
25200.0000000   -4.3184737853e-01    5.8206802478e-05
25360.0000000    2.1893473528e-01    5.2192388652e-04
25520.0000000   -2.1681664497e-01    8.9255355555e-05
25680.0000000    3.7574499153e-01   -1.4782579537e-04
25840.0000000    1.0919585227e-01   -4.0559090672e-04
26000.0000000    9.8983966735e-01   -2.0967825128e-04
26160.0000000   -5.8870460609e-01   -1.2652973815e-04
26320.0000000    1.3627563081e+00   -2.0023161787e-03
26480.0000000   -6.2476747402e-01   -2.0452681780e-04
26640.0000000    2.0317827072e+00    3.5860015015e-05
26800.0000000   -1.1926536506e+00    7.3518254554e-04
26960.0000000    1.8685495310e+00   -1.7879856764e-03
27120.0000000   -1.1412188896e+00   -8.3639605654e-04
27280.0000000    1.2785767189e+00    4.0529132222e-04
27440.0000000   -7.2216962472e-01    1.1154220349e-03
27600.0000000    1.5113285587e-01    8.2054719161e-04
27760.0000000   -5.8603141718e-02    1.8470085017e-03
27920.0000000   -8.6267254015e-01    4.1167316462e-04
28080.0000000    3.8291516499e-01   -4.3008580863e-04
28240.0000000   -9.3980469130e-01    1.9154314245e-04
28400.0000000    6.9082503937e-01    1.8153218778e-03
28560.0000000   -1.2437155726e+00   -2.7947815987e-03
28720.0000000    7.9514803621e-01    3.1952123838e-03
28880.0000000   -1.4043784151e+00   -1.3544660791e-03
29040.0000000    5.9882818301e-01    1.0064982469e-03
29200.0000000   -1.0307882748e+00    1.6322328812e-04
29360.0000000    4.9679543959e-01    3.7179795576e-04
29520.0000000   -6.8192043831e-01   -4.1413025101e-04
29680.0000000    7.6053884360e-01   -3.3208601441e-04
29840.0000000   -7.3373595771e-01   -2.8393052141e-04
30000.0000000    4.5737525882e-01   -1.8381595366e-03
30160.0000000   -4.4735865718e-01   -7.7841757989e-04
30320.0000000    4.2634995748e-01   -8.3914510175e-04
30480.0000000   -1.9510966631e-01    1.5554817596e-04
30640.0000000    6.4848408515e-01   -2.8585102565e-04
30800.0000000    2.1448620693e-02    1.9590946989e-04
30960.0000000    6.5707530440e-01    3.1913659906e-04
31120.0000000    4.3608334213e-01    1.5591290485e-03
31280.0000000    2.7447647174e-01    1.2869081579e-03
31440.0000000    1.2732618463e+00    7.4771856583e-04
31600.0000000   -1.3196488061e+00   -1.2952271918e-03
31760.0000000    1.3028983710e+00    1.6607882947e-03
31920.0000000   -1.3126814387e+00   -5.9356134691e-04
