#          tintegral inside 0 < R < 50
   0.0000000    0.0000000000e+00
  60.0000000    3.2909838811e+03
 120.0000000    3.2953698857e+03
 180.0000000    3.3334484405e+03
 240.0000000    3.3479690551e+03
 300.0000000    3.3772078746e+03
 360.0000000    3.4046161384e+03
 420.0000000    3.4088864384e+03
 480.0000000    3.4467467147e+03
 540.0000000    3.4396015064e+03
 600.0000000    3.4679012067e+03
 660.0000000    3.4736649699e+03
 720.0000000    3.4872270025e+03
 780.0000000    3.5129729044e+03
 840.0000000    3.5141399684e+03
 900.0000000    3.5579857278e+03
 960.0000000    3.5508524382e+03
1020.0000000    3.5845274141e+03
1080.0000000    3.5932913971e+03
1140.0000000    3.6049913195e+03
1200.0000000    3.6338026821e+03
1260.0000000    3.6254450308e+03
1320.0000000    3.6668863663e+03
1380.0000000    3.6601298963e+03
1440.0000000    3.6992888506e+03
1500.0000000    3.7088278219e+03
1560.0000000    3.7195440881e+03
1620.0000000    3.7561634755e+03
1680.0000000    3.7460716607e+03
1740.0000000    3.7941047130e+03
1800.0000000    3.7811429701e+03
1860.0000000    3.8166358106e+03
1920.0000000    3.8266559624e+03
1980.0000000    3.8264846233e+03
2040.0000000    3.8618419560e+03
2100.0000000    3.8372162429e+03
2160.0000000    3.8743839534e+03
2220.0000000    3.8523339118e+03
2280.0000000    3.8671965568e+03
2340.0000000    3.8732174685e+03
2400.0000000    3.8626041062e+03
2460.0000000    3.8921775611e+03
2520.0000000    3.8712829894e+03
2580.0000000    3.9103514657e+03
2640.0000000    3.8975027839e+03
2700.0000000    3.9235333255e+03
2760.0000000    3.9331360285e+03
2820.0000000    3.9283762955e+03
2880.0000000    3.9618029898e+03
2940.0000000    3.9384648003e+03
3000.0000000    3.9758599938e+03
3060.0000000    3.9608777389e+03
3120.0000000    3.9806459230e+03
3180.0000000    3.9906953071e+03
3240.0000000    3.9840272035e+03
3300.0000000    4.0188049430e+03
3360.0000000    3.9964215186e+03
3420.0000000    4.0334740367e+03
3480.0000000    4.0201783109e+03
3540.0000000    4.0398640018e+03
3600.0000000    4.0512783802e+03
3660.0000000    4.0461739925e+03
3720.0000000    4.0810334912e+03
3780.0000000    4.0599813475e+03
3840.0000000    4.0983600188e+03
3900.0000000    4.0877692292e+03
3960.0000000    4.1103254065e+03
4020.0000000    4.1244090967e+03
4080.0000000    4.1235540659e+03
4140.0000000    4.1621951743e+03
4200.0000000    4.1474361824e+03
4260.0000000    4.1922004387e+03
4320.0000000    4.1843024577e+03
4380.0000000    4.2126643857e+03
4440.0000000    4.2287603496e+03
4500.0000000    4.2346428846e+03
4560.0000000    4.2775413909e+03
4620.0000000    4.2732731578e+03
4680.0000000    4.3328313923e+03
4740.0000000    4.3350703067e+03
4800.0000000    4.3896092981e+03
4860.0000000    4.4180999535e+03
4920.0000000    4.4453866452e+03
4980.0000000    4.5109122214e+03
5040.0000000    4.5128150375e+03
5100.0000000    4.5991142273e+03
5160.0000000    4.6053480894e+03
5220.0000000    4.6824402461e+03
5280.0000000    4.7255941561e+03
5340.0000000    4.7613365372e+03
5400.0000000    4.8581759027e+03
5460.0000000    4.8540332311e+03
5520.0000000    4.9687340663e+03
5580.0000000    4.9673040912e+03
5640.0000000    5.0287201651e+03
5700.0000000    5.0769608962e+03
5760.0000000    5.0527947218e+03
5820.0000000    5.1349673162e+03
5880.0000000    5.0804754516e+03
5940.0000000    5.1371780731e+03
6000.0000000    5.1162719443e+03
6060.0000000    5.1065172439e+03
6120.0000000    5.1345176448e+03
6180.0000000    5.0805452989e+03
6240.0000000    5.1306626652e+03
6300.0000000    5.0817523111e+03
6360.0000000    5.1198301611e+03
6420.0000000    5.1134808777e+03
6480.0000000    5.1275067620e+03
6540.0000000    5.1727171208e+03
6600.0000000    5.1363881259e+03
6660.0000000    5.2049878591e+03
6720.0000000    5.1529910367e+03
6780.0000000    5.1795171314e+03
6840.0000000    5.1631807202e+03
6900.0000000    5.1363258451e+03
6960.0000000    5.1651154627e+03
7020.0000000    5.1173022403e+03
7080.0000000    5.1707175848e+03
7140.0000000    5.1318059061e+03
7200.0000000    5.1628693307e+03
7260.0000000    5.1554107665e+03
7320.0000000    5.1255335091e+03
7380.0000000    5.1550034021e+03
7440.0000000    5.0997448265e+03
7500.0000000    5.1359240171e+03
7560.0000000    5.0949586921e+03
7620.0000000    5.1141662544e+03
7680.0000000    5.1142278269e+03
7740.0000000    5.1060896467e+03
7800.0000000    5.1435962420e+03
7860.0000000    5.1124718578e+03
7920.0000000    5.1716333276e+03
7980.0000000    5.1448045878e+03
8040.0000000    5.1842046464e+03
8100.0000000    5.1917642976e+03
8160.0000000    5.1891852005e+03
8220.0000000    5.2362866706e+03
8280.0000000    5.1981455183e+03
8340.0000000    5.2580176152e+03
8400.0000000    5.2244234178e+03
8460.0000000    5.2520644682e+03
8520.0000000    5.2558664972e+03
8580.0000000    5.2348620400e+03
8640.0000000    5.2767839514e+03
8700.0000000    5.2442815559e+03
8760.0000000    5.3038693814e+03
8820.0000000    5.2791817157e+03
8880.0000000    5.3196189827e+03
8940.0000000    5.3367449321e+03
9000.0000000    5.3371473366e+03
9060.0000000    5.3949157366e+03
9120.0000000    5.3581428308e+03
9180.0000000    5.4263813151e+03
9240.0000000    5.4020760012e+03
9300.0000000    5.4446192395e+03
9360.0000000    5.4624449256e+03
9420.0000000    5.4560384496e+03
9480.0000000    5.5224381156e+03
9540.0000000    5.4930308735e+03
9600.0000000    5.5740104166e+03
9660.0000000    5.5525557164e+03
9720.0000000    5.6034597474e+03
9780.0000000    5.6321000176e+03
9840.0000000    5.6195275676e+03
9900.0000000    5.7003066680e+03
9960.0000000    5.6542850679e+03
10020.0000000    5.7337122330e+03
10080.0000000    5.7056162137e+03
10140.0000000    5.7394493337e+03
10200.0000000    5.7737313484e+03
10260.0000000    5.7271431930e+03
10320.0000000    5.8024825331e+03
10380.0000000    5.7344746247e+03
10440.0000000    5.7948975123e+03
10500.0000000    5.7590275862e+03
10560.0000000    5.7458499344e+03
10620.0000000    5.7752446799e+03
10680.0000000    5.6860548758e+03
10740.0000000    5.7390119274e+03
10800.0000000    5.6402536769e+03
10860.0000000    5.6434852548e+03
10920.0000000    5.5987694759e+03
10980.0000000    5.5213913262e+03
11040.0000000    5.5277377054e+03
11100.0000000    5.4132722664e+03
11160.0000000    5.4204149283e+03
11220.0000000    5.3274738401e+03
11280.0000000    5.2843765227e+03
11340.0000000    5.2454742230e+03
11400.0000000    5.1673377578e+03
11460.0000000    5.1642810820e+03
11520.0000000    5.0868911129e+03
11580.0000000    5.0923975677e+03
11640.0000000    5.0480939040e+03
11700.0000000    5.0478494005e+03
11760.0000000    5.0357114498e+03
11820.0000000    5.0187959381e+03
11880.0000000    5.0382895845e+03
11940.0000000    4.9907292240e+03
12000.0000000    5.0194822579e+03
12060.0000000    4.9744958967e+03
12120.0000000    4.9768051090e+03
12180.0000000    4.9603137590e+03
12240.0000000    4.9243253501e+03
12300.0000000    4.9363043639e+03
12360.0000000    4.8887194640e+03
12420.0000000    4.9084638469e+03
12480.0000000    4.8743985889e+03
12540.0000000    4.8844450480e+03
12600.0000000    4.8785651604e+03
12660.0000000    4.8760712644e+03
12720.0000000    4.9007946594e+03
12780.0000000    4.8843145007e+03
12840.0000000    4.9342236063e+03
12900.0000000    4.9150368316e+03
12960.0000000    4.9579128646e+03
13020.0000000    4.9601812024e+03
13080.0000000    4.9624849136e+03
13140.0000000    4.9946106409e+03
13200.0000000    4.9706258952e+03
13260.0000000    5.0238116548e+03
13320.0000000    5.0033067285e+03
13380.0000000    5.0567061581e+03
13440.0000000    5.0670113019e+03
13500.0000000    5.0760592021e+03
13560.0000000    5.1243611608e+03
13620.0000000    5.0793169888e+03
13680.0000000    5.1277367818e+03
13740.0000000    5.0814768088e+03
13800.0000000    5.0898717244e+03
13860.0000000    5.0862810226e+03
13920.0000000    5.0721856060e+03
13980.0000000    5.1103088207e+03
14040.0000000    5.0861492240e+03
14100.0000000    5.1508657131e+03
14160.0000000    5.1259293266e+03
14220.0000000    5.1695050903e+03
14280.0000000    5.1783800488e+03
14340.0000000    5.1692766378e+03
14400.0000000    5.2218256485e+03
14460.0000000    5.1781779136e+03
14520.0000000    5.2416407782e+03
14580.0000000    5.2017355539e+03
14640.0000000    5.2213022108e+03
14700.0000000    5.2248963771e+03
14760.0000000    5.1780790828e+03
14820.0000000    5.2155868852e+03
14880.0000000    5.1468882106e+03
14940.0000000    5.1834249229e+03
15000.0000000    5.1386255416e+03
15060.0000000    5.1293871001e+03
15120.0000000    5.1310093445e+03
15180.0000000    5.0707748477e+03
15240.0000000    5.1029400151e+03
15300.0000000    5.0208122818e+03
15360.0000000    5.0254585790e+03
15420.0000000    4.9706865941e+03
15480.0000000    4.9126806396e+03
15540.0000000    4.9000186708e+03
15600.0000000    4.8069874050e+03
15660.0000000    4.8023376180e+03
15720.0000000    4.7259250593e+03
15780.0000000    4.6992176476e+03
15840.0000000    4.6599717218e+03
15900.0000000    4.6043685032e+03
15960.0000000    4.5928084748e+03
16020.0000000    4.5248753089e+03
16080.0000000    4.5127925242e+03
16140.0000000    4.4667914436e+03
16200.0000000    4.4463696558e+03
16260.0000000    4.4248805719e+03
16320.0000000    4.3936139621e+03
16380.0000000    4.3878624855e+03
16440.0000000    4.3758836892e+03
16500.0000000    4.3813878028e+03
16560.0000000    4.3830827085e+03
16620.0000000    4.4077391312e+03
16680.0000000    4.4187748555e+03
16740.0000000    4.4683322190e+03
16800.0000000    4.4907948093e+03
16860.0000000    4.5440185820e+03
16920.0000000    4.6008855557e+03
16980.0000000    4.6276332563e+03
17040.0000000    4.7131874042e+03
17100.0000000    4.7242731512e+03
17160.0000000    4.8050210977e+03
17220.0000000    4.8368567920e+03
17280.0000000    4.8680061158e+03
17340.0000000    4.9311680290e+03
17400.0000000    4.9311159652e+03
17460.0000000    5.0121143730e+03
17520.0000000    5.0071105913e+03
17580.0000000    5.0616922628e+03
17640.0000000    5.0889151375e+03
17700.0000000    5.1169424353e+03
17760.0000000    5.1873228829e+03
17820.0000000    5.1889232093e+03
17880.0000000    5.2851366359e+03
17940.0000000    5.2912814946e+03
18000.0000000    5.3851941699e+03
18060.0000000    5.4329016871e+03
18120.0000000    5.4634835409e+03
18180.0000000    5.5593369399e+03
18240.0000000    5.5404012600e+03
18300.0000000    5.6433182160e+03
18360.0000000    5.6275167920e+03
18420.0000000    5.6693025773e+03
18480.0000000    5.7067870002e+03
18540.0000000    5.6867275692e+03
18600.0000000    5.7654481435e+03
18660.0000000    5.7233314494e+03
18720.0000000    5.7951825775e+03
18780.0000000    5.7762310939e+03
18840.0000000    5.7936365507e+03
18900.0000000    5.8293004796e+03
18960.0000000    5.7904482401e+03
19020.0000000    5.8575149099e+03
19080.0000000    5.8042822785e+03
19140.0000000    5.8527874549e+03
19200.0000000    5.8372335368e+03
19260.0000000    5.8411201149e+03
19320.0000000    5.8740328940e+03
19380.0000000    5.8337300130e+03
19440.0000000    5.9001230002e+03
19500.0000000    5.8549476512e+03
19560.0000000    5.9065276731e+03
19620.0000000    5.8966136808e+03
19680.0000000    5.9027397675e+03
19740.0000000    5.9449813323e+03
19800.0000000    5.8813853778e+03
19860.0000000    5.9387465472e+03
19920.0000000    5.8668508701e+03
19980.0000000    5.8556548625e+03
20040.0000000    5.8212468797e+03
20100.0000000    5.7492390219e+03
20160.0000000    5.7513010238e+03
20220.0000000    5.6815962613e+03
20280.0000000    5.6958708604e+03
20340.0000000    5.6618473613e+03
20400.0000000    5.6775710150e+03
20460.0000000    5.6726560825e+03
20520.0000000    5.6625255432e+03
20580.0000000    5.6819234262e+03
20640.0000000    5.6471134829e+03
20700.0000000    5.6712215608e+03
20760.0000000    5.6485582831e+03
20820.0000000    5.6726879944e+03
20880.0000000    5.6771613439e+03
20940.0000000    5.7042726470e+03
21000.0000000    5.7335669426e+03
21060.0000000    5.7560303246e+03
21120.0000000    5.8239521790e+03
21180.0000000    5.8395764095e+03
21240.0000000    5.9351182491e+03
21300.0000000    5.9653077117e+03
21360.0000000    6.0799723652e+03
21420.0000000    6.1588297321e+03
21480.0000000    6.2309067733e+03
21540.0000000    6.3758927708e+03
21600.0000000    6.3980303119e+03
21660.0000000    6.5563590988e+03
21720.0000000    6.5894377288e+03
21780.0000000    6.7081119845e+03
21840.0000000    6.8120685004e+03
21900.0000000    6.8628463467e+03
21960.0000000    7.0463967801e+03
22020.0000000    7.0551291780e+03
22080.0000000    7.2466592457e+03
22140.0000000    7.2921339473e+03
22200.0000000    7.3959600418e+03
22260.0000000    7.5313526692e+03
22320.0000000    7.5181181428e+03
22380.0000000    7.7022076677e+03
22440.0000000    7.6533654801e+03
22500.0000000    7.7670260986e+03
22560.0000000    7.7919497949e+03
22620.0000000    7.7862305060e+03
22680.0000000    7.8970481863e+03
22740.0000000    7.8211689679e+03
22800.0000000    7.9481302592e+03
22860.0000000    7.8894338489e+03
22920.0000000    7.9523147274e+03
22980.0000000    7.9805537994e+03
23040.0000000    7.9620428259e+03
23100.0000000    8.0763983769e+03
23160.0000000    8.0091128358e+03
23220.0000000    8.1456816009e+03
23280.0000000    8.0942088860e+03
23340.0000000    8.1489345656e+03
23400.0000000    8.1912848263e+03
23460.0000000    8.1238592445e+03
23520.0000000    8.2285564942e+03
23580.0000000    8.1089238090e+03
23640.0000000    8.1811764354e+03
23700.0000000    8.1133845206e+03
23760.0000000    8.0805657104e+03
23820.0000000    8.0997471612e+03
23880.0000000    7.9810417091e+03
23940.0000000    8.0398250841e+03
24000.0000000    7.9281239403e+03
24060.0000000    7.9563791342e+03
24120.0000000    7.9061496254e+03
24180.0000000    7.8689107620e+03
24240.0000000    7.8963707767e+03
24300.0000000    7.8147930290e+03
24360.0000000    7.8804934586e+03
24420.0000000    7.7946074521e+03
24480.0000000    7.8301386955e+03
24540.0000000    7.7914765358e+03
24600.0000000    7.7564776379e+03
24660.0000000    7.7840386342e+03
24720.0000000    7.6950601260e+03
24780.0000000    7.7431002107e+03
24840.0000000    7.6657234041e+03
24900.0000000    7.6917759218e+03
24960.0000000    7.6693954014e+03
25020.0000000    7.6444666648e+03
25080.0000000    7.6751531984e+03
25140.0000000    7.6019619034e+03
25200.0000000    7.6504976225e+03
25260.0000000    7.5806845578e+03
25320.0000000    7.5907891691e+03
25380.0000000    7.5650480944e+03
25440.0000000    7.5419740720e+03
25500.0000000    7.5665498723e+03
25560.0000000    7.5471862657e+03
25620.0000000    7.6127282313e+03
25680.0000000    7.6117392095e+03
25740.0000000    7.7164446762e+03
25800.0000000    7.7378670102e+03
25860.0000000    7.8463108704e+03
25920.0000000    7.9380901595e+03
25980.0000000    7.9908786237e+03
26040.0000000    8.1543035369e+03
26100.0000000    8.1525524819e+03
26160.0000000    8.3305080789e+03
26220.0000000    8.3548448657e+03
26280.0000000    8.4420738317e+03
26340.0000000    8.5412258209e+03
26400.0000000    8.5471302377e+03
26460.0000000    8.7270652117e+03
26520.0000000    8.7111066085e+03
26580.0000000    8.9055956581e+03
26640.0000000    8.9437677859e+03
26700.0000000    9.0684956154e+03
26760.0000000    9.2347908696e+03
26820.0000000    9.2149233501e+03
26880.0000000    9.4435489313e+03
26940.0000000    9.3667273330e+03
27000.0000000    9.4970695709e+03
27060.0000000    9.5121447430e+03
27120.0000000    9.4787623128e+03
27180.0000000    9.6078782243e+03
27240.0000000    9.4805524367e+03
27300.0000000    9.6305738227e+03
27360.0000000    9.5359823223e+03
27420.0000000    9.5814565887e+03
27480.0000000    9.5979545627e+03
27540.0000000    9.4835369070e+03
27600.0000000    9.5875164567e+03
27660.0000000    9.4147846093e+03
27720.0000000    9.4927318325e+03
27780.0000000    9.3885527202e+03
27840.0000000    9.3328876393e+03
27900.0000000    9.3379522697e+03
27960.0000000    9.1573350039e+03
28020.0000000    9.2059726418e+03
28080.0000000    9.0168728446e+03
28140.0000000    9.0027948479e+03
28200.0000000    8.9149747305e+03
28260.0000000    8.8314851523e+03
28320.0000000    8.8407433533e+03
28380.0000000    8.7229665261e+03
28440.0000000    8.7883199488e+03
28500.0000000    8.6618706794e+03
28560.0000000    8.6834548903e+03
28620.0000000    8.6163970180e+03
28680.0000000    8.5346938279e+03
28740.0000000    8.5438678067e+03
28800.0000000    8.3831782209e+03
28860.0000000    8.4013942574e+03
28920.0000000    8.2644077828e+03
28980.0000000    8.2293892849e+03
29040.0000000    8.1638886427e+03
29100.0000000    8.0487411315e+03
29160.0000000    8.0424332645e+03
29220.0000000    7.9246095678e+03
29280.0000000    7.9274100856e+03
29340.0000000    7.8448506778e+03
29400.0000000    7.8387890134e+03
29460.0000000    7.8108740989e+03
29520.0000000    7.7783119787e+03
29580.0000000    7.8001098972e+03
29640.0000000    7.7620324519e+03
29700.0000000    7.8154557845e+03
29760.0000000    7.7623667726e+03
29820.0000000    7.8006541320e+03
29880.0000000    7.7838920710e+03
29940.0000000    7.7741885710e+03
30000.0000000    7.8003413076e+03
30060.0000000    7.7633821860e+03
30120.0000000    7.8217362544e+03
30180.0000000    7.7863013802e+03
30240.0000000    7.8449535055e+03
30300.0000000    7.8388171121e+03
30360.0000000    7.8691100511e+03
30420.0000000    7.9172433621e+03
