   5.0000000    2.2885057318e+00   -4.1643142348e-08
  10.0000000    1.1380110865e+01   -4.5815228356e-07
  15.0000000    1.5220251692e+01    1.1725956055e-06
  20.0000000    5.4600633856e+00   -2.3234154367e-07
  25.0000000    8.6135070769e-01    1.4282427030e-06
  30.0000000    2.0086964233e+01    5.3432105819e-06
  35.0000000    4.2882364260e+01    3.3701361415e-06
  40.0000000    3.5184288523e+01    1.0014344676e-06
  45.0000000    5.8141923985e+00   -6.3875956354e-06
  50.0000000    6.4605679743e+00    1.2100377219e-04
  55.0000000    4.8131329125e+01   -4.3413918929e-03
  60.0000000    7.5803077245e+01   -4.0677554642e-02
  65.0000000    4.2536836230e+01    1.1917885484e-03
  70.0000000    1.5777646646e+00    5.1084849536e-02
  75.0000000    2.1980796709e+01   -1.8205243769e-02
  80.0000000    8.2315837467e+01    1.5900316432e-02
  85.0000000    9.7302023207e+01   -1.4741564426e-01
  90.0000000    4.3760582209e+01    1.9781724051e-01
  95.0000000   -2.1471109941e-01    1.3369032896e-01
 100.0000000    4.5796940214e+01    5.1794859107e-01
 105.0000000    1.2856468282e+02    2.7216743397e-01
 110.0000000    1.2653632365e+02    4.4768850498e-01
 115.0000000    4.2027626439e+01    9.3693103124e-02
 120.0000000    4.0364557688e-01   -5.3925040490e-02
 125.0000000    7.3013486638e+01    1.1328200812e-01
 130.0000000    1.4740046868e+02   -6.2152297878e-01
 135.0000000    1.1416493802e+02   -7.3059831227e-01
 140.0000000    2.3672644201e+01   -4.2604659547e-01
 145.0000000    6.8495797389e+00    5.9491843962e-01
 150.0000000    1.0224928014e+02    1.8617819197e-01
 155.0000000    1.5168844694e+02    2.4763876673e-01
 160.0000000    9.3383229190e+01    1.0439935136e-01
 165.0000000    7.2790401056e+00    1.2526586115e+00
 170.0000000    3.3147072554e+01    5.2677635227e-01
 175.0000000    1.4254041947e+02    6.0610369129e-01
 180.0000000    1.6068849292e+02    1.6453173520e+00
 185.0000000    6.9795585533e+01    1.5375683279e+00
 190.0000000   -6.6167999914e-01    2.0642988212e+00
 195.0000000    6.4118970540e+01    1.9787659253e+00
 200.0000000    1.7871609277e+02    7.3183060307e-01
 205.0000000    1.7815771315e+02    8.9166699770e-01
 210.0000000    4.5950057844e+01   -3.5357054202e-01
 215.0000000    2.8520516358e+00    4.7768614183e-01
 220.0000000    1.1548633732e+02    1.3644666840e+00
 225.0000000    2.0499144705e+02    4.7364963472e+00
 230.0000000    1.5846057387e+02    4.0803902983e+00
 235.0000000    2.3673446596e+01    2.4685140396e+00
 240.0000000    2.0629255790e+01    1.5894017013e+00
 245.0000000    1.4826303486e+02    5.0757125065e+00
 250.0000000    2.3021305619e+02    4.9946116402e+00
 255.0000000    1.2260168366e+02    3.9433784414e+00
 260.0000000    6.6587339884e+00    4.3143280790e+00
 265.0000000    5.0240021652e+01    5.9717909552e+00
 270.0000000    1.8631862723e+02    7.2455098958e+00
 275.0000000    2.2098080050e+02    3.6113888368e+00
 280.0000000    9.0939845472e+01    3.8822607270e+00
 285.0000000   -2.3839450136e+00    4.0275187619e+00
 290.0000000    9.3679030295e+01   -3.5684408487e-01
 295.0000000    2.3934514258e+02    5.5812406231e-01
 300.0000000    2.3498561176e+02    7.3456483165e+00
 305.0000000    7.3199686125e+01    8.8136814013e+00
 310.0000000   -1.3083153279e+00    1.0616979806e+01
 315.0000000    1.2866845792e+02    1.1350753592e+01
 320.0000000    2.7728586606e+02    8.8008525293e+00
 325.0000000    2.1618887059e+02    8.3823854750e+00
 330.0000000    4.0961596832e+01    9.6162049218e+00
 335.0000000    1.2320717830e+01    1.4504990808e+01
 340.0000000    1.6648673208e+02    1.2789467812e+01
 345.0000000    2.9443093773e+02    1.3637669136e+01
 350.0000000    1.8860768338e+02    1.3608189774e+01
 355.0000000    1.6937917616e+01    1.0497396040e+01
 360.0000000    4.6036020350e+01    1.0455515619e+01
 365.0000000    2.3795980279e+02    8.7788922141e+00
 370.0000000    2.9276802703e+02    4.4285628678e+00
 375.0000000    1.4236972956e+02    7.3038076162e+00
 380.0000000   -3.3138592563e+00    1.5965776873e+01
 385.0000000    6.9275616509e+01    1.6877118882e+01
 390.0000000    2.4878962762e+02    1.0279551721e+01
 395.0000000    3.0291826156e+02    8.1971349220e+00
 400.0000000    1.1687968424e+02    1.2147162931e+01
 405.0000000   -1.0077477143e+01    1.3348652804e+01
 410.0000000    9.9446307945e+01    1.7465351957e+01
 415.0000000    2.9138293217e+02    2.4012256197e+01
 420.0000000    2.8652116648e+02    2.0074631390e+01
 425.0000000    7.5401384479e+01    2.6718124897e+01
 430.0000000   -4.6474439702e+00    2.2409504079e+01
 435.0000000    1.5222876901e+02    1.7039903576e+01
 440.0000000    3.3215158662e+02    2.0182034720e+01
 445.0000000    2.5424000605e+02    1.4693804588e+01
   5.0000000    2.2885057318e+00   -4.1643142348e-08
  10.0000000    1.1380110865e+01   -4.5815228356e-07
  15.0000000    1.5220251692e+01    1.1725956055e-06
  20.0000000    5.4600633856e+00   -2.3234154367e-07
  25.0000000    8.6135070769e-01    1.4282427030e-06
  30.0000000    2.0086964233e+01    5.3432105819e-06
  35.0000000    4.2882364260e+01    3.3701361415e-06
  40.0000000    3.5184288523e+01    1.0014344676e-06
  45.0000000    5.8141923985e+00   -6.3875956354e-06
  50.0000000    6.4605679743e+00    1.2100377219e-04
  55.0000000    4.8131329125e+01   -4.3413918929e-03
  60.0000000    7.5803077245e+01   -4.0677554642e-02
  65.0000000    4.2536836230e+01    1.1917885484e-03
  70.0000000    1.5777646646e+00    5.1084849536e-02
  75.0000000    2.1980796709e+01   -1.8205243769e-02
  80.0000000    8.2315837467e+01    1.5900316432e-02
  85.0000000    9.7302023207e+01   -1.4741564426e-01
  90.0000000    4.3760582209e+01    1.9781724051e-01
  95.0000000   -2.1471109941e-01    1.3369032896e-01
 100.0000000    4.5796940214e+01    5.1794859107e-01
 105.0000000    1.2856468282e+02    2.7216743397e-01
 110.0000000    1.2653632365e+02    4.4768850498e-01
 115.0000000    4.2027626439e+01    9.3693103124e-02
 120.0000000    4.0364557688e-01   -5.3925040490e-02
 125.0000000    7.3013486638e+01    1.1328200812e-01
 130.0000000    1.4740046868e+02   -6.2152297878e-01
 135.0000000    1.1416493802e+02   -7.3059831227e-01
 140.0000000    2.3672644201e+01   -4.2604659547e-01
 145.0000000    6.8495797389e+00    5.9491843962e-01
 150.0000000    1.0224928014e+02    1.8617819197e-01
 155.0000000    1.5168844694e+02    2.4763876673e-01
 160.0000000    9.3383229190e+01    1.0439935136e-01
 165.0000000    7.2790401056e+00    1.2526586115e+00
 170.0000000    3.3147072554e+01    5.2677635227e-01
 175.0000000    1.4254041947e+02    6.0610369129e-01
 180.0000000    1.6068849292e+02    1.6453173520e+00
 185.0000000    6.9795585533e+01    1.5375683279e+00
 190.0000000   -6.6167999914e-01    2.0642988212e+00
 195.0000000    6.4118970540e+01    1.9787659253e+00
 200.0000000    1.7871609277e+02    7.3183060307e-01
 205.0000000    1.7815771315e+02    8.9166699770e-01
 210.0000000    4.5950057844e+01   -3.5357054202e-01
 215.0000000    2.8520516358e+00    4.7768614183e-01
 220.0000000    1.1548633732e+02    1.3644666840e+00
 225.0000000    2.0499144705e+02    4.7364963472e+00
 230.0000000    1.5846057387e+02    4.0803902983e+00
 235.0000000    2.3673446596e+01    2.4685140396e+00
 240.0000000    2.0629255790e+01    1.5894017013e+00
 245.0000000    1.4826303486e+02    5.0757125065e+00
 250.0000000    2.3021305619e+02    4.9946116402e+00
 255.0000000    1.2260168366e+02    3.9433784414e+00
 260.0000000    6.6587339884e+00    4.3143280790e+00
 265.0000000    5.0240021652e+01    5.9717909552e+00
 270.0000000    1.8631862723e+02    7.2455098958e+00
 275.0000000    2.2098080050e+02    3.6113888368e+00
 280.0000000    9.0939845472e+01    3.8822607270e+00
 285.0000000   -2.3839450136e+00    4.0275187619e+00
 290.0000000    9.3679030295e+01   -3.5684408487e-01
 295.0000000    2.3934514258e+02    5.5812406231e-01
 300.0000000    2.3498561176e+02    7.3456483165e+00
 305.0000000    7.3199686125e+01    8.8136814013e+00
 310.0000000   -1.3083153279e+00    1.0616979806e+01
 315.0000000    1.2866845792e+02    1.1350753592e+01
 320.0000000    2.7728586606e+02    8.8008525293e+00
 325.0000000    2.1618887059e+02    8.3823854750e+00
 330.0000000    4.0961596832e+01    9.6162049218e+00
 335.0000000    1.2320717830e+01    1.4504990808e+01
 340.0000000    1.6648673208e+02    1.2789467812e+01
 345.0000000    2.9443093773e+02    1.3637669136e+01
 350.0000000    1.8860768338e+02    1.3608189774e+01
 355.0000000    1.6937917616e+01    1.0497396040e+01
 360.0000000    4.6036020350e+01    1.0455515619e+01
 365.0000000    2.3795980279e+02    8.7788922141e+00
 370.0000000    2.9276802703e+02    4.4285628678e+00
 375.0000000    1.4236972956e+02    7.3038076162e+00
 380.0000000   -3.3138592563e+00    1.5965776873e+01
 385.0000000    6.9275616509e+01    1.6877118882e+01
 390.0000000    2.4878962762e+02    1.0279551721e+01
 395.0000000    3.0291826156e+02    8.1971349220e+00
 400.0000000    1.1687968424e+02    1.2147162931e+01
 405.0000000   -1.0077477143e+01    1.3348652804e+01
 410.0000000    9.9446307945e+01    1.7465351957e+01
 415.0000000    2.9138293217e+02    2.4012256197e+01
 420.0000000    2.8652116648e+02    2.0074631390e+01
 425.0000000    7.5401384479e+01    2.6718124897e+01
 430.0000000   -4.6474439702e+00    2.2409504079e+01
 435.0000000    1.5222876901e+02    1.7039903576e+01
 440.0000000    3.3215158662e+02    2.0182034720e+01
 445.0000000    2.5424000605e+02    1.4693804588e+01
 450.0000000    4.4819569486e+01    1.3147126604e+01
 455.0000000    1.6630018953e+01    9.5641405151e+00
 460.0000000    2.2928779050e+02    3.0191862197e+01
 465.0000000    3.3562822517e+02    2.3393850972e+01
 470.0000000    2.0556233312e+02    1.3728848992e+01
 475.0000000    1.5330276896e+01    1.4152511573e+01
 480.0000000    4.5207839757e+01    2.6985803510e+01
 485.0000000    2.1440381687e+02    1.7916841072e+01
 490.0000000    3.3172483564e+02    1.9672888928e+01
 495.0000000    1.7989006365e+02    2.7892230523e+01
 500.0000000   -8.4855961977e+00    3.4168505308e+01
 505.0000000    5.1193727051e+01    2.8977678365e+01
 510.0000000    3.0167289043e+02    2.5130331546e+01
 515.0000000    3.3404187501e+02    2.1485667197e+01
 520.0000000    1.3023381103e+02    2.1535849808e+01
 525.0000000   -1.9789106150e+01    1.4159692615e+01
 530.0000000    1.0923970944e+02    1.9548301855e+01
 535.0000000    3.6020795939e+02    4.0041487696e+01
 540.0000000    3.6685271998e+02    5.0645593321e+01
 545.0000000    9.5198524690e+01    3.5806398854e+01
 550.0000000   -1.5035428538e+01    3.1213959551e+01
 555.0000000    2.0345998370e+02    3.3394597778e+01
 560.0000000    3.9259756819e+02    2.3829650392e+01
 565.0000000    3.1780497554e+02    2.6577319897e+01
 570.0000000    5.6401703959e+01    3.5106974743e+01
 575.0000000   -1.2777089287e+01    2.8988609155e+01
 580.0000000    2.2648157781e+02    3.1539691336e+01
 585.0000000    4.3104905730e+02    3.5724963815e+01
 590.0000000    3.0182080674e+02    3.1029564844e+01
 595.0000000    2.1455709018e+01    2.9281971890e+01
 600.0000000    1.7103535170e+01    2.8554403895e+01
 605.0000000    2.9509392046e+02    1.5916614127e+01
 610.0000000    4.3835581914e+02    2.0686115715e+01
 615.0000000    2.4090851047e+02    3.4398378138e+01
 620.0000000   -1.4303617496e+01    2.9645515618e+01
 625.0000000    5.9565969910e+01    2.8286593908e+01
 630.0000000    3.9152676986e+02    2.6706162911e+01
 635.0000000    4.7769216436e+02    3.1127720828e+01
 640.0000000    1.9137619017e+02    2.8216274937e+01
 645.0000000   -4.5487578159e+01    2.6300391733e+01
 650.0000000    1.2860158422e+02    5.0887433759e+01
 655.0000000    4.5951595237e+02    4.1665263743e+01
 660.0000000    4.6622666635e+02    3.7129559400e+01
 665.0000000    1.3996432811e+02    3.3057106618e+01
 670.0000000   -5.3360145690e+01    2.6156072031e+01
 675.0000000    1.7471029777e+02    2.8735552708e+01
 680.0000000    5.2222208936e+02    2.5399021754e+01
 685.0000000    4.5877522585e+02    2.4346428262e+01
 690.0000000    7.4875124281e+01    2.6336193512e+01
 695.0000000   -2.7308106891e+01    5.1612602749e+01
 700.0000000    2.6717386350e+02    3.1886873579e+01
 705.0000000    5.7484748208e+02    2.8753876115e+01
 710.0000000    4.0977090249e+02    2.2954399121e+01
 715.0000000    1.0639447016e+01    3.8281991563e+01
 720.0000000   -3.8181972830e+01    1.7467235532e+01
 725.0000000    3.6107508775e+02    2.7788682165e+01
 730.0000000    6.1911213063e+02    2.4589769659e+01
 735.0000000    3.5100820943e+02    3.4078196511e+01
 740.0000000   -3.6896401041e+01    3.3735515600e+01
 745.0000000    5.1380091128e+01    3.2402540118e+01
 750.0000000    4.7787196954e+02    2.5039813539e+01
 755.0000000    6.2658804617e+02    2.5399138909e+01
 760.0000000    2.7749912232e+02    1.7881610462e+01
 765.0000000   -7.4562429710e+01    1.7731742318e+01
 770.0000000    1.2372922940e+02    3.3677952034e+01
 775.0000000    6.1562265810e+02    3.7467462217e+01
 780.0000000    6.2520049493e+02    2.6756171693e+01
 785.0000000    1.7801843708e+02    2.7656270161e+01
 790.0000000   -7.5660002553e+01    2.9247301835e+01
 795.0000000    2.3365669136e+02    1.5121275292e+01
 800.0000000    6.8625979423e+02    2.0843682129e+01
 805.0000000    5.9846545739e+02    2.1994109625e+01
 810.0000000    9.0715146593e+01    2.3929529587e+01
 815.0000000   -8.4148918171e+01    2.1554204456e+01
 820.0000000    3.5436913912e+02    1.6870230996e+01
 825.0000000    7.7537731247e+02    2.0767536655e+01
 830.0000000    5.3899697894e+02    1.8371625926e+01
 835.0000000    5.1733216886e+00    1.3248586183e+01
 840.0000000   -3.1951850724e+01    1.0160978505e+01
 845.0000000    4.7586943978e+02    1.0033847315e+01
 850.0000000    8.0727034591e+02    1.5217872499e+01
 855.0000000    4.4745491326e+02    1.8611356221e+01
 860.0000000   -6.5475229663e+01    1.7128794635e+01
 865.0000000    5.4637758937e+01    1.1769271795e+01
 870.0000000    6.5331681216e+02    1.1865931577e+01
 875.0000000    8.4573084615e+02    1.4677340800e+01
 880.0000000    3.4164982565e+02    1.5169030376e+01
 885.0000000   -1.1089656315e+02    1.7197799729e+01
 890.0000000    1.6278794511e+02    1.3965004089e+01
 895.0000000    7.7550433939e+02    1.4418446092e+01
 900.0000000    8.0649531992e+02    1.2244486706e+01
 905.0000000    2.1364646251e+02    1.1589537166e+01
 910.0000000   -1.2706070531e+02    1.3211134504e+01
 915.0000000    3.3218462590e+02    1.1497566528e+01
 920.0000000    8.9741170362e+02    6.6254008475e+00
 925.0000000    7.4314577742e+02    7.6764729582e+00
 930.0000000    9.0740579980e+01    1.2946346077e+01
 935.0000000   -1.0358092971e+02    9.9299798064e+00
 940.0000000    4.6082350462e+02    6.7154221889e+00
 945.0000000    9.7768310019e+02    5.9298156280e+00
 950.0000000    6.6326618547e+02    6.2721475927e+00
 955.0000000   -1.7034370423e+01    5.1649625352e+00
 960.0000000   -5.2615453993e+01    9.1364264271e+00
 965.0000000    6.2486600754e+02    9.7762487597e+00
 970.0000000    1.0319432479e+03    6.8333508202e+00
 975.0000000    5.3592930374e+02    1.1590971805e+01
 980.0000000   -1.0435480351e+02    1.0087653457e+01
 985.0000000    5.2827729647e+01    8.0026854937e+00
 990.0000000    8.1389485928e+02    9.5304373907e+00
 995.0000000    1.0320967060e+03    5.6704347902e+00
1000.0000000    3.9881264187e+02    3.4407004968e+00
1005.0000000   -1.5558277097e+02    5.8910134872e+00
1010.0000000    2.1594386866e+02    1.2977787763e+01
1015.0000000    9.4259032611e+02    1.1925501540e+01
1020.0000000    9.6648973694e+02    3.9577060689e+00
1025.0000000    2.3696362419e+02    6.4594427500e+00
1030.0000000   -1.6956132620e+02    1.4017231807e+01
1035.0000000    3.2767391513e+02    1.0734904653e+01
1040.0000000    1.0428438899e+03    1.0428378990e+01
1045.0000000    8.9869987681e+02    1.3081986599e+01
1050.0000000    9.4477977703e+01    1.4798375505e+01
1055.0000000   -1.7584940720e+02    1.0559618795e+01
1060.0000000    5.2437274486e+02    8.0065682519e+00
1065.0000000    1.1205080145e+03    1.1184048491e+01
1070.0000000    7.5921093565e+02    1.0583266282e+01
1075.0000000   -3.5402309866e+01    1.1253128904e+00
1080.0000000   -8.1241025058e+01    4.9446239330e+00
1085.0000000    7.4823429413e+02    2.4775659928e+01
1090.0000000    1.2243789340e+03    2.6978981305e+01
1095.0000000    6.3088956190e+02    1.9834069404e+01
1100.0000000   -1.3499632300e+02    1.6965216332e+01
1105.0000000    6.7537489447e+01    1.8947233625e+01
1110.0000000    8.9769507316e+02    1.0386581083e+01
1115.0000000    1.2044455665e+03    2.7141935498e+01
1120.0000000    4.5331041573e+02    3.0299167982e+01
1125.0000000   -2.2021773347e+02    2.3922159717e+01
1130.0000000    1.9323895181e+02    3.1967987144e+01
1135.0000000    1.0818862954e+03    3.3529221697e+01
1140.0000000    1.1465250888e+03    2.1720171865e+01
1145.0000000    2.8230131873e+02    3.0359578198e+01
1150.0000000   -2.3686135584e+02    2.1236956113e+01
1155.0000000    3.4257948289e+02    6.2504445477e+00
1160.0000000    1.1467257284e+03    1.8096504653e+01
1165.0000000    1.0176580902e+03    3.7726157091e+01
1170.0000000    1.1376704751e+02    3.4325249003e+01
1175.0000000   -2.4059282250e+02    2.2811424256e+01
1180.0000000    5.8422855507e+02    3.1867675217e+01
1185.0000000    1.2814385900e+03    3.0472310700e+01
1190.0000000    9.1613771850e+02    3.2555516499e+01
1195.0000000   -5.4955206506e+01    3.6176406027e+01
1200.0000000   -1.3237589012e+02    5.1926221602e+01
1205.0000000    7.8372540081e+02    5.6646960790e+01
1210.0000000    1.3595145310e+03    5.6001722660e+01
1215.0000000    7.3797761591e+02    3.8576396026e+01
1220.0000000   -1.7567660175e+02    3.2680881232e+01
1225.0000000   -3.3586623080e+01    4.6943111835e+01
1230.0000000    9.5641660361e+02    2.6624520135e+01
1235.0000000    1.3441046865e+03    2.9072577968e+01
1240.0000000    5.2315792474e+02    3.1924581254e+01
1245.0000000   -2.3547016302e+02    7.5889083932e+01
1250.0000000    1.2159766068e+02    5.9424020492e+01
1255.0000000    1.1259143788e+03    4.4294396475e+01
1260.0000000    1.2968788763e+03    2.7500712500e+01
1265.0000000    3.3501684202e+02    4.2181772800e+01
1270.0000000   -3.8821017140e+02    3.9703103012e+01
1275.0000000    2.5784852088e+02    6.3718337562e+01
1280.0000000    1.2683611920e+03    4.6222535662e+01
1285.0000000    1.2013258401e+03    5.8041709757e+01
1290.0000000    1.5732678232e+02    6.4144496035e+01
1295.0000000   -3.1904935696e+02    6.1107905032e+01
1300.0000000    4.8899130001e+02    6.1050676024e+01
1305.0000000    1.4369854285e+03    5.8882477347e+01
1310.0000000    1.1073556802e+03    3.0434438236e+01
1315.0000000   -3.8682320236e+01    1.6695740134e+01
1320.0000000   -2.7419584478e+02    7.2305765579e+01
1325.0000000    7.6894531943e+02    8.2860542090e+01
1330.0000000    1.5101380832e+03    7.6881122452e+01
1335.0000000    8.7583638697e+02    7.1748717122e+01
1340.0000000   -1.9290022213e+02    7.6810536174e+01
1345.0000000   -2.3406249362e+02    3.3312956379e+01
1350.0000000    9.8094368694e+02    8.3762273793e+01
1355.0000000    1.5337314327e+03    6.9402021653e+01
1360.0000000    6.9916554998e+02    9.2716353217e+01
1365.0000000   -3.4356797174e+02    8.2976133996e+01
1370.0000000   -5.5578068841e+01    6.2364779363e+01
1375.0000000    1.1804629370e+03    6.5327708562e+01
1380.0000000    1.5144447513e+03    7.5859593510e+01
1385.0000000    4.7942737656e+02    5.2569945538e+01
1390.0000000   -4.4257817780e+02    3.8283583182e+01
1395.0000000    7.5539526373e+01    2.4897005380e+01
1400.0000000    1.3806224710e+03    6.4203432491e+01
1405.0000000    1.4764383299e+03    7.9223849406e+01
1410.0000000    2.2938043407e+02    8.4756067028e+01
1415.0000000   -4.6047604849e+02    5.7105641964e+01
1420.0000000    3.9793205502e+02    4.9119335170e+01
1425.0000000    1.6624545440e+03    9.1422073850e+01
1430.0000000    1.3676196272e+03    8.1434949152e+01
1435.0000000   -3.5858971939e+00    8.0970358878e+01
1440.0000000   -4.6525011589e+02    7.1366124128e+01
1445.0000000    6.9712058204e+02    7.3107238623e+01
1450.0000000    1.7045824338e+03    5.2006362034e+01
1455.0000000    1.1517474199e+03    5.8496192713e+01
1460.0000000   -2.2109847157e+02    7.8863883382e+01
1465.0000000   -2.9452612066e+02    6.7507919293e+01
1470.0000000    9.9780081658e+02    3.7911821149e+01
1475.0000000    1.7602169055e+03    3.6749665146e+01
1480.0000000    8.7056158852e+02    7.3509227499e+01
1485.0000000   -4.0863833089e+02    7.3119409414e+01
1490.0000000   -2.1283682919e+02    5.6044516281e+01
1495.0000000    1.2751506247e+03    3.2366664905e+01
1500.0000000    1.8508052033e+03    4.9394494858e+01
1505.0000000    6.6293845397e+02    4.8191895055e+01
1510.0000000   -5.6727261930e+02    7.4702127206e+01
1515.0000000   -8.0314357040e+00    6.9626864972e+01
1520.0000000    1.5707851878e+03    5.2268851211e+01
1525.0000000    1.7694701390e+03    7.0916194222e+01
1530.0000000    3.3835521254e+02    7.5891622917e+01
1535.0000000   -6.2472198922e+02    6.6139623642e+01
1540.0000000    3.8805145084e+02    7.3345610736e+01
1545.0000000    1.8613992961e+03    5.2062785985e+01
1550.0000000    1.6656530863e+03    3.7706631483e+01
1555.0000000    4.2693534152e+01    4.8671834726e+01
1560.0000000   -5.9124887923e+02    7.1207379402e+01
1565.0000000    6.5302742295e+02    7.6953245505e+01
1570.0000000    1.9554630930e+03    4.6795231927e+01
1575.0000000    1.3963121558e+03    4.8781932126e+01
1580.0000000   -2.3690608926e+02    6.5457814066e+01
1585.0000000   -5.5452141543e+02    6.6119371773e+01
1590.0000000    9.7501964668e+02    5.0042806617e+01
1595.0000000    2.1252937399e+03    7.1839313582e+01
1600.0000000    1.1479855620e+03    6.4537059787e+01
1605.0000000   -5.0019711478e+02    4.5381382965e+01
1610.0000000   -3.9612052186e+02    3.7897454928e+01
1615.0000000    1.3010867221e+03    5.1589389302e+01
1620.0000000    2.0862727477e+03    4.2872781252e+01
1625.0000000    8.1511074609e+02    2.9593253478e+01
1630.0000000   -6.5084119714e+02    4.1271814723e+01
1635.0000000   -5.1384055105e+01    7.3419337832e+01
1640.0000000    1.7599341907e+03    7.3626453679e+01
1645.0000000    2.1033379643e+03    5.9026419826e+01
1650.0000000    4.7932041837e+02    3.7546987434e+01
1655.0000000   -7.1931600127e+02    5.4549543342e+01
1660.0000000    2.3821749077e+02    4.6486440349e+01
1665.0000000    2.0366089327e+03    5.8598664414e+01
1670.0000000    1.9253576998e+03    7.9678599910e+01
1675.0000000    1.1279378096e+02    4.9685592465e+01
1680.0000000   -7.5933066704e+02    5.7300851854e+01
1685.0000000    6.5195158685e+02    7.8227856564e+01
1690.0000000    2.2519246716e+03    5.5344729177e+01
1695.0000000    1.6886847846e+03    5.9687716598e+01
1700.0000000   -2.0073266390e+02    4.8158647826e+01
1705.0000000   -7.0945699337e+02    2.4682076312e+01
1710.0000000    9.3195106923e+02    4.6258754166e+01
1715.0000000    2.3257988776e+03    7.8350454486e+01
1720.0000000    1.3965592240e+03    6.5801849110e+01
1725.0000000   -5.0603378023e+02    3.7090884866e+01
1730.0000000   -4.7493905828e+02    3.7614022787e+01
1735.0000000    1.3710997909e+03    5.6760330307e+01
1740.0000000    2.4528828292e+03    5.9447020119e+01
1745.0000000    1.0500354181e+03    5.6084107829e+01
1750.0000000   -7.1043864523e+02    6.1243128215e+01
1755.0000000   -2.1875266454e+02    7.9467706620e+01
1760.0000000    1.7998685179e+03    7.9747170694e+01
1765.0000000    2.3419376994e+03    5.6450667676e+01
1770.0000000    6.5102500039e+02    5.4399919079e+01
1775.0000000   -8.3584836285e+02    6.7986450231e+01
1780.0000000    4.0029841739e+01    2.4337858269e+01
1785.0000000    2.0233385836e+03    3.1324121728e+01
1790.0000000    2.1029815689e+03    5.7633316482e+01
1795.0000000    2.5530394224e+02    9.0231241181e+01
1800.0000000   -8.6544347323e+02    8.2457079042e+01
1805.0000000    4.6215360288e+02    6.6376815426e+01
1810.0000000    2.3092304399e+03    4.5535130700e+01
1815.0000000    1.9399599684e+03    4.2380468767e+01
1820.0000000   -1.4980316191e+02    6.0040483508e+01
1825.0000000   -8.7849590651e+02    8.9401252397e+01
1830.0000000    8.0118857292e+02    6.9384048840e+01
1835.0000000    2.4178904520e+03    5.6759699550e+01
1840.0000000    1.6675500779e+03    8.0985173809e+01
1845.0000000   -4.6111318006e+02    8.8324799015e+01
1850.0000000   -7.2980954168e+02    8.4849235306e+01
1855.0000000    1.3345130948e+03    8.7123268170e+01
1860.0000000    2.6273065555e+03    3.9764508621e+01
1865.0000000    1.2919138320e+03    1.1544057158e+01
1870.0000000   -7.2092274142e+02    7.7802866490e+01
1875.0000000   -4.6940590136e+02    8.8159686585e+01
1880.0000000    1.7300114069e+03    1.1508922540e+02
1885.0000000    2.5248725768e+03    8.0211095311e+01
1890.0000000    8.6991738345e+02    7.5843809625e+01
1895.0000000   -1.0214377597e+03    7.4738766726e+01
1900.0000000   -1.3051439972e+02    1.4783893133e+02
1905.0000000    1.9868479481e+03    1.0953611190e+02
1910.0000000    2.4563183490e+03    1.3437172063e+02
1915.0000000    4.3885724746e+02    1.2180262879e+02
1920.0000000   -1.0827962391e+03    8.3051972209e+01
1925.0000000    9.4639120834e+01    6.5105363244e+01
1930.0000000    2.2327656894e+03    1.0991442388e+02
1935.0000000    2.2791596018e+03    9.3628061852e+01
1940.0000000   -1.1106095981e+01    5.5147662848e+01
1945.0000000   -1.1991139270e+03    3.6195413169e+01
1950.0000000    5.5134746340e+02    9.7162602635e+01
1955.0000000    2.5514058580e+03    1.0032668536e+02
1960.0000000    1.9705471455e+03    1.3440605112e+02
1965.0000000   -3.8664158382e+02    7.2755655469e+01
1970.0000000   -1.1284231885e+03    4.7815359770e+01
1975.0000000    1.1610069525e+03    1.6184114310e+02
1980.0000000    2.7464281427e+03    1.0897200898e+02
1985.0000000    1.5956683392e+03    1.2674000005e+02
1990.0000000   -7.7020022217e+02    1.1776488126e+02
1995.0000000   -8.2408931780e+02    1.0964453746e+02
2000.0000000    1.4378183664e+03    1.0888002871e+02
2005.0000000    2.7616044126e+03    7.9711014557e+01
2010.0000000    1.1421578743e+03    1.0597697048e+02
2015.0000000   -9.9537449445e+02    6.8340246371e+01
2020.0000000   -6.1218005284e+02    4.6175547126e+01
2025.0000000    1.7445042126e+03    6.7645045977e+01
2030.0000000    2.6305810668e+03    1.2611765263e+02
2035.0000000    6.6977936899e+02    1.2951324814e+02
2040.0000000   -1.2749877241e+03    9.4600093879e+01
2045.0000000   -2.5214879236e+02    3.4226825743e+01
2050.0000000    2.3724153557e+03    1.1941848877e+02
2055.0000000    2.6604814215e+03    9.5202439026e+01
2060.0000000    2.1941771459e+02    1.2702130923e+02
2065.0000000   -1.4051872955e+03    1.4632263786e+02
2070.0000000    1.5165070060e+02    9.0263293563e+01
2075.0000000    2.6060442038e+03    1.2928353750e+02
2080.0000000    2.2954429772e+03    1.6324260830e+02
2085.0000000   -2.4568684619e+02    1.2182588427e+02
2090.0000000   -1.2047169780e+03    1.4748157072e+02
2095.0000000    7.1809382801e+02    9.0336896502e+01
2100.0000000    2.8942321516e+03    8.6399076891e+01
2105.0000000    1.9108329311e+03    1.0770379683e+02
2110.0000000   -6.8839629352e+02    1.4413492998e+02
2115.0000000   -1.1554669388e+03    1.7494195054e+02
2120.0000000    1.2105427668e+03    1.0460301127e+02
2125.0000000    2.9848323585e+03    8.5943097331e+01
2130.0000000    1.5397433088e+03    1.4453405410e+02
2135.0000000   -1.0866287571e+03    1.7123428423e+02
2140.0000000   -1.0225432759e+03    1.2849810292e+02
2145.0000000    1.7191408246e+03    1.5041412520e+02
2150.0000000    2.9436385035e+03    1.4671122961e+02
2155.0000000    1.0289701458e+03    1.4046816366e+02
2160.0000000   -1.4087186627e+03    9.8329932123e+01
2165.0000000   -7.2045269215e+02    1.1725984219e+02
2170.0000000    2.0619874840e+03    1.1418619411e+02
2175.0000000    2.8369990028e+03    5.0484235029e+01
2180.0000000    4.8869292104e+02    9.4415594105e+01
2185.0000000   -1.4778930648e+03    1.5606249578e+02
2190.0000000   -1.3451088690e+02    1.3135073061e+02
2195.0000000    2.6470583467e+03    1.4661137712e+02
2200.0000000    2.6720765932e+03    1.1520799546e+02
2205.0000000   -3.3758702062e+01    1.1108656191e+02
2210.0000000   -1.5563318672e+03    1.5348918653e+02
2215.0000000    3.6619895209e+02    1.4070742330e+02
2220.0000000    2.9192350234e+03    2.0651304574e+02
2225.0000000    2.3256757825e+03    1.4687133418e+02
2230.0000000   -5.5398430483e+02    1.4357885880e+02
2235.0000000   -1.4655817261e+03    1.6426355176e+02
2240.0000000    8.8610105362e+02    1.2479569771e+02
2245.0000000    3.0302870495e+03    1.4124495866e+02
2250.0000000    1.8927793664e+03    1.2622605679e+02
2255.0000000   -1.0306275623e+03    6.8976780945e+01
2260.0000000   -1.4056449908e+03    1.0210533701e+02
2265.0000000    1.4234639201e+03    2.0562677382e+02
2270.0000000    3.1639635431e+03    1.5814702598e+02
2275.0000000    1.4082424253e+03    1.1783260347e+02
2280.0000000   -1.3518716142e+03    1.0516634523e+02
2285.0000000   -1.0585698969e+03    1.4745175114e+02
2290.0000000    1.9986795289e+03    1.3756884601e+02
2295.0000000    3.1248499231e+03    1.4982492929e+02
2300.0000000    8.2444432574e+02    1.0064956085e+02
2305.0000000   -1.6237845838e+03    1.5791377588e+02
2310.0000000   -5.3520991097e+02    1.7317370545e+02
2315.0000000    2.4093515052e+03    1.3745378243e+02
2320.0000000    2.9258920996e+03    1.3432943722e+02
2325.0000000    2.3058839416e+02    1.4924857786e+02
2330.0000000   -1.8836847988e+03    4.3741573684e+01
2335.0000000   -1.8167429840e+02    5.5500784592e+01
2340.0000000    2.6011878771e+03    1.4044643537e+02
2345.0000000    2.6161716043e+03    1.6708120505e+02
2350.0000000   -3.1557195557e+02    1.5506624210e+02
2355.0000000   -1.7407841793e+03    1.4169573393e+02
2360.0000000    4.8214554010e+02    9.6047213519e+01
2365.0000000    3.1571559150e+03    9.2467347006e+01
2370.0000000    2.2785644687e+03    1.1696172711e+02
2375.0000000   -8.4835476784e+02    1.4011881401e+02
2380.0000000   -1.6985131471e+03    1.6223237418e+02
2385.0000000    8.2258857419e+02    7.6212456389e+01
2390.0000000    3.2179243209e+03    9.6132666078e+01
2395.0000000    1.7650008199e+03    1.4492023099e+02
2400.0000000   -1.2969260936e+03    1.3378662596e+02
2405.0000000   -1.3492783615e+03    1.2844037175e+02
2410.0000000    1.5869628454e+03    7.9597469836e+01
2415.0000000    3.2342032951e+03    4.5595182204e+01
2420.0000000    1.1555422100e+03    8.8782359849e+01
2425.0000000   -1.6535362136e+03    1.2475811890e+02
2430.0000000   -9.6496964869e+02    1.7784185871e+02
2435.0000000    2.0705894501e+03    1.0894274917e+02
2440.0000000    3.2376934796e+03    1.0222131141e+02
2445.0000000    5.5445485141e+02    1.5835769078e+02
2450.0000000   -1.8406287514e+03    1.9621892640e+02
2455.0000000   -6.2856605857e+02    1.4991496775e+02
2460.0000000    2.5418744767e+03    1.6358651233e+02
2465.0000000    2.9118201424e+03    1.5726025480e+02
2470.0000000   -2.4049760166e+01    1.0992603230e+02
2475.0000000   -2.0542675121e+03    8.5986700063e+01
2480.0000000   -2.2173145239e+02    1.3409413516e+02
2485.0000000    2.9847112503e+03    1.3775716819e+02
2490.0000000    2.5713565745e+03    7.7110253004e+01
2495.0000000   -6.3348432040e+02    6.6975454683e+01
2500.0000000   -1.9709175319e+03    1.2436364123e+02
2505.0000000    4.1610633753e+02    1.0561811129e+02
2510.0000000    3.2103851705e+03    1.4972944553e+02
2515.0000000    2.1482060249e+03    9.0533189978e+01
2520.0000000   -1.2161680021e+03    7.7984670824e+01
2525.0000000   -1.6637098886e+03    1.9061468371e+02
2530.0000000    9.5099109913e+02    1.0287814036e+02
2535.0000000    3.3393468714e+03    1.7422122991e+02
2540.0000000    1.5928065379e+03    1.2568546230e+02
2545.0000000   -1.5737289275e+03    1.4873968577e+02
2550.0000000   -1.5637548303e+03    1.4232328083e+02
2555.0000000    1.5462828276e+03    8.5080950880e+01
2560.0000000    3.1800499466e+03    1.2885167374e+02
2565.0000000    9.6899314465e+02    8.8432908249e+01
2570.0000000   -1.9738621701e+03    7.3465707733e+01
2575.0000000   -1.1966971418e+03    1.1661614164e+02
2580.0000000    2.1451210207e+03    1.9795226874e+02
2585.0000000    3.0159521165e+03    1.4530016555e+02
2590.0000000    3.1833648235e+02    1.1474731539e+02
2595.0000000   -2.1227079472e+03    9.3626043967e+01
2600.0000000   -4.7222803251e+02    2.2934056155e+02
2605.0000000    2.4937976565e+03    1.0391239853e+02
2610.0000000    2.8023526962e+03    1.3047682364e+02
2615.0000000   -2.8658661357e+02    1.6497897181e+02
2620.0000000   -2.2904610696e+03    1.3831328425e+02
2625.0000000   -1.5760288758e+02    1.4994406065e+02
2630.0000000    2.9526171440e+03    2.0279473944e+02
2635.0000000    2.4439035246e+03    1.2173765475e+02
2640.0000000   -8.0665659484e+02    1.4928187801e+02
2645.0000000   -2.1849388724e+03    9.3968054294e+01
2650.0000000    4.6850546432e+02    1.1335573969e+02
2655.0000000    3.0831492680e+03    1.6857891151e+02
2660.0000000    1.9675622254e+03    2.2584721547e+02
2665.0000000   -1.3726868319e+03    1.8155329364e+02
2670.0000000   -1.8455079683e+03    1.8192566184e+02
2675.0000000    1.2829486636e+03    1.6197249617e+02
2680.0000000    3.2753501267e+03    1.2966992448e+02
2685.0000000    1.3623205575e+03    1.7252680317e+02
2690.0000000   -1.8375833339e+03    1.7877265578e+02
2695.0000000   -1.6115413820e+03    1.8407183843e+02
2700.0000000    1.5179959082e+03    1.9600508105e+02
2705.0000000    3.1922868179e+03    1.7614519920e+02
2710.0000000    7.6721468276e+02    1.6059126746e+02
2715.0000000   -2.1803863054e+03    1.3209231529e+02
2720.0000000   -1.3247682137e+03    1.1521418574e+02
2725.0000000    2.0642756051e+03    6.3085354715e+01
2730.0000000    2.9513825522e+03    1.0332761722e+02
2735.0000000    1.4165039779e+02    1.7356218639e+02
2740.0000000   -2.3316411303e+03    1.6351912906e+02
2745.0000000   -5.9497858674e+02    1.9912577758e+02
2750.0000000    2.5844034739e+03    1.5196566438e+02
2755.0000000    2.7769729342e+03    1.4040742681e+02
2760.0000000   -4.9823267205e+02    1.8996754219e+02
2765.0000000   -2.4636257602e+03    1.8769264712e+02
2770.0000000   -9.1110138073e+01    3.0887523376e+02
2775.0000000    2.8621329554e+03    2.1306042513e+02
2780.0000000    2.2881388576e+03    2.2502848137e+02
2785.0000000   -1.0606623098e+03    1.8423716502e+02
2790.0000000   -2.3452502272e+03    1.5864344194e+02
2795.0000000    2.7100769488e+02    1.9450416694e+02
2800.0000000    3.1328182953e+03    1.7307808052e+02
2805.0000000    1.8242466211e+03    9.9677661340e+01
2810.0000000   -1.6106861601e+03    1.3565595220e+02
2815.0000000   -2.0207183516e+03    2.7523899024e+02
2820.0000000    8.8637212344e+02    1.8542821104e+02
2825.0000000    3.2064592941e+03    1.8814620623e+02
2830.0000000    1.2103304974e+03    1.5020715071e+02
2835.0000000   -2.0362498707e+03    2.0628502676e+02
2840.0000000   -1.9255662374e+03    1.5913647939e+02
2845.0000000    1.4058546328e+03    1.8017359802e+02
2850.0000000    3.0624696700e+03    1.3709958329e+02
2855.0000000    5.6739197064e+02    2.0023023947e+02
2860.0000000   -2.2809315747e+03    2.4598394166e+02
2865.0000000   -1.3802066715e+03    1.9217444521e+02
2870.0000000    1.9454150644e+03    1.4370236671e+02
2875.0000000    2.8770586307e+03    1.7907350540e+02
2880.0000000   -8.2727252441e+01    8.9142195113e+01
2885.0000000   -2.6490333211e+03    6.3647552747e+01
2890.0000000   -1.0993198313e+03    1.7606696259e+02
2895.0000000    2.3980437907e+03    2.2187188734e+02
2900.0000000    2.4796834609e+03    1.8700069862e+02
2905.0000000   -6.5016366030e+02    2.0836761906e+02
2910.0000000   -2.4873043173e+03    1.6975205516e+02
2915.0000000   -2.7067259749e+02    1.3805497305e+02
2920.0000000    2.6404812887e+03    1.4953179414e+02
2925.0000000    2.1073519076e+03    1.4071273528e+02
2930.0000000   -1.2807324024e+03    2.4758755955e+02
2935.0000000   -2.6454572871e+03    1.4120559694e+02
2940.0000000    4.8396961296e+01    9.1328648807e+01
2945.0000000    2.8933038113e+03    1.9296715456e+02
2950.0000000    1.6229376194e+03    1.6680606157e+02
2955.0000000   -1.6883485937e+03    1.3080564005e+02
2960.0000000   -2.2502039851e+03    1.1716748434e+02
2965.0000000    6.6195540792e+02    8.3220023112e+01
2970.0000000    2.9149211398e+03    1.2914591173e+02
2975.0000000    1.0528441963e+03    2.0258634164e+02
2980.0000000   -2.1221944310e+03    2.1444002709e+02
2985.0000000   -1.9372221177e+03    1.1504602885e+02
2990.0000000    1.5442470859e+03    1.6321023019e+02
2995.0000000    2.9351788577e+03    2.0460783770e+02
3000.0000000    4.2016444764e+02    1.8865931604e+02
3005.0000000   -2.4550408729e+03    2.0051123195e+02
3010.0000000   -1.6139696287e+03    1.4758575590e+02
3015.0000000    1.8179449540e+03    1.7398048972e+02
3020.0000000    2.7085206753e+03    1.5360690610e+02
3025.0000000   -2.0769688806e+02    1.0556446907e+02
3030.0000000   -2.6765445578e+03    1.5824296553e+02
3035.0000000   -9.3927962959e+02    1.8561161631e+02
3040.0000000    2.2388698680e+03    9.2230885917e+01
3045.0000000    2.4048262351e+03    1.0571958997e+02
3050.0000000   -7.8760305544e+02    1.5736843542e+02
3055.0000000   -2.7406131112e+03    1.1911674986e+02
3060.0000000   -5.0193613073e+02    1.3182582304e+02
3065.0000000    2.6140348609e+03    1.0096591899e+02
3070.0000000    1.9755863897e+03    1.4157013586e+02
3075.0000000   -1.3631350309e+03    1.4458344288e+02
3080.0000000   -2.7262868705e+03    1.2097488125e+02
3085.0000000    1.0914901267e+02    2.4801540024e+02
3090.0000000    2.7966114607e+03    1.6104479108e+02
3095.0000000    1.4505028295e+03    1.6268930561e+02
3100.0000000   -1.8574658018e+03    1.7037828789e+02
3105.0000000   -2.4709137468e+03    1.0473270105e+02
3110.0000000    5.6111097366e+02    1.3425891879e+02
3115.0000000    2.7803637957e+03    1.2106080802e+02
3120.0000000    8.8157455800e+02    1.2412308229e+02
3125.0000000   -2.2030326915e+03    1.5350410178e+02
3130.0000000   -1.9090572402e+03    2.5561450420e+02
3135.0000000    1.0728826866e+03    1.6780842867e+02
3140.0000000    2.6305665847e+03    1.1574436057e+02
3145.0000000    3.0247268020e+02    1.1122223954e+02
3150.0000000   -2.4251244771e+03    2.1899642490e+02
3155.0000000   -1.9076375264e+03    7.4196028331e+01
3160.0000000    1.5168386084e+03    1.3527566662e+02
3165.0000000    2.4785985498e+03    1.4097504885e+02
3170.0000000   -3.2564983772e+02    1.7632333344e+02
3175.0000000   -2.7467463857e+03    1.5266033356e+02
3180.0000000   -1.1364318050e+03    1.7735775360e+02
3185.0000000    1.9273029219e+03    1.4339918695e+02
3190.0000000    2.1321082480e+03    1.3192711268e+02
3195.0000000   -8.8877061668e+02    7.5616131823e+01
3200.0000000   -2.7236997521e+03    9.0221288058e+01
3205.0000000   -6.3830235309e+02    2.2107999772e+02
3210.0000000    2.3466752196e+03    2.3712110074e+02
3215.0000000    1.7389459645e+03    1.5636929918e+02
3220.0000000   -1.3545654674e+03    1.6628095130e+02
3225.0000000   -2.4139161391e+03    2.1005152061e+02
3230.0000000   -2.0285545528e+02    8.0603601456e+01
3235.0000000    2.3785893907e+03    1.4746604949e+02
3240.0000000    1.2736507159e+03    1.8294636752e+02
3245.0000000   -1.8337429490e+03    1.6771127900e+02
3250.0000000   -2.4446841584e+03    2.0485279957e+02
3255.0000000    3.5433201806e+02    1.5983798593e+02
3260.0000000    2.4658253994e+03    1.5371185530e+02
3265.0000000    7.5818221021e+02    1.5464536693e+02
3270.0000000   -2.2376250859e+03    1.0305261445e+02
3275.0000000   -2.1752905635e+03    5.0624590125e+01
3280.0000000    6.8445756051e+02    7.5448175327e+01
3285.0000000    2.3264025879e+03    1.4847116532e+02
3290.0000000    2.1828959571e+02    1.7887016278e+02
3295.0000000   -2.4275851537e+03    1.7455019798e+02
3300.0000000   -1.7166872517e+03    1.2509693934e+02
3305.0000000    1.2496854876e+03    1.3070732546e+02
3310.0000000    2.2163372934e+03    1.6772019152e+02
3315.0000000   -3.6318454430e+02    1.7042187174e+02
3320.0000000   -2.5371817956e+03    2.1942609946e+02
3325.0000000   -1.3684354429e+03    1.8722633311e+02
3330.0000000    1.6168624383e+03    1.8735137759e+02
3335.0000000    1.9009404122e+03    1.3053781444e+02
3340.0000000   -8.5301624750e+02    1.3849615369e+02
3345.0000000   -2.6546228753e+03    1.8341040059e+02
3350.0000000   -7.7532597794e+02    1.5425410376e+02
3355.0000000    1.8889313328e+03    9.7864809538e+01
3360.0000000    1.5129318411e+03    1.0106348471e+02
3365.0000000   -1.2626906787e+03    2.0928395730e+02
3370.0000000   -2.5883668696e+03    1.6445842286e+02
3375.0000000   -4.5845846481e+02    1.1942694786e+02
3380.0000000    2.0137215560e+03    9.2062910933e+01
3385.0000000    1.1470701831e+03    1.1822847403e+02
3390.0000000   -1.8616768541e+03    9.4003488328e+01
3395.0000000   -2.5441592067e+03    1.7532900409e+02
3400.0000000   -4.5832932402e+01    1.3656198124e+02
3405.0000000    2.0752111447e+03    1.1712458280e+02
3410.0000000    6.8787193140e+02    1.8322975911e+02
3415.0000000   -2.0962683287e+03    1.7511480311e+02
3420.0000000   -2.2620437983e+03    1.6388402426e+02
3425.0000000    5.4672963618e+02    1.7909152678e+02
3430.0000000    2.0953255492e+03    1.1896791005e+02
3435.0000000    1.9046243996e+02    5.3605301087e+01
3440.0000000   -2.3630113107e+03    1.3255510673e+02
3445.0000000   -1.8648241031e+03    1.8667310400e+02
3450.0000000    8.3550438222e+02    1.8249596732e+02
3455.0000000    1.8668680495e+03    1.3564913438e+02
3460.0000000   -2.7782108548e+02    1.4632852507e+02
3465.0000000   -2.5339626826e+03    1.3500657994e+02
3470.0000000   -1.5919369067e+03    1.6641598756e+02
3475.0000000    1.1434980230e+03    1.1948697748e+02
3480.0000000    1.6988305264e+03    1.9791193005e+02
3485.0000000   -7.8423407466e+02    1.6705623705e+02
3490.0000000   -2.7370804680e+03    9.2832305596e+01
3495.0000000   -1.2244150670e+03    1.1249423879e+02
3500.0000000    1.3908311201e+03    1.4306809507e+02
3505.0000000    1.3997219332e+03    1.1663362952e+02
3510.0000000   -1.1714849326e+03    9.4853382295e+01
3515.0000000   -2.6160901591e+03    9.7337310544e+01
3520.0000000   -6.8244505872e+02    1.6869890064e+02
