   5.0000000    3.7064528223e+06
  15.0000000    3.7069095830e+06
  25.0000000    3.7077367402e+06
  35.0000000    3.7087834817e+06
  45.0000000    3.7101816509e+06
  55.0000000    3.7120808860e+06
  65.0000000    3.7145092932e+06
  75.0000000    3.7174303314e+06
  85.0000000    3.7205368560e+06
  95.0000000    3.7238450555e+06
 105.0000000    3.7274061414e+06
 115.0000000    3.7314657551e+06
 125.0000000    3.7361460167e+06
 135.0000000    3.7412616760e+06
 145.0000000    3.7466180771e+06
 155.0000000    3.7518695996e+06
 165.0000000    3.7574343369e+06
 175.0000000    3.7638250746e+06
 185.0000000    3.7711313480e+06
 195.0000000    3.7795237221e+06
 205.0000000    3.7881892793e+06
 215.0000000    3.7966838085e+06
 225.0000000    3.8049352386e+06
 235.0000000    3.8133429156e+06
 245.0000000    3.8226559613e+06
 255.0000000    3.8322384890e+06
 265.0000000    3.8422959231e+06
 275.0000000    3.8520272256e+06
 285.0000000    3.8613693201e+06
 295.0000000    3.8710437824e+06
 305.0000000    3.8819234625e+06
 315.0000000    3.8942940181e+06
 325.0000000    3.9074037141e+06
 335.0000000    3.9208635678e+06
 345.0000000    3.9341011610e+06
 355.0000000    3.9472369618e+06
 365.0000000    3.9614233569e+06
 375.0000000    3.9776565449e+06
 385.0000000    3.9942501466e+06
 395.0000000    4.0111391232e+06
 405.0000000    4.0265525362e+06
 415.0000000    4.0413542210e+06
 425.0000000    4.0558840249e+06
 435.0000000    4.0715398784e+06
 445.0000000    4.0886026190e+06
 455.0000000    4.1049095641e+06
 465.0000000    4.1202987936e+06
 475.0000000    4.1345676674e+06
 485.0000000    4.1485701331e+06
 495.0000000    4.1625609408e+06
 505.0000000    4.1780465925e+06
 515.0000000    4.1940023446e+06
 525.0000000    4.2089766743e+06
 535.0000000    4.2223974037e+06
 545.0000000    4.2357627535e+06
 555.0000000    4.2503578849e+06
 565.0000000    4.2667332399e+06
 575.0000000    4.2846433530e+06
 585.0000000    4.3031409893e+06
 595.0000000    4.3206795216e+06
 605.0000000    4.3382682674e+06
 615.0000000    4.3569352927e+06
 625.0000000    4.3775358554e+06
 635.0000000    4.4003575958e+06
 645.0000000    4.4233264674e+06
 655.0000000    4.4453973365e+06
 665.0000000    4.4664683322e+06
 675.0000000    4.4886448740e+06
 685.0000000    4.5127585173e+06
 695.0000000    4.5382874899e+06
 705.0000000    4.5641318722e+06
 715.0000000    4.5889427004e+06
 725.0000000    4.6111308386e+06
 735.0000000    4.6327629324e+06
 745.0000000    4.6552292700e+06
 755.0000000    4.6802891679e+06
 765.0000000    4.7048483057e+06
 775.0000000    4.7285935019e+06
 785.0000000    4.7497130861e+06
 795.0000000    4.7697739009e+06
 805.0000000    4.7901577460e+06
 815.0000000    4.8124724668e+06
 825.0000000    4.8360662353e+06
 835.0000000    4.8588036290e+06
 845.0000000    4.8786551557e+06
 855.0000000    4.8969152310e+06
 865.0000000    4.9137949316e+06
 875.0000000    4.9345817813e+06
 885.0000000    4.9562731720e+06
 895.0000000    4.9772488200e+06
 905.0000000    4.9972318171e+06
 915.0000000    5.0157214840e+06
 925.0000000    5.0333279934e+06
 935.0000000    5.0526609677e+06
 945.0000000    5.0730448559e+06
 955.0000000    5.0954174166e+06
 965.0000000    5.1158450172e+06
 975.0000000    5.1347217528e+06
 985.0000000    5.1536552252e+06
 995.0000000    5.1746735980e+06
1005.0000000    5.1980340243e+06
1015.0000000    5.2234950680e+06
1025.0000000    5.2487904756e+06
1035.0000000    5.2730290677e+06
1045.0000000    5.2977125977e+06
1055.0000000    5.3248322666e+06
1065.0000000    5.3542219428e+06
1075.0000000    5.3858521149e+06
1085.0000000    5.4173163614e+06
1095.0000000    5.4472575232e+06
1105.0000000    5.4767395701e+06
1115.0000000    5.5082089661e+06
1125.0000000    5.5427124060e+06
1135.0000000    5.5786198802e+06
1145.0000000    5.6131944014e+06
1155.0000000    5.6453250326e+06
1165.0000000    5.6768031508e+06
1175.0000000    5.7089081856e+06
1185.0000000    5.7429245461e+06
1195.0000000    5.7786382912e+06
1205.0000000    5.8123682460e+06
1215.0000000    5.8445290251e+06
1225.0000000    5.8741974084e+06
1235.0000000    5.9037421756e+06
1245.0000000    5.9363279217e+06
1255.0000000    5.9708373635e+06
1265.0000000    6.0041355956e+06
1275.0000000    6.0340718680e+06
1285.0000000    6.0610162067e+06
1295.0000000    6.0888682176e+06
1305.0000000    6.1182433554e+06
1315.0000000    6.1494201206e+06
1325.0000000    6.1800773391e+06
1335.0000000    6.2070560221e+06
1345.0000000    6.2311826487e+06
1355.0000000    6.2556282719e+06
1365.0000000    6.2821209919e+06
1375.0000000    6.3103996272e+06
1385.0000000    6.3387982360e+06
1395.0000000    6.3649346973e+06
1405.0000000    6.3863764279e+06
1415.0000000    6.4084200923e+06
1425.0000000    6.4323186314e+06
1435.0000000    6.4587032591e+06
1445.0000000    6.4847355573e+06
1455.0000000    6.5080120820e+06
1465.0000000    6.5274992192e+06
1475.0000000    6.5465212875e+06
1485.0000000    6.5678947957e+06
1495.0000000    6.5924153607e+06
1505.0000000    6.6179991597e+06
1515.0000000    6.6411150142e+06
1525.0000000    6.6598360950e+06
1535.0000000    6.6774780061e+06
1545.0000000    6.6966874621e+06
1555.0000000    6.7222563740e+06
1565.0000000    6.7487145491e+06
1575.0000000    6.7721783436e+06
1585.0000000    6.7929135235e+06
1595.0000000    6.8131923553e+06
1605.0000000    6.8365739516e+06
1615.0000000    6.8657734507e+06
1625.0000000    6.8967660124e+06
1635.0000000    6.9285775283e+06
1645.0000000    6.9572758519e+06
1655.0000000    6.9851390236e+06
1665.0000000    7.0154927577e+06
1675.0000000    7.0515038745e+06
1685.0000000    7.0917138765e+06
1695.0000000    7.1326394963e+06
1705.0000000    7.1698786470e+06
1715.0000000    7.2053282213e+06
1725.0000000    7.2441306280e+06
1735.0000000    7.2886788286e+06
1745.0000000    7.3363255663e+06
1755.0000000    7.3842909365e+06
1765.0000000    7.4287959951e+06
1775.0000000    7.4713288588e+06
1785.0000000    7.5146404808e+06
1795.0000000    7.5638036758e+06
1805.0000000    7.6158494659e+06
1815.0000000    7.6680308103e+06
1825.0000000    7.7152165268e+06
1835.0000000    7.7592512138e+06
1845.0000000    7.8040363615e+06
1855.0000000    7.8543982622e+06
1865.0000000    7.9064580390e+06
1875.0000000    7.9580412671e+06
1885.0000000    8.0024103259e+06
1895.0000000    8.0457910128e+06
1905.0000000    8.0898135630e+06
1915.0000000    8.1364668566e+06
1925.0000000    8.1865839185e+06
1935.0000000    8.2368586733e+06
1945.0000000    8.2810178471e+06
1955.0000000    8.3222329514e+06
1965.0000000    8.3625887181e+06
1975.0000000    8.4087727360e+06
1985.0000000    8.4577191123e+06
1995.0000000    8.5067307221e+06
2005.0000000    8.5493757080e+06
2015.0000000    8.5870745185e+06
2025.0000000    8.6247519946e+06
2035.0000000    8.6668805080e+06
2045.0000000    8.7128542113e+06
2055.0000000    8.7566689148e+06
2065.0000000    8.7949074735e+06
2075.0000000    8.8294036507e+06
2085.0000000    8.8625829368e+06
2095.0000000    8.9006141057e+06
2105.0000000    8.9417936653e+06
2115.0000000    8.9827528080e+06
2125.0000000    9.0182409351e+06
2135.0000000    9.0479591743e+06
2145.0000000    9.0764850277e+06
2155.0000000    9.1071871483e+06
2165.0000000    9.1433457557e+06
2175.0000000    9.1786761369e+06
2185.0000000    9.2074843071e+06
2195.0000000    9.2319466873e+06
2205.0000000    9.2552721634e+06
2215.0000000    9.2835334018e+06
2225.0000000    9.3159819326e+06
2235.0000000    9.3472099453e+06
2245.0000000    9.3757314955e+06
2255.0000000    9.3995194402e+06
2265.0000000    9.4226286731e+06
2275.0000000    9.4484686627e+06
2285.0000000    9.4779064825e+06
2295.0000000    9.5076375565e+06
2305.0000000    9.5359183725e+06
2315.0000000    9.5585914260e+06
2325.0000000    9.5799515867e+06
2335.0000000    9.6046232924e+06
2345.0000000    9.6353241677e+06
2355.0000000    9.6644896182e+06
2365.0000000    9.6919371662e+06
2375.0000000    9.7135957021e+06
2385.0000000    9.7361442528e+06
2395.0000000    9.7613582364e+06
2405.0000000    9.7919274113e+06
2415.0000000    9.8207855564e+06
2425.0000000    9.8459620093e+06
2435.0000000    9.8670345386e+06
2445.0000000    9.8891778101e+06
2455.0000000    9.9144143003e+06
2465.0000000    9.9443025675e+06
2475.0000000    9.9739689892e+06
2485.0000000    1.0000432393e+07
2495.0000000    1.0020845515e+07
2505.0000000    1.0044625910e+07
2515.0000000    1.0071956718e+07
2525.0000000    1.0103428522e+07
2535.0000000    1.0134089694e+07
2545.0000000    1.0163709929e+07
2555.0000000    1.0187734213e+07
2565.0000000    1.0215563181e+07
2575.0000000    1.0246247034e+07
2585.0000000    1.0283459171e+07
2595.0000000    1.0319628511e+07
2605.0000000    1.0353666106e+07
2615.0000000    1.0383926129e+07
2625.0000000    1.0414629739e+07
2635.0000000    1.0449475741e+07
2645.0000000    1.0488527629e+07
2655.0000000    1.0528034007e+07
2665.0000000    1.0562835412e+07
2675.0000000    1.0594841712e+07
2685.0000000    1.0628406868e+07
2695.0000000    1.0665703425e+07
2705.0000000    1.0706681202e+07
2715.0000000    1.0745226311e+07
2725.0000000    1.0780404016e+07
2735.0000000    1.0813153736e+07
2745.0000000    1.0846303744e+07
2755.0000000    1.0883154496e+07
2765.0000000    1.0917835215e+07
2775.0000000    1.0952366768e+07
2785.0000000    1.0982414514e+07
2795.0000000    1.1008978532e+07
2805.0000000    1.1036155724e+07
2815.0000000    1.1068078133e+07
2825.0000000    1.1099301139e+07
2835.0000000    1.1129204012e+07
2845.0000000    1.1151481823e+07
2855.0000000    1.1174010812e+07
2865.0000000    1.1197242842e+07
2875.0000000    1.1224917552e+07
2885.0000000    1.1251494228e+07
2895.0000000    1.1272808958e+07
2905.0000000    1.1288320430e+07
2915.0000000    1.1303664852e+07
2925.0000000    1.1322016548e+07
2935.0000000    1.1342295791e+07
2945.0000000    1.1361585542e+07
2955.0000000    1.1378966921e+07
2965.0000000    1.1389065690e+07
2975.0000000    1.1400654942e+07
2985.0000000    1.1415178161e+07
2995.0000000    1.1433311823e+07
3005.0000000    1.1449691533e+07
3015.0000000    1.1462786332e+07
3025.0000000    1.1470886425e+07
3035.0000000    1.1475989229e+07
3045.0000000    1.1486345847e+07
3055.0000000    1.1500168357e+07
3065.0000000    1.1512248658e+07
3075.0000000    1.1519979379e+07
3085.0000000    1.1525083667e+07
3095.0000000    1.1529054548e+07
3105.0000000    1.1539470104e+07
3115.0000000    1.1551180853e+07
3125.0000000    1.1563310485e+07
3135.0000000    1.1569966408e+07
3145.0000000    1.1574115431e+07
3155.0000000    1.1577808590e+07
3165.0000000    1.1585788237e+07
3175.0000000    1.1594160523e+07
3185.0000000    1.1604868330e+07
3195.0000000    1.1611324187e+07
3205.0000000    1.1613369942e+07
3215.0000000    1.1616602215e+07
3225.0000000    1.1628391967e+07
3235.0000000    1.1639284254e+07
3245.0000000    1.1652415014e+07
3255.0000000    1.1657509997e+07
3265.0000000    1.1664029997e+07
3275.0000000    1.1672754284e+07
3285.0000000    1.1690619611e+07
3295.0000000    1.1706895403e+07
3305.0000000    1.1719638185e+07
3315.0000000    1.1728428472e+07
3325.0000000    1.1738612120e+07
3335.0000000    1.1753533915e+07
3345.0000000    1.1774999053e+07
3355.0000000    1.1798780562e+07
3365.0000000    1.1819963427e+07
3375.0000000    1.1834414307e+07
3385.0000000    1.1851179091e+07
3395.0000000    1.1873445760e+07
3405.0000000    1.1904303922e+07
3415.0000000    1.1937302571e+07
3425.0000000    1.1966667072e+07
3435.0000000    1.1988154688e+07
3445.0000000    1.2009025517e+07
3455.0000000    1.2040219899e+07
3465.0000000    1.2081286266e+07
3475.0000000    1.2120652369e+07
3485.0000000    1.2155015341e+07
3495.0000000    1.2186764094e+07
3505.0000000    1.2216808056e+07
3515.0000000    1.2258004531e+07
3525.0000000    1.2302192263e+07
3535.0000000    1.2351536228e+07
3545.0000000    1.2394908064e+07
3555.0000000    1.2434794668e+07
3565.0000000    1.2473756052e+07
3575.0000000    1.2520167348e+07
3585.0000000    1.2573051349e+07
3595.0000000    1.2631796917e+07
3605.0000000    1.2684526339e+07
3615.0000000    1.2731065064e+07
3625.0000000    1.2779419360e+07
3635.0000000    1.2838692314e+07
3645.0000000    1.2902092943e+07
3655.0000000    1.2966370505e+07
3665.0000000    1.3022966623e+07
3675.0000000    1.3078201339e+07
3685.0000000    1.3136339991e+07
3695.0000000    1.3203153275e+07
3705.0000000    1.3275053780e+07
3715.0000000    1.3342419536e+07
3725.0000000    1.3405625056e+07
3735.0000000    1.3466323712e+07
3745.0000000    1.3529616963e+07
3755.0000000    1.3601192967e+07
3765.0000000    1.3678688516e+07
3775.0000000    1.3751739940e+07
3785.0000000    1.3816147944e+07
3795.0000000    1.3874154924e+07
3805.0000000    1.3939950681e+07
3815.0000000    1.4014891587e+07
3825.0000000    1.4093494949e+07
3835.0000000    1.4165549622e+07
3845.0000000    1.4228358508e+07
3855.0000000    1.4287042203e+07
3865.0000000    1.4355044013e+07
3875.0000000    1.4430667965e+07
3885.0000000    1.4508311532e+07
3895.0000000    1.4579151440e+07
3905.0000000    1.4643363222e+07
3915.0000000    1.4701173553e+07
3925.0000000    1.4766888787e+07
3935.0000000    1.4839193923e+07
3945.0000000    1.4914617075e+07
3955.0000000    1.4982399662e+07
3965.0000000    1.5043090214e+07
3975.0000000    1.5099885750e+07
3985.0000000    1.5161735204e+07
3995.0000000    1.5231647526e+07
4005.0000000    1.5302236450e+07
4015.0000000    1.5364340250e+07
4025.0000000    1.5417750286e+07
4035.0000000    1.5469828938e+07
