#          tintegral inside 0 < R < 50
   0.0000000    0.0000000000e+00
  10.0000000    3.7525245027e+06
  20.0000000    3.7515543457e+06
  30.0000000    3.7512208533e+06
  40.0000000    3.7504561662e+06
  50.0000000    3.7502789243e+06
  60.0000000    3.7513867489e+06
  70.0000000    3.7534841473e+06
  80.0000000    3.7561997995e+06
  90.0000000    3.7586669696e+06
 100.0000000    3.7610868882e+06
 110.0000000    3.7642122524e+06
 120.0000000    3.7668445945e+06
 130.0000000    3.7693753152e+06
 140.0000000    3.7712326244e+06
 150.0000000    3.7731259451e+06
 160.0000000    3.7747193443e+06
 170.0000000    3.7756778493e+06
 180.0000000    3.7801392077e+06
 190.0000000    3.7838615931e+06
 200.0000000    3.7906400193e+06
 210.0000000    3.7974171876e+06
 220.0000000    3.8039991239e+06
 230.0000000    3.8112257857e+06
 240.0000000    3.8193649276e+06
 250.0000000    3.8271178719e+06
 260.0000000    3.8351755542e+06
 270.0000000    3.8421007367e+06
 280.0000000    3.8509878777e+06
 290.0000000    3.8570951305e+06
 300.0000000    3.8627397074e+06
 310.0000000    3.8665101315e+06
 320.0000000    3.8690117255e+06
 330.0000000    3.8705971423e+06
 340.0000000    3.8736091926e+06
 350.0000000    3.8796245865e+06
 360.0000000    3.8821960257e+06
 370.0000000    3.8875897678e+06
 380.0000000    3.8958010230e+06
 390.0000000    3.9042355553e+06
 400.0000000    3.9170019822e+06
 410.0000000    3.9294059108e+06
 420.0000000    3.9428505346e+06
 430.0000000    3.9551191574e+06
 440.0000000    3.9668078562e+06
 450.0000000    3.9855789615e+06
 460.0000000    4.0001379368e+06
 470.0000000    4.0175585360e+06
 480.0000000    4.0313405439e+06
 490.0000000    4.0456010308e+06
 500.0000000    4.0613493051e+06
 510.0000000    4.0727061313e+06
 520.0000000    4.0891680590e+06
 530.0000000    4.0986259506e+06
 540.0000000    4.1126408523e+06
 550.0000000    4.1284561213e+06
 560.0000000    4.1408100227e+06
 570.0000000    4.1544554312e+06
 580.0000000    4.1655239479e+06
 590.0000000    4.1768829939e+06
 600.0000000    4.1895112791e+06
 610.0000000    4.1973595546e+06
 620.0000000    4.2085266912e+06
 630.0000000    4.2128215864e+06
 640.0000000    4.2144353520e+06
 650.0000000    4.2212961118e+06
 660.0000000    4.2243652887e+06
 670.0000000    4.2249322647e+06
 680.0000000    4.2304762759e+06
 690.0000000    4.2433183784e+06
 700.0000000    4.2519391931e+06
 710.0000000    4.2570881461e+06
 720.0000000    4.2738097902e+06
 730.0000000    4.2852537655e+06
 740.0000000    4.3057717530e+06
 750.0000000    4.3226185313e+06
 760.0000000    4.3374878682e+06
 770.0000000    4.3561366019e+06
 780.0000000    4.3728650399e+06
 790.0000000    4.4022922597e+06
 800.0000000    4.4253462756e+06
 810.0000000    4.4500058216e+06
 820.0000000    4.4785637331e+06
 830.0000000    4.5051405305e+06
 840.0000000    4.5345479284e+06
 850.0000000    4.5557061337e+06
 860.0000000    4.5821420565e+06
 870.0000000    4.6110276462e+06
 880.0000000    4.6380171758e+06
 890.0000000    4.6684790447e+06
 900.0000000    4.6856158543e+06
 910.0000000    4.7091029223e+06
 920.0000000    4.7306783082e+06
 930.0000000    4.7593056684e+06
 940.0000000    4.7770744128e+06
 950.0000000    4.7906970616e+06
 960.0000000    4.8179414427e+06
 970.0000000    4.8361589352e+06
 980.0000000    4.8530172941e+06
 990.0000000    4.8663303771e+06
1000.0000000    4.8757167910e+06
1010.0000000    4.9018940566e+06
1020.0000000    4.9189736807e+06
1030.0000000    4.9358713979e+06
1040.0000000    4.9442338603e+06
1050.0000000    4.9585924529e+06
1060.0000000    4.9854536455e+06
1070.0000000    4.9952344875e+06
1080.0000000    5.0039746396e+06
1090.0000000    5.0109786118e+06
1100.0000000    5.0244585566e+06
1110.0000000    5.0351936545e+06
1120.0000000    5.0358467969e+06
1130.0000000    5.0439048139e+06
1140.0000000    5.0524983723e+06
1150.0000000    5.0679519748e+06
1160.0000000    5.0838812353e+06
1170.0000000    5.0790044513e+06
1180.0000000    5.0863725965e+06
1190.0000000    5.0919850673e+06
1200.0000000    5.1081304942e+06
1210.0000000    5.1130918139e+06
1220.0000000    5.1162368766e+06
1230.0000000    5.1437948719e+06
1240.0000000    5.1481032022e+06
1250.0000000    5.1665580361e+06
1260.0000000    5.1774154958e+06
1270.0000000    5.2001367288e+06
1280.0000000    5.2349580684e+06
1290.0000000    5.2664611244e+06
1300.0000000    5.2971415185e+06
1310.0000000    5.3213133977e+06
1320.0000000    5.3628063558e+06
1330.0000000    5.4021412804e+06
1340.0000000    5.4374255010e+06
1350.0000000    5.4731656443e+06
1360.0000000    5.5131858077e+06
1370.0000000    5.5566321997e+06
1380.0000000    5.5992442867e+06
1390.0000000    5.6345862343e+06
1400.0000000    5.6811918943e+06
1410.0000000    5.7319271888e+06
1420.0000000    5.7802987928e+06
1430.0000000    5.8188368438e+06
1440.0000000    5.8512697605e+06
1450.0000000    5.8934696207e+06
1460.0000000    5.9342818280e+06
1470.0000000    5.9752761000e+06
1480.0000000    5.9990085752e+06
1490.0000000    6.0348924653e+06
1500.0000000    6.0842126737e+06
1510.0000000    6.1170427799e+06
1520.0000000    6.1422405341e+06
1530.0000000    6.1680759330e+06
1540.0000000    6.2090841424e+06
1550.0000000    6.2424745955e+06
1560.0000000    6.2530677739e+06
1570.0000000    6.2794502287e+06
1580.0000000    6.3005234300e+06
1590.0000000    6.3250933615e+06
1600.0000000    6.3391378608e+06
1610.0000000    6.3398337107e+06
1620.0000000    6.3574282586e+06
1630.0000000    6.3771453292e+06
1640.0000000    6.3980575847e+06
1650.0000000    6.3876644531e+06
1660.0000000    6.3965261314e+06
1670.0000000    6.4216640083e+06
1680.0000000    6.4292079713e+06
1690.0000000    6.4306251751e+06
1700.0000000    6.4238561689e+06
1710.0000000    6.4319898882e+06
1720.0000000    6.4390164064e+06
1730.0000000    6.4420185676e+06
1740.0000000    6.4470112849e+06
1750.0000000    6.4520164996e+06
1760.0000000    6.4794334447e+06
1770.0000000    6.4966722768e+06
1780.0000000    6.4894767033e+06
1790.0000000    6.4940130967e+06
1800.0000000    6.5138026741e+06
1810.0000000    6.5376006123e+06
1820.0000000    6.5397612224e+06
1830.0000000    6.5355714213e+06
1840.0000000    6.5758545258e+06
1850.0000000    6.5822875507e+06
1860.0000000    6.5803127830e+06
1870.0000000    6.5867134811e+06
1880.0000000    6.6114598559e+06
1890.0000000    6.6409802921e+06
1900.0000000    6.6545293346e+06
1910.0000000    6.6645148985e+06
1920.0000000    6.6810265095e+06
1930.0000000    6.6901081911e+06
1940.0000000    6.7135209174e+06
1950.0000000    6.7175579864e+06
1960.0000000    6.7351906624e+06
1970.0000000    6.7618452056e+06
1980.0000000    6.7904872949e+06
1990.0000000    6.8086153341e+06
2000.0000000    6.8065918893e+06
2010.0000000    6.8576286827e+06
2020.0000000    6.8893339454e+06
2030.0000000    6.9177540477e+06
2040.0000000    6.9412993225e+06
2050.0000000    6.9756915321e+06
2060.0000000    7.0135629673e+06
2070.0000000    7.0241704453e+06
2080.0000000    7.0546145332e+06
2090.0000000    7.0924027049e+06
2100.0000000    7.1446247632e+06
2110.0000000    7.1964552241e+06
2120.0000000    7.2143849034e+06
2130.0000000    7.2662523169e+06
2140.0000000    7.3119853681e+06
2150.0000000    7.3663088619e+06
2160.0000000    7.4040073100e+06
2170.0000000    7.4510396310e+06
2180.0000000    7.5245185048e+06
2190.0000000    7.5672384846e+06
2200.0000000    7.6150129116e+06
2210.0000000    7.6528494754e+06
2220.0000000    7.7176932802e+06
2230.0000000    7.7887910618e+06
2240.0000000    7.8371774377e+06
2250.0000000    7.8825404964e+06
2260.0000000    7.9383976844e+06
2270.0000000    8.0007005638e+06
2280.0000000    8.0553741903e+06
2290.0000000    8.0857516068e+06
2300.0000000    8.1384102250e+06
2310.0000000    8.1952139630e+06
2320.0000000    8.2353978404e+06
2330.0000000    8.2736069138e+06
2340.0000000    8.2919560940e+06
2350.0000000    8.3503592182e+06
2360.0000000    8.3960165363e+06
2370.0000000    8.4176968862e+06
2380.0000000    8.4482617088e+06
2390.0000000    8.4785896628e+06
2400.0000000    8.5200842086e+06
2410.0000000    8.5141117525e+06
2420.0000000    8.5330535241e+06
2430.0000000    8.5618627924e+06
2440.0000000    8.6015486020e+06
2450.0000000    8.6332252736e+06
2460.0000000    8.6142049134e+06
2470.0000000    8.6494450180e+06
2480.0000000    8.6584713135e+06
2490.0000000    8.6790092141e+06
2500.0000000    8.6794209666e+06
2510.0000000    8.6916801387e+06
2520.0000000    8.7509568079e+06
2530.0000000    8.7444642075e+06
2540.0000000    8.7553833885e+06
2550.0000000    8.7541720981e+06
2560.0000000    8.7817685443e+06
2570.0000000    8.8221268420e+06
2580.0000000    8.8230146736e+06
2590.0000000    8.8267837424e+06
2600.0000000    8.8487565353e+06
2610.0000000    8.8833443480e+06
2620.0000000    8.9048421864e+06
2630.0000000    8.9002608270e+06
2640.0000000    8.9530882078e+06
2650.0000000    8.9884462495e+06
2660.0000000    9.0023183739e+06
2670.0000000    9.0142392777e+06
2680.0000000    9.0444149960e+06
2690.0000000    9.0901522460e+06
2700.0000000    9.1267093680e+06
2710.0000000    9.1265026584e+06
2720.0000000    9.1762095823e+06
2730.0000000    9.2209379274e+06
2740.0000000    9.2540892148e+06
2750.0000000    9.2619818048e+06
2760.0000000    9.2939860034e+06
2770.0000000    9.3558961939e+06
2780.0000000    9.3969852547e+06
2790.0000000    9.4497376934e+06
2800.0000000    9.4634398753e+06
2810.0000000    9.5170452328e+06
2820.0000000    9.5629403463e+06
2830.0000000    9.5970046714e+06
2840.0000000    9.6247289211e+06
2850.0000000    9.6799242021e+06
2860.0000000    9.7648832620e+06
2870.0000000    9.7884200666e+06
2880.0000000    9.8260346943e+06
2890.0000000    9.8865338649e+06
2900.0000000    9.9638418439e+06
2910.0000000    1.0034997587e+07
2920.0000000    1.0060417713e+07
2930.0000000    1.0113549929e+07
2940.0000000    1.0175420881e+07
2950.0000000    1.0234132033e+07
2960.0000000    1.0279889117e+07
2970.0000000    1.0325359651e+07
2980.0000000    1.0407735508e+07
2990.0000000    1.0471519588e+07
3000.0000000    1.0520235922e+07
3010.0000000    1.0544839451e+07
3020.0000000    1.0620680672e+07
3030.0000000    1.0703475031e+07
3040.0000000    1.0736166123e+07
3050.0000000    1.0772647569e+07
3060.0000000    1.0849687876e+07
3070.0000000    1.0905541668e+07
3080.0000000    1.0939763769e+07
3090.0000000    1.0963169563e+07
3100.0000000    1.1022717153e+07
3110.0000000    1.1093079705e+07
3120.0000000    1.1124372587e+07
3130.0000000    1.1168535545e+07
3140.0000000    1.1215720862e+07
3150.0000000    1.1269436283e+07
3160.0000000    1.1310258677e+07
3170.0000000    1.1318828391e+07
3180.0000000    1.1372952773e+07
3190.0000000    1.1421089880e+07
3200.0000000    1.1471642783e+07
3210.0000000    1.1473317961e+07
3220.0000000    1.1506142073e+07
3230.0000000    1.1575504901e+07
3240.0000000    1.1609100539e+07
3250.0000000    1.1638840384e+07
3260.0000000    1.1659484268e+07
3270.0000000    1.1705589650e+07
3280.0000000    1.1743205387e+07
3290.0000000    1.1761087963e+07
3300.0000000    1.1794883160e+07
3310.0000000    1.1838904735e+07
3320.0000000    1.1875552816e+07
3330.0000000    1.1897350089e+07
3340.0000000    1.1900855316e+07
3350.0000000    1.1926242503e+07
3360.0000000    1.1971093746e+07
3370.0000000    1.1983982354e+07
3380.0000000    1.1988142214e+07
3390.0000000    1.2005670227e+07
3400.0000000    1.2059106340e+07
3410.0000000    1.2056364060e+07
3420.0000000    1.2038971790e+07
3430.0000000    1.2049537717e+07
3440.0000000    1.2079786874e+07
3450.0000000    1.2072645663e+07
3460.0000000    1.2040463592e+07
3470.0000000    1.2049467824e+07
3480.0000000    1.2049610793e+07
3490.0000000    1.2030466860e+07
3500.0000000    1.1996348063e+07
3510.0000000    1.1967190464e+07
3520.0000000    1.1990179622e+07
3530.0000000    1.1949495635e+07
3540.0000000    1.1905309095e+07
3550.0000000    1.1853146358e+07
3560.0000000    1.1833799879e+07
3570.0000000    1.1818820297e+07
3580.0000000    1.1724016612e+07
3590.0000000    1.1679475630e+07
3600.0000000    1.1653285772e+07
3610.0000000    1.1603732365e+07
3620.0000000    1.1524756076e+07
3630.0000000    1.1462155627e+07
3640.0000000    1.1428183672e+07
3650.0000000    1.1385445672e+07
3660.0000000    1.1298651738e+07
3670.0000000    1.1239649255e+07
3680.0000000    1.1156986819e+07
3690.0000000    1.1094359861e+07
3700.0000000    1.1011474972e+07
3710.0000000    1.0907610141e+07
3720.0000000    1.0850096310e+07
3730.0000000    1.0797949262e+07
3740.0000000    1.0743182600e+07
3750.0000000    1.0628288492e+07
3760.0000000    1.0546505458e+07
3770.0000000    1.0501972397e+07
3780.0000000    1.0428885652e+07
3790.0000000    1.0327602093e+07
3800.0000000    1.0246558291e+07
3810.0000000    1.0221173362e+07
3820.0000000    1.0129526268e+07
3830.0000000    1.0022492300e+07
3840.0000000    9.9706729550e+06
3850.0000000    9.9214534550e+06
3860.0000000    9.8957595800e+06
3870.0000000    9.7966120836e+06
3880.0000000    9.7186576141e+06
3890.0000000    9.6816143984e+06
3900.0000000    9.6456238067e+06
3910.0000000    9.5939853528e+06
3920.0000000    9.5175990650e+06
3930.0000000    9.5231197279e+06
3940.0000000    9.5038855470e+06
3950.0000000    9.4353055434e+06
3960.0000000    9.3694603989e+06
3970.0000000    9.3744118600e+06
3980.0000000    9.4044243558e+06
3990.0000000    9.3641875825e+06
4000.0000000    9.3201172413e+06
