# t    rho at centre
0.000	0.0000
60.000	1.1471
120.000	1.1637
180.000	1.1868
240.000	1.2391
300.000	1.1383
360.000	1.2998
420.000	1.2985
480.000	1.1748
540.000	1.3387
600.000	1.3895
660.000	1.2555
720.000	1.3340
780.000	1.4168
840.000	1.5155
900.000	1.8261
960.000	1.4918
1020.000	1.1978
1080.000	1.1622
1140.000	1.2403
1200.000	1.2795
1260.000	1.0801
1320.000	1.2826
1380.000	1.1696
1440.000	1.1503
1500.000	1.1545
1560.000	1.1482
1620.000	1.1492
1680.000	1.1802
1740.000	1.2045
1800.000	1.1729
1860.000	1.3132
1920.000	1.1083
1980.000	1.1541
2040.000	1.3133
2100.000	1.4951
2160.000	1.6145
2220.000	1.1298
2280.000	1.7038
2340.000	1.6717
2400.000	1.3254
2460.000	1.9041
2520.000	1.5350
2580.000	1.2670
2640.000	1.3261
2700.000	1.1806
2760.000	1.0771
2820.000	1.2871
2880.000	1.1332
2940.000	1.1627
3000.000	1.1748
3060.000	1.1490
3120.000	1.1514
3180.000	1.1508
3240.000	1.1638
3300.000	1.1369
3360.000	1.1488
3420.000	1.2500
3480.000	1.1754
3540.000	1.1608
3600.000	1.3386
3660.000	1.2535
3720.000	1.1563
3780.000	1.5568
3840.000	1.2920
3900.000	1.3286
3960.000	1.3773
4020.000	1.4636
4080.000	1.2521
4140.000	1.1145
4200.000	1.1814
4260.000	1.2342
4320.000	1.3486
4380.000	1.2745
4440.000	1.2294
4500.000	1.1947
4560.000	1.2090
4620.000	1.1480
4680.000	1.1495
4740.000	1.1487
4800.000	1.1548
4860.000	1.1587
4920.000	1.1963
4980.000	1.1609
5040.000	1.1438
5100.000	1.3266
5160.000	1.2410
5220.000	1.7597
5280.000	1.4163
5340.000	1.1646
5400.000	1.1770
5460.000	1.2428
5520.000	1.4993
5580.000	1.0707
5640.000	1.4181
5700.000	1.2682
5760.000	1.1951
5820.000	1.1913
5880.000	1.3736
5940.000	1.2112
6000.000	1.2836
6060.000	1.2612
6120.000	1.1440
6180.000	1.1755
6240.000	1.1430
6300.000	1.1435
6360.000	1.1510
6420.000	1.1688
6480.000	1.1973
6540.000	1.1593
6600.000	1.2545
6660.000	1.4692
6720.000	1.2670
6780.000	1.4749
6840.000	1.1701
6900.000	1.1348
6960.000	1.2457
7020.000	1.4363
7080.000	1.0408
7140.000	1.5212
7200.000	1.1328
7260.000	1.1577
7320.000	1.1717
7380.000	1.2957
7440.000	1.4375
7500.000	1.3389
7560.000	1.1998
7620.000	1.1685
7680.000	1.1223
7740.000	1.1602
7800.000	1.1481
7860.000	1.1430
7920.000	1.1471
7980.000	1.1539
8040.000	1.1378
8100.000	1.1930
8160.000	1.2329
8220.000	1.1829
8280.000	1.2567
8340.000	1.4340
8400.000	1.2149
8460.000	1.1684
8520.000	1.0457
8580.000	2.0715
8640.000	1.1445
8700.000	1.4798
8760.000	1.3323
8820.000	1.2396
8880.000	1.5051
8940.000	1.0328
9000.000	1.2805
9060.000	1.2231
9120.000	1.2829
9180.000	1.2023
9240.000	1.1813
9300.000	1.1513
9360.000	1.1405
9420.000	1.1447
9480.000	1.1448
9540.000	1.1724
9600.000	1.1655
9660.000	1.2192
9720.000	1.1718
9780.000	1.2114
9840.000	1.3567
9900.000	1.2415
9960.000	1.2385
10020.000	1.4662
10080.000	1.3425
10140.000	1.1317
10200.000	1.5484
10260.000	1.3160
10320.000	1.4323
10380.000	1.6672
10440.000	1.2044
10500.000	1.6048
10560.000	1.3371
10620.000	1.2941
10680.000	1.1737
10740.000	1.1822
10800.000	1.1704
10860.000	1.1586
10920.000	1.1449
10980.000	1.1446
11040.000	1.1448
11100.000	1.1539
11160.000	1.1909
11220.000	1.1968
11280.000	1.1924
11340.000	1.3634
11400.000	1.2095
11460.000	1.1909
11520.000	1.2945
11580.000	1.1344
11640.000	1.2863
11700.000	1.5558
11760.000	1.6500
11820.000	1.8748
11880.000	1.2613
11940.000	1.6125
12000.000	1.1309
12060.000	1.1546
12120.000	1.4968
12180.000	1.1965
12240.000	1.2255
12300.000	1.2114
12360.000	1.1334
12420.000	1.1400
12480.000	1.1487
12540.000	1.1396
12600.000	1.1412
12660.000	1.1583
12720.000	1.1438
12780.000	1.1245
12840.000	1.0505
12900.000	1.2470
12960.000	1.0617
13020.000	1.2439
13080.000	1.3355
13140.000	1.1237
13200.000	1.2774
13260.000	1.1522
13320.000	1.3303
13380.000	1.1573
13440.000	1.7403
13500.000	1.2505
13560.000	1.3559
13620.000	1.3491
13680.000	1.1810
13740.000	1.2662
13800.000	1.1040
13860.000	1.2149
13920.000	1.1432
13980.000	1.1759
14040.000	1.1528
14100.000	1.1420
14160.000	1.1409
14220.000	1.1494
14280.000	1.1401
14340.000	1.1872
14400.000	1.1926
14460.000	1.1412
14520.000	1.2228
14580.000	1.3015
14640.000	1.2237
14700.000	1.3410
14760.000	1.2634
14820.000	1.5602
14880.000	1.7684
14940.000	1.5713
15000.000	1.1580
15060.000	1.2218
15120.000	1.2094
15180.000	1.3391
15240.000	0.9375
15300.000	1.4827
15360.000	1.2890
15420.000	1.1605
15480.000	1.2089
15540.000	1.2344
15600.000	1.1663
15660.000	1.1577
15720.000	1.1578
15780.000	1.1614
15840.000	1.2093
15900.000	1.2039
15960.000	1.0889
16020.000	1.3996
16080.000	1.3545
16140.000	2.2827
16200.000	1.5427
16260.000	2.4382
16320.000	1.2826
16380.000	1.4825
16440.000	2.2028
16500.000	1.3075
16560.000	1.0936
16620.000	1.3606
16680.000	2.8178
16740.000	1.2275
16800.000	2.5535
16860.000	3.1905
16920.000	2.7122
16980.000	4.5103
17040.000	6.4186
17100.000	5.0328
17160.000	6.8395
17220.000	9.6118
17280.000	10.3583
17340.000	9.9494
17400.000	13.7870
17460.000	13.7258
17520.000	28.7370
17580.000	30.7470
17640.000	36.5709
17700.000	60.6005
17760.000	67.7678
17820.000	108.2950
17880.000	89.3597
17940.000	162.5125
18000.000	208.2826
18060.000	188.0119
18120.000	276.7367
18180.000	310.2923
18240.000	482.8520
18300.000	350.8177
18360.000	637.7904
18420.000	1239.8855
18480.000	943.2952
18540.000	1847.7590
18600.000	1926.1438
18660.000	2055.7191
18720.000	3306.9016
18780.000	4350.6992
18840.000	5435.2460
18900.000	4023.6635
18960.000	8015.8659
19020.000	14517.2320
19080.000	9953.3683
19140.000	15354.4940
19200.000	20163.1692
19260.000	19055.0328
19320.000	28676.8195
19380.000	31971.3201
19440.000	53955.7552
19500.000	51875.4713
19560.000	102508.1144
19620.000	114371.8846
19680.000	87475.3539
19740.000	171855.8001
19800.000	298822.8479
19860.000	369968.5226
19920.000	333518.6612
19980.000	389162.2469
20040.000	862054.3339
20100.000	610372.7869
20160.000	1131798.2484
20220.000	1148516.9769
20280.000	1040493.1746
20340.000	1331126.7583
20400.000	2772972.5509
20460.000	3561085.9597
20520.000	5134325.5129
20580.000	6897233.6162
20640.000	7608362.4315
20700.000	8084787.2761
20760.000	9602059.0097
20820.000	17746774.7854
20880.000	15875136.8459
20940.000	16397462.2913
21000.000	25821091.4659
21060.000	26488995.1563
21120.000	32592892.5775
21180.000	54632081.7308
21240.000	72551199.7181
21300.000	79299176.8364
21360.000	130746583.7258
21420.000	151720632.7749
21480.000	173062061.0300
21540.000	272163434.9398
21600.000	477298140.8736
21660.000	351266127.7138
21720.000	371115808.8484
21780.000	645240252.1577
21840.000	727757080.0386
21900.000	834386475.0176
21960.000	1212897007.3415
22020.000	1842802974.3901
22080.000	1426943900.2093
22140.000	2976855840.6675
22200.000	2612575673.3108
22260.000	3608567757.4309
22320.000	6642973051.1482
22380.000	7692668250.2074
22440.000	8127666086.2256
22500.000	12223354352.7422
22560.000	14599659772.1894
22620.000	20271182410.9969
22680.000	22076748620.0021
22740.000	34633296107.8523
22800.000	46488139558.2602
22860.000	42119791113.5608
22920.000	62462712328.6578
22980.000	58767190567.9166
23040.000	84075163347.0762
23100.000	115312777509.5799
23160.000	314477731018.5008
23220.000	186200726007.3646
23280.000	250669481301.4775
23340.000	421536669467.9940
23400.000	419606367922.5345
23460.000	698585910693.9221
23520.000	616725882802.2329
23580.000	988006584293.4792
23640.000	1547651432697.1946
23700.000	1427498850660.6873
23760.000	750214193652.2822
23820.000	2174802543080.0562
23880.000	2155255304379.9690
23940.000	4132858667061.2627
24000.000	4198067595899.7944
24060.000	5423625205452.3721
24120.000	9011653316926.8555
24180.000	10661629524045.1523
24240.000	15706030656115.9688
24300.000	14376754747036.1406
24360.000	28564012992947.6758
24420.000	27987667362959.1406
24480.000	32938552678562.1836
24540.000	29157595994449.1211
24600.000	41906362584507.3672
24660.000	64676937511559.4844
24720.000	122782399966132.2812
24780.000	104167985913958.4219
24840.000	87450211197710.2812
24900.000	91989806283050.1562
24960.000	252011196774474.8750
25020.000	357385932750205.3125
25080.000	327572452184321.3125
25140.000	592808297946949.0000
25200.000	718823360549902.7500
25260.000	666371774448099.6250
25320.000	676516327064614.8750
25380.000	1625752429967028.5000
25440.000	1436719191344376.7500
25500.000	1486007541028663.2500
25560.000	2501782908125900.5000
25620.000	3466778881572529.0000
25680.000	3090054172231131.0000
25740.000	4830845567602349.0000
25800.000	4081909294341201.0000
25860.000	6611942900501735.0000
25920.000	12345679281055984.0000
25980.000	14158559428764536.0000
26040.000	15262755438606912.0000
26100.000	21107344534959820.0000
26160.000	30179166380021764.0000
26220.000	31977397261674496.0000
26280.000	58336895100087064.0000
26340.000	57751341885271832.0000
26400.000	83613535595229232.0000
26460.000	97369527240622816.0000
26520.000	107413984333620880.0000
26580.000	147871629009689376.0000
26640.000	249091400294093472.0000
26700.000	225382667783839968.0000
26760.000	362133191106115008.0000
26820.000	359077921348869184.0000
26880.000	365992992482752576.0000
26940.000	591542896377559680.0000
27000.000	716540390120984960.0000
27060.000	833609697030669568.0000
27120.000	1562963204645922304.0000
27180.000	1863557616955735808.0000
27240.000	1638894030350926336.0000
27300.000	2538836846200036352.0000
27360.000	4108856071718333440.0000
27420.000	4098175630790960640.0000
27480.000	4698450458701879296.0000
27540.000	6397599162357298176.0000
27600.000	10264597878350075904.0000
27660.000	9384185917574383616.0000
27720.000	11756971431724163072.0000
27780.000	16075139751651276800.0000
27840.000	22020378834508722176.0000
27900.000	31452163011716431872.0000
27960.000	46648641534469840896.0000
28020.000	34788705900913745920.0000
28080.000	101453942914662121472.0000
28140.000	90096423185942134784.0000
28200.000	134384972726104555520.0000
28260.000	109826670462817173504.0000
28320.000	141789854552423694336.0000
28380.000	188109345045865889792.0000
28440.000	225853909701700943872.0000
28500.000	183555385648594059264.0000
28560.000	617220955465365192704.0000
28620.000	341996786024709947392.0000
28680.000	477252111924922417152.0000
28740.000	1012385317516889030656.0000
28800.000	760535257939036995584.0000
28860.000	1279920532079139094528.0000
28920.000	1869038361011078299648.0000
28980.000	2780632296140128649216.0000
29040.000	2576410852820900118528.0000
29100.000	5348920211557877547008.0000
29160.000	5025508041306423689216.0000
29220.000	8044911904817985617920.0000
29280.000	3785779061615356805120.0000
29340.000	12473518887719732772864.0000
29400.000	10062049796213941731328.0000
29460.000	11567136166601329475584.0000
29520.000	18460782243830613147648.0000
29580.000	20225832019859974651904.0000
29640.000	29674832486829144408064.0000
29700.000	41921538852060659712000.0000
29760.000	58530167291886509752320.0000
29820.000	59805971531180529418240.0000
29880.000	77080058427105634942976.0000
29940.000	116506599326102579052544.0000
30000.000	139880076182676526071808.0000
30060.000	105425220038337880915968.0000
30120.000	288044328717843460784128.0000
30180.000	385366510108827977777152.0000
30240.000	495994142878192503881728.0000
