   5.0000000   -2.2862360723e+02
  15.0000000   -5.9590054597e+02
  25.0000000   -2.8312740361e+03
  35.0000000   -4.3010118787e+03
  45.0000000   -5.5295131041e+03
  55.0000000   -6.8485836499e+03
  65.0000000   -8.2970132703e+03
  75.0000000   -9.3230939751e+03
  85.0000000   -9.7865798786e+03
  95.0000000   -1.0260803436e+04
 105.0000000   -1.0508128800e+04
 115.0000000   -1.1235976233e+04
 125.0000000   -1.2685870293e+04
 135.0000000   -1.2911818895e+04
 145.0000000   -1.4002058849e+04
 155.0000000   -1.4537518822e+04
 165.0000000   -1.5104537139e+04
 175.0000000   -1.6291395472e+04
 185.0000000   -1.6945312287e+04
 195.0000000   -1.9569601091e+04
 205.0000000   -2.1298652831e+04
 215.0000000   -2.3662535700e+04
 225.0000000   -2.5796553155e+04
 235.0000000   -2.7462908945e+04
 245.0000000   -3.0375336564e+04
 255.0000000   -3.2066111840e+04
 265.0000000   -3.4897679905e+04
 275.0000000   -3.5475028866e+04
 285.0000000   -3.5570847981e+04
 295.0000000   -3.7623788231e+04
 305.0000000   -3.9198176438e+04
 315.0000000   -4.2649881863e+04
 325.0000000   -4.3700890546e+04
 335.0000000   -4.8102272789e+04
 345.0000000   -5.1311606892e+04
 355.0000000   -5.2670877234e+04
 365.0000000   -5.6213497704e+04
 375.0000000   -6.1066308954e+04
 385.0000000   -6.4325720365e+04
 395.0000000   -7.1982038895e+04
 405.0000000   -7.5823350157e+04
 415.0000000   -8.0965437100e+04
 425.0000000   -8.3501629913e+04
 435.0000000   -8.6179917905e+04
 445.0000000   -8.9564630326e+04
 455.0000000   -9.2270273585e+04
 465.0000000   -9.7801320349e+04
 475.0000000   -1.0468663993e+05
 485.0000000   -1.1231811370e+05
 495.0000000   -1.1222141053e+05
 505.0000000   -1.1592836575e+05
 515.0000000   -1.1631619746e+05
 525.0000000   -1.1836153606e+05
 535.0000000   -1.1856505504e+05
 545.0000000   -1.1857207888e+05
 555.0000000   -1.2331357877e+05
 565.0000000   -1.2438636085e+05
 575.0000000   -1.2616262042e+05
 585.0000000   -1.3040300312e+05
 595.0000000   -1.2837016501e+05
 605.0000000   -1.2477533723e+05
 615.0000000   -1.2405116402e+05
 625.0000000   -1.2566606473e+05
 635.0000000   -1.3150279263e+05
 645.0000000   -1.3369375232e+05
 655.0000000   -1.4042471499e+05
 665.0000000   -1.3786619649e+05
 675.0000000   -1.3852823132e+05
 685.0000000   -1.3995797508e+05
 695.0000000   -1.4536543778e+05
 705.0000000   -1.5111102607e+05
 715.0000000   -1.6108456962e+05
 725.0000000   -1.6331376278e+05
 735.0000000   -1.6689130679e+05
 745.0000000   -1.6503376850e+05
 755.0000000   -1.6970007119e+05
 765.0000000   -1.7389737526e+05
 775.0000000   -1.8716155360e+05
 785.0000000   -1.9416342536e+05
 795.0000000   -2.0428672255e+05
 805.0000000   -2.0037526703e+05
 815.0000000   -1.9667574516e+05
 825.0000000   -1.9863811102e+05
 835.0000000   -2.0286735823e+05
 845.0000000   -2.0805287983e+05
 855.0000000   -2.2325379516e+05
 865.0000000   -2.2412264037e+05
 875.0000000   -2.2804933283e+05
 885.0000000   -2.2280089542e+05
 895.0000000   -2.1846768936e+05
 905.0000000   -2.2414536450e+05
 915.0000000   -2.3752303182e+05
 925.0000000   -2.4464392751e+05
 935.0000000   -2.4904714873e+05
 945.0000000   -2.4999931681e+05
 955.0000000   -2.4374448647e+05
 965.0000000   -2.3872089724e+05
 975.0000000   -2.3987213811e+05
 985.0000000   -2.4669430666e+05
 995.0000000   -2.5741779010e+05
1005.0000000   -2.5785233534e+05
1015.0000000   -2.5049443741e+05
1025.0000000   -2.4875787072e+05
1035.0000000   -2.4098055145e+05
1045.0000000   -2.4345062927e+05
1055.0000000   -2.4775941358e+05
1065.0000000   -2.5701379554e+05
1075.0000000   -2.5358386509e+05
1085.0000000   -2.4893700610e+05
1095.0000000   -2.4547507976e+05
1105.0000000   -2.4894470146e+05
1115.0000000   -2.5579432330e+05
1125.0000000   -2.6784070362e+05
1135.0000000   -2.7179469628e+05
1145.0000000   -2.7570981055e+05
1155.0000000   -2.7261011841e+05
1165.0000000   -2.7591805473e+05
1175.0000000   -2.8103480246e+05
1185.0000000   -2.9183103806e+05
1195.0000000   -3.0549086023e+05
1205.0000000   -3.1040966286e+05
1215.0000000   -3.0426101199e+05
1225.0000000   -3.0237678439e+05
1235.0000000   -3.0722070106e+05
1245.0000000   -3.2212795447e+05
1255.0000000   -3.3240849590e+05
1265.0000000   -3.4342141862e+05
1275.0000000   -3.4107747101e+05
1285.0000000   -3.3566886120e+05
1295.0000000   -3.3579416607e+05
1305.0000000   -3.4474416616e+05
1315.0000000   -3.5752769172e+05
1325.0000000   -3.6878055191e+05
1335.0000000   -3.7125037744e+05
1345.0000000   -3.6327339519e+05
1355.0000000   -3.5580628027e+05
1365.0000000   -3.6261967405e+05
1375.0000000   -3.6821467449e+05
1385.0000000   -3.8363472385e+05
1395.0000000   -3.9205508365e+05
1405.0000000   -3.9062875074e+05
1415.0000000   -3.7947602477e+05
1425.0000000   -3.6276813142e+05
1435.0000000   -3.7344895108e+05
1445.0000000   -3.8514641517e+05
1455.0000000   -4.0057243141e+05
1465.0000000   -4.0263224211e+05
1475.0000000   -3.9248511817e+05
1485.0000000   -3.8526925234e+05
1495.0000000   -3.8282689350e+05
1505.0000000   -3.9468040398e+05
1515.0000000   -4.0425476746e+05
1525.0000000   -4.1251628183e+05
1535.0000000   -4.1548913995e+05
1545.0000000   -4.0775945027e+05
1555.0000000   -3.9383952873e+05
1565.0000000   -3.9614710226e+05
1575.0000000   -4.0795571380e+05
1585.0000000   -4.1732719544e+05
1595.0000000   -4.1584871435e+05
1605.0000000   -4.1453327015e+05
1615.0000000   -4.0186405556e+05
1625.0000000   -3.9552576005e+05
1635.0000000   -4.0676214470e+05
1645.0000000   -4.1666727991e+05
1655.0000000   -4.1653261198e+05
1665.0000000   -4.0836290312e+05
1675.0000000   -4.0852417598e+05
1685.0000000   -3.9919199433e+05
1695.0000000   -4.0807350322e+05
1705.0000000   -4.2179687657e+05
1715.0000000   -4.2169799486e+05
1725.0000000   -4.2185879082e+05
1735.0000000   -4.1845216315e+05
1745.0000000   -4.1700504578e+05
1755.0000000   -4.2874746301e+05
1765.0000000   -4.4050634559e+05
1775.0000000   -4.4837997715e+05
1785.0000000   -4.4491205318e+05
1795.0000000   -4.4580351641e+05
1805.0000000   -4.5105164902e+05
1815.0000000   -4.6705439922e+05
1825.0000000   -4.8100123137e+05
1835.0000000   -4.9332768684e+05
1845.0000000   -4.9038023146e+05
1855.0000000   -4.9080502725e+05
1865.0000000   -4.8774919678e+05
1875.0000000   -5.0976987588e+05
1885.0000000   -5.0951268483e+05
1895.0000000   -5.3147581728e+05
1905.0000000   -5.3171799833e+05
1915.0000000   -5.1752066330e+05
1925.0000000   -5.1211318006e+05
1935.0000000   -5.2709348811e+05
1945.0000000   -5.3576569377e+05
1955.0000000   -5.6334135121e+05
1965.0000000   -5.5610782881e+05
1975.0000000   -5.4569592236e+05
1985.0000000   -5.3100128668e+05
1995.0000000   -5.4058667618e+05
2005.0000000   -5.5260581553e+05
2015.0000000   -5.7810700163e+05
2025.0000000   -5.7066733896e+05
2035.0000000   -5.4979014542e+05
2045.0000000   -5.4021698432e+05
2055.0000000   -5.4031292779e+05
2065.0000000   -5.4551428941e+05
2075.0000000   -5.7816299558e+05
2085.0000000   -5.7399919303e+05
2095.0000000   -5.7456087464e+05
2105.0000000   -5.5093328377e+05
2115.0000000   -5.4694208089e+05
2125.0000000   -5.5413128682e+05
2135.0000000   -5.7971907416e+05
2145.0000000   -6.0584485353e+05
2155.0000000   -6.0174009990e+05
2165.0000000   -5.6800597431e+05
2175.0000000   -5.5064757401e+05
2185.0000000   -5.5964339923e+05
2195.0000000   -5.8741603390e+05
2205.0000000   -6.0140312556e+05
2215.0000000   -6.1401951192e+05
2225.0000000   -5.9376095714e+05
2235.0000000   -5.7304599968e+05
2245.0000000   -5.7681420256e+05
2255.0000000   -5.9769567972e+05
2265.0000000   -6.1134689641e+05
2275.0000000   -6.2515789526e+05
2285.0000000   -6.2197953872e+05
2295.0000000   -5.8969451340e+05
2305.0000000   -5.8868694155e+05
2315.0000000   -6.0580647640e+05
2325.0000000   -6.2194719104e+05
2335.0000000   -6.3297238031e+05
2345.0000000   -6.2902580365e+05
2355.0000000   -6.1246941256e+05
2365.0000000   -6.1047032499e+05
2375.0000000   -6.1309787840e+05
2385.0000000   -6.3560388805e+05
2395.0000000   -6.4146832689e+05
2405.0000000   -6.3860492457e+05
2415.0000000   -6.3642642272e+05
2425.0000000   -6.3849794041e+05
2435.0000000   -6.3547667418e+05
2445.0000000   -6.5644405865e+05
2455.0000000   -6.6372448202e+05
2465.0000000   -6.6182567652e+05
2475.0000000   -6.4022419451e+05
2485.0000000   -6.4615522769e+05
2495.0000000   -6.3999521659e+05
2505.0000000   -6.7461649287e+05
2515.0000000   -6.7627190799e+05
2525.0000000   -6.7381084905e+05
2535.0000000   -6.5331721028e+05
2545.0000000   -6.6061086944e+05
2555.0000000   -6.6272300790e+05
2565.0000000   -7.0184569087e+05
2575.0000000   -6.9991588073e+05
2585.0000000   -7.0248052906e+05
2595.0000000   -6.8355287508e+05
2605.0000000   -6.8737158870e+05
2615.0000000   -6.8982051978e+05
2625.0000000   -7.2093545265e+05
2635.0000000   -7.2213781421e+05
2645.0000000   -7.2188878238e+05
2655.0000000   -7.1007058560e+05
2665.0000000   -7.0852736846e+05
2675.0000000   -7.1586444686e+05
2685.0000000   -7.3774974949e+05
2695.0000000   -7.4588214165e+05
2705.0000000   -7.5181277843e+05
2715.0000000   -7.3988992173e+05
2725.0000000   -7.3754913267e+05
2735.0000000   -7.4668307194e+05
2745.0000000   -7.6369184593e+05
2755.0000000   -7.7989109751e+05
2765.0000000   -7.7396310205e+05
2775.0000000   -7.6311629397e+05
2785.0000000   -7.5374645064e+05
2795.0000000   -7.6400538132e+05
2805.0000000   -7.8237129206e+05
2815.0000000   -7.9522715080e+05
2825.0000000   -7.9222110486e+05
2835.0000000   -7.8930124986e+05
2845.0000000   -7.7540900333e+05
2855.0000000   -7.9653690107e+05
2865.0000000   -8.1336994741e+05
2875.0000000   -8.3020250260e+05
2885.0000000   -8.1037270871e+05
2895.0000000   -8.0680620638e+05
2905.0000000   -7.8700305372e+05
2915.0000000   -8.0378910516e+05
2925.0000000   -8.3690006032e+05
2935.0000000   -8.5096341746e+05
2945.0000000   -8.2886201974e+05
2955.0000000   -8.2078810206e+05
2965.0000000   -7.9947482046e+05
2975.0000000   -8.1609835135e+05
2985.0000000   -8.5345645946e+05
2995.0000000   -8.7456534327e+05
3005.0000000   -8.3437303657e+05
3015.0000000   -8.1733989990e+05
3025.0000000   -8.1521878656e+05
3035.0000000   -8.3892463943e+05
3045.0000000   -8.5465979450e+05
3055.0000000   -8.5953152546e+05
3065.0000000   -8.4248402992e+05
3075.0000000   -8.1341364158e+05
3085.0000000   -8.0029505921e+05
3095.0000000   -8.1631512489e+05
3105.0000000   -8.3992921672e+05
3115.0000000   -8.5876085349e+05
3125.0000000   -8.3528234314e+05
3135.0000000   -8.1159140353e+05
3145.0000000   -7.9661711274e+05
3155.0000000   -7.9184527221e+05
3165.0000000   -8.4117326807e+05
3175.0000000   -8.4647946140e+05
3185.0000000   -8.3677214693e+05
3195.0000000   -7.9763815143e+05
3205.0000000   -7.8456153039e+05
3215.0000000   -8.0054054778e+05
3225.0000000   -8.5576825313e+05
3235.0000000   -8.5788089722e+05
3245.0000000   -8.6731435041e+05
3255.0000000   -8.2674321228e+05
3265.0000000   -8.1383907904e+05
3275.0000000   -8.1995213014e+05
3285.0000000   -8.7966774301e+05
3295.0000000   -8.9299423473e+05
3305.0000000   -9.1177930370e+05
3315.0000000   -8.6469867932e+05
3325.0000000   -8.3515270489e+05
3335.0000000   -8.5481736610e+05
3345.0000000   -9.0953712662e+05
3355.0000000   -9.2080242003e+05
3365.0000000   -9.4081219621e+05
3375.0000000   -8.9507982848e+05
3385.0000000   -8.9128460478e+05
3395.0000000   -9.0237368226e+05
3405.0000000   -9.3350337132e+05
3415.0000000   -9.5005972290e+05
3425.0000000   -9.6333615219e+05
3435.0000000   -9.4811880419e+05
3445.0000000   -9.3669376469e+05
3455.0000000   -9.3455115234e+05
3465.0000000   -9.7058019563e+05
3475.0000000   -9.8512257012e+05
3485.0000000   -9.8354564485e+05
3495.0000000   -9.7177872192e+05
3505.0000000   -9.5634236277e+05
3515.0000000   -9.8041236874e+05
3525.0000000   -9.9403966070e+05
3535.0000000   -1.0202225722e+06
3545.0000000   -1.0103083438e+06
3555.0000000   -9.9419616957e+05
3565.0000000   -9.7901125364e+05
3575.0000000   -1.0116832653e+06
3585.0000000   -1.0115101799e+06
3595.0000000   -1.0371194961e+06
3605.0000000   -1.0285282384e+06
3615.0000000   -1.0063083360e+06
3625.0000000   -9.8933178890e+05
3635.0000000   -1.0175487999e+06
3645.0000000   -1.0243218728e+06
3655.0000000   -1.0576651926e+06
3665.0000000   -1.0355908405e+06
3675.0000000   -1.0151850518e+06
3685.0000000   -9.9452004694e+05
3695.0000000   -1.0197115138e+06
3705.0000000   -1.0557292112e+06
3715.0000000   -1.0741635160e+06
3725.0000000   -1.0410989703e+06
3735.0000000   -1.0182542136e+06
3745.0000000   -1.0123069382e+06
3755.0000000   -1.0339309364e+06
3765.0000000   -1.0477632698e+06
3775.0000000   -1.0668779656e+06
3785.0000000   -1.0470328167e+06
3795.0000000   -1.0224175239e+06
3805.0000000   -1.0233282399e+06
3815.0000000   -1.0444572301e+06
3825.0000000   -1.0605261729e+06
3835.0000000   -1.0653091684e+06
3845.0000000   -1.0637106119e+06
3855.0000000   -1.0345728827e+06
3865.0000000   -1.0386525413e+06
3875.0000000   -1.0672484506e+06
3885.0000000   -1.0842625458e+06
3895.0000000   -1.0841100351e+06
3905.0000000   -1.0802108976e+06
3915.0000000   -1.0573929198e+06
3925.0000000   -1.0732975529e+06
3935.0000000   -1.1001251439e+06
3945.0000000   -1.1247855318e+06
3955.0000000   -1.1050118595e+06
3965.0000000   -1.0998586110e+06
3975.0000000   -1.0977152611e+06
3985.0000000   -1.1252886881e+06
3995.0000000   -1.1369874175e+06
4005.0000000   -1.1428660638e+06
4015.0000000   -1.1384842021e+06
4025.0000000   -1.1231767841e+06
4035.0000000   -1.1128495857e+06
