# t    rho at centre
0.000	0.0000
10.000	1.3965
20.000	1.3812
30.000	1.6904
40.000	1.8550
50.000	1.7951
60.000	2.2055
70.000	2.2446
80.000	2.0718
90.000	2.5037
100.000	2.5200
110.000	2.5538
120.000	2.9745
130.000	2.7195
140.000	2.7486
150.000	3.1812
160.000	3.0302
170.000	3.6245
180.000	3.3319
190.000	3.4273
200.000	4.0334
210.000	3.6912
220.000	4.4352
230.000	4.4579
240.000	3.6939
250.000	4.4735
260.000	4.3327
270.000	4.1582
280.000	5.0595
290.000	4.1918
300.000	4.5764
310.000	5.4297
320.000	5.0589
330.000	5.3552
340.000	5.7661
350.000	5.0641
360.000	6.1848
370.000	6.5045
380.000	5.6654
390.000	6.4214
400.000	5.3361
410.000	6.6068
420.000	6.9514
430.000	6.4022
440.000	6.8831
450.000	5.7295
460.000	6.2425
470.000	7.4998
480.000	7.5761
490.000	6.6928
500.000	8.5881
510.000	6.5372
520.000	7.4842
530.000	8.8813
540.000	7.4504
550.000	8.9159
560.000	8.1384
570.000	8.0315
580.000	9.1364
590.000	8.8869
600.000	8.8269
610.000	9.6408
620.000	8.4947
630.000	9.5507
640.000	10.2782
650.000	8.7382
660.000	10.5656
670.000	9.8983
680.000	9.4293
690.000	11.2535
700.000	9.9654
710.000	9.5806
720.000	11.5326
730.000	10.1559
740.000	11.8753
750.000	11.6279
760.000	10.2918
770.000	12.5618
780.000	11.8166
790.000	12.2638
800.000	12.7652
810.000	10.8231
820.000	11.6224
830.000	13.7824
840.000	12.1639
850.000	13.7998
860.000	14.3820
870.000	11.8528
880.000	15.2483
890.000	14.2997
900.000	15.4313
910.000	15.0961
920.000	13.9019
930.000	15.1601
940.000	14.1264
950.000	13.9252
960.000	16.5875
970.000	15.3201
980.000	13.8325
990.000	17.2780
1000.000	13.3377
1010.000	15.5241
1020.000	18.3833
1030.000	15.1054
1040.000	16.9046
1050.000	19.3419
1060.000	16.0649
1070.000	19.1405
1080.000	19.7072
1090.000	16.4855
1100.000	20.0125
1110.000	17.5182
1120.000	17.5205
1130.000	17.5796
1140.000	17.9499
1150.000	20.4762
1160.000	18.3909
1170.000	18.1116
1180.000	21.0458
1190.000	18.0037
1200.000	19.2580
1210.000	23.6503
1220.000	19.4034
1230.000	19.8951
1240.000	24.0517
1250.000	20.0885
1260.000	20.7224
1270.000	24.1167
1280.000	20.1226
1290.000	24.4742
1300.000	22.1643
1310.000	23.2741
1320.000	23.1682
1330.000	21.3618
1340.000	25.6031
1350.000	22.6368
1360.000	22.3756
1370.000	24.0813
1380.000	25.3214
1390.000	23.4573
1400.000	29.4228
1410.000	25.9709
1420.000	23.7016
1430.000	30.8939
1440.000	25.4108
1450.000	30.2113
1460.000	26.7054
1470.000	24.1535
1480.000	28.6874
1490.000	24.4178
1500.000	26.4298
1510.000	30.4584
1520.000	27.0643
1530.000	23.9208
1540.000	30.6357
1550.000	26.4168
1560.000	30.9087
1570.000	32.4853
1580.000	27.7844
1590.000	32.8509
1600.000	32.7670
1610.000	32.7863
1620.000	34.5671
1630.000	32.2404
1640.000	30.7794
1650.000	37.1800
1660.000	30.6867
1670.000	32.4228
1680.000	26.9539
1690.000	30.4724
1700.000	36.5682
1710.000	31.0694
1720.000	34.8850
1730.000	33.5436
1740.000	29.3623
1750.000	36.0325
1760.000	40.2351
1770.000	32.6774
1780.000	36.1173
1790.000	37.0597
1800.000	33.6828
1810.000	39.8829
1820.000	39.4125
1830.000	33.5352
1840.000	41.3996
1850.000	36.0752
1860.000	43.2189
1870.000	39.2632
1880.000	36.2568
1890.000	42.5021
1900.000	35.9140
1910.000	42.1834
1920.000	44.3998
1930.000	40.2460
1940.000	39.4273
1950.000	49.6614
1960.000	39.8548
1970.000	43.7053
1980.000	49.7577
1990.000	39.6636
2000.000	47.6309
2010.000	42.8137
2020.000	39.8115
2030.000	47.1473
2040.000	40.4799
2050.000	42.1119
2060.000	49.0024
2070.000	42.7306
2080.000	41.0331
2090.000	46.9831
2100.000	45.1111
2110.000	49.2268
2120.000	45.2558
2130.000	48.8374
2140.000	52.7608
2150.000	48.3060
2160.000	55.0251
2170.000	53.4303
2180.000	46.8276
2190.000	52.1473
2200.000	60.7012
2210.000	45.0682
2220.000	54.8693
2230.000	44.9142
2240.000	49.6059
2250.000	56.9476
2260.000	49.3420
2270.000	58.3430
2280.000	45.6671
2290.000	49.8917
2300.000	58.1057
2310.000	59.3165
2320.000	52.0372
2330.000	58.8969
2340.000	48.1043
2350.000	52.2875
2360.000	63.9170
2370.000	55.8968
2380.000	53.1552
2390.000	62.5626
2400.000	54.0027
2410.000	65.1909
2420.000	61.3237
2430.000	57.5633
2440.000	62.2383
2450.000	55.1317
2460.000	67.9389
2470.000	67.5449
2480.000	57.5387
2490.000	61.3665
2500.000	70.7994
2510.000	56.6523
2520.000	70.4844
2530.000	66.8180
2540.000	59.9147
2550.000	70.1085
2560.000	62.8760
2570.000	63.2308
2580.000	71.3659
2590.000	61.4810
2600.000	63.0085
2610.000	73.4845
2620.000	62.1294
2630.000	68.0463
2640.000	66.5170
2650.000	68.8568
2660.000	69.8702
2670.000	62.5895
2680.000	78.0001
2690.000	73.0046
2700.000	64.3598
2710.000	77.5217
2720.000	72.6889
2730.000	65.7443
2740.000	78.9172
2750.000	83.7903
2760.000	61.9595
2770.000	82.9038
2780.000	67.2705
2790.000	76.3712
2800.000	79.4695
2810.000	71.3595
2820.000	87.8066
2830.000	68.3976
2840.000	80.2102
2850.000	84.6080
2860.000	78.0189
2870.000	78.6417
2880.000	88.7021
2890.000	68.5566
2900.000	78.0092
2910.000	85.8056
2920.000	73.9978
2930.000	79.8932
2940.000	86.2326
2950.000	77.7644
2960.000	85.9659
2970.000	87.3182
2980.000	84.5402
2990.000	89.4347
3000.000	80.0569
3010.000	94.0416
3020.000	87.4686
3030.000	80.2642
3040.000	94.1030
3050.000	87.9578
3060.000	79.4122
3070.000	97.0034
3080.000	84.1191
3090.000	87.6372
3100.000	97.2161
3110.000	85.6691
3120.000	92.3309
3130.000	101.1646
3140.000	85.6737
3150.000	93.7088
3160.000	100.6759
3170.000	86.9302
3180.000	104.9406
3190.000	92.9909
3200.000	97.3676
3210.000	95.3175
3220.000	87.9901
3230.000	109.9582
3240.000	94.0860
3250.000	87.9574
3260.000	105.8181
3270.000	95.5147
3280.000	93.7582
3290.000	108.0852
3300.000	103.1909
3310.000	87.7215
3320.000	112.4753
3330.000	96.6568
3340.000	109.5422
3350.000	104.2567
3360.000	92.5371
3370.000	117.3444
3380.000	99.7005
3390.000	112.2576
3400.000	112.8015
3410.000	99.8995
3420.000	114.1457
3430.000	120.3919
3440.000	101.5553
3450.000	113.3892
3460.000	101.5266
3470.000	102.5898
3480.000	115.4812
3490.000	112.1220
3500.000	111.9627
3510.000	110.9682
3520.000	112.0032
3530.000	116.8527
3540.000	124.6700
3550.000	108.1613
3560.000	125.5845
3570.000	103.0232
3580.000	111.8428
3590.000	134.9576
3600.000	108.5481
3610.000	115.9982
3620.000	120.5437
3630.000	107.9699
3640.000	125.5029
3650.000	134.2283
3660.000	111.1111
3670.000	128.2208
3680.000	129.9572
3690.000	110.7782
3700.000	133.1492
3710.000	125.2299
3720.000	119.2859
3730.000	131.7093
3740.000	118.0132
3750.000	131.0195
3760.000	124.6393
3770.000	121.7586
3780.000	141.1015
3790.000	120.6536
3800.000	128.8143
3810.000	137.5896
3820.000	119.3010
3830.000	133.5734
3840.000	139.8493
3850.000	119.9152
3860.000	129.5089
3870.000	135.7580
3880.000	124.4989
3890.000	143.9774
3900.000	131.7037
3910.000	115.2411
3920.000	147.0124
3930.000	134.4503
3940.000	143.3431
3950.000	141.6735
3960.000	127.2438
3970.000	149.9029
3980.000	144.3181
3990.000	144.9061
4000.000	154.3136
4010.000	122.3445
4020.000	142.8792
4030.000	150.0256
4040.000	140.3129
4050.000	145.9785
4060.000	140.7400
4070.000	135.9284
4080.000	152.5838
4090.000	160.4913
4100.000	135.0386
4110.000	159.4326
4120.000	121.2721
4130.000	153.5107
4140.000	176.7697
4150.000	135.6751
4160.000	161.7020
4170.000	144.9195
4180.000	142.1037
4190.000	166.7585
4200.000	176.5478
4210.000	142.7221
4220.000	155.7202
4230.000	152.3956
4240.000	141.8009
4250.000	174.3303
4260.000	148.1348
4270.000	155.5408
4280.000	146.8025
4290.000	145.3567
4300.000	172.8055
4310.000	154.4715
4320.000	156.8728
4330.000	173.6173
4340.000	159.6305
4350.000	180.2727
4360.000	176.9756
4370.000	148.6916
4380.000	177.6306
4390.000	165.8750
4400.000	150.9818
4410.000	180.5746
4420.000	159.6454
4430.000	156.4553
4440.000	178.7775
4450.000	159.1916
4460.000	150.4208
4470.000	181.1192
4480.000	163.9402
4490.000	172.2297
4500.000	173.3131
4510.000	162.5887
4520.000	188.5402
