#          tintegral inside 0 < R < 50
   0.0000000    0.0000000000e+00
  60.0000000   -5.7233194111e-03
 120.0000000    1.2142326265e-02
 180.0000000   -4.0698735773e-03
 240.0000000    1.5265438432e-02
 300.0000000    5.1760523667e-03
 360.0000000   -5.9969197254e-04
 420.0000000    1.4808209734e-02
 480.0000000    1.3768460693e-03
 540.0000000   -3.7486390370e-02
 600.0000000    1.0904951114e-02
 660.0000000    8.1859663456e-04
 720.0000000    1.6158531650e-02
 780.0000000    3.3995763605e-03
 840.0000000   -4.8439223386e-03
 900.0000000    1.7284165327e-02
 960.0000000   -5.2904110393e-06
1020.0000000    6.2414483590e-03
1080.0000000    5.5066155739e-03
1140.0000000   -6.8395280110e-03
1200.0000000    1.4372054526e-02
1260.0000000    5.6056312135e-03
1320.0000000    2.6071582701e-02
1380.0000000    1.1663245153e-02
1440.0000000    2.3543952041e-03
1500.0000000    3.4029828911e-02
1560.0000000    5.3547694422e-03
1620.0000000   -1.0111199213e-02
1680.0000000    1.5446187107e-02
1740.0000000    1.8261830927e-03
1800.0000000   -1.3196473706e-02
1860.0000000    6.8413795238e-03
1920.0000000   -6.8198573961e-03
1980.0000000    1.1134972295e-02
2040.0000000    3.1401215374e-03
2100.0000000   -2.4574395342e-02
2160.0000000    1.8431450399e-02
2220.0000000   -2.3946870628e-03
2280.0000000    2.5976080603e-02
2340.0000000    4.2539669695e-03
2400.0000000   -2.8559752716e-03
2460.0000000    1.4867464650e-02
2520.0000000    3.0878874801e-03
2580.0000000    9.1549287394e-03
2640.0000000    1.0234203721e-02
2700.0000000   -4.3326613432e-03
2760.0000000    2.7004544061e-02
2820.0000000    3.7428275906e-03
2880.0000000   -4.8027027748e-03
2940.0000000    1.5394118830e-02
3000.0000000    2.8813986739e-03
3060.0000000   -7.5982422168e-04
3120.0000000    4.4321301650e-03
3180.0000000    4.9484819219e-03
3240.0000000    1.6398525392e-02
3300.0000000    3.8481419378e-03
3360.0000000    1.0481181255e-02
3420.0000000    2.4323970301e-02
3480.0000000   -2.9854337786e-03
3540.0000000    7.0808083565e-03
3600.0000000    3.1615125055e-03
3660.0000000   -9.6473435545e-03
3720.0000000    1.8049742112e-02
3780.0000000    5.1475552091e-04
3840.0000000   -8.7429205752e-03
3900.0000000    1.2950982745e-02
3960.0000000   -2.2100222865e-02
4020.0000000    2.2812167634e-03
4080.0000000    2.1488280403e-03
4140.0000000   -4.3737020155e-03
4200.0000000    1.6492292532e-02
4260.0000000   -2.0152198459e-03
4320.0000000    2.3275077289e-02
4380.0000000    9.5073150984e-03
4440.0000000   -9.7703642581e-03
4500.0000000    3.6321100066e-02
4560.0000000    5.0007702747e-03
4620.0000000   -8.7211188515e-03
4680.0000000    1.8816431002e-02
4740.0000000    1.3417353749e-03
4800.0000000    1.2731521252e-02
4860.0000000    3.8098819720e-03
4920.0000000   -4.8138479844e-03
4980.0000000    3.6370732286e-02
5040.0000000    7.8099599473e-04
5100.0000000    2.0358522803e-03
5160.0000000    1.0354585710e-02
5220.0000000   -5.5374960175e-03
5280.0000000   -1.7543523467e-03
5340.0000000    3.2897014483e-03
5400.0000000   -8.6636426562e-03
5460.0000000    2.3933876191e-02
5520.0000000   -1.2619991783e-03
5580.0000000    9.7167357567e-03
5640.0000000    1.1533023012e-02
5700.0000000   -5.1536563835e-03
5760.0000000    5.7948362356e-03
5820.0000000   -5.5997711127e-06
5880.0000000   -1.7414792797e-03
5940.0000000    3.2945061658e-03
6000.0000000   -4.1828260126e-03
6060.0000000    1.9182658575e-02
6120.0000000    5.7892433064e-03
6180.0000000   -1.1749882048e-02
6240.0000000    1.2866525170e-02
6300.0000000    1.5883967295e-03
6360.0000000   -9.2315510588e-03
6420.0000000    2.2808971824e-03
6480.0000000    2.7468365170e-03
6540.0000000    3.8819326747e-02
6600.0000000    1.3906077117e-03
6660.0000000   -6.8882255384e-03
6720.0000000    1.5796500368e-02
6780.0000000    3.0932694836e-03
6840.0000000    1.9595898069e-02
6900.0000000    5.4060938243e-03
6960.0000000   -1.3525454977e-02
7020.0000000    1.2868012995e-02
7080.0000000    4.2180438295e-03
7140.0000000    2.4224714978e-04
7200.0000000    6.4369798313e-03
7260.0000000   -1.1284753722e-03
7320.0000000    2.3302577724e-02
7380.0000000    6.1468154104e-03
7440.0000000   -1.6454571216e-03
7500.0000000    1.8531603584e-02
7560.0000000   -1.2792815804e-03
7620.0000000    7.0140955987e-03
7680.0000000    7.4724623612e-03
7740.0000000   -7.1061757769e-04
7800.0000000    1.5977380813e-02
7860.0000000    2.9026072811e-03
7920.0000000   -1.5780348575e-02
7980.0000000    1.1049886645e-02
8040.0000000   -7.2286724756e-03
8100.0000000    4.5155804373e-03
8160.0000000    8.5865310043e-03
8220.0000000    4.9426767633e-03
8280.0000000    1.6126281684e-02
8340.0000000    7.1913806725e-05
8400.0000000   -1.2046108748e-02
8460.0000000    1.0356444545e-02
8520.0000000    1.5977487413e-04
8580.0000000    8.2446749152e-03
8640.0000000    1.6626744674e-03
8700.0000000   -6.0524397342e-03
8760.0000000    1.0703304803e-02
8820.0000000   -4.5372764645e-03
8880.0000000    3.6853107172e-02
8940.0000000    6.2689484046e-03
9000.0000000    1.0713333749e-03
9060.0000000    1.3481843647e-02
9120.0000000    1.7197407192e-03
9180.0000000    1.1048306665e-02
9240.0000000    1.0614088819e-02
9300.0000000    5.4642386886e-03
9360.0000000    2.4230646208e-02
9420.0000000    5.2659724579e-03
9480.0000000   -2.6895360611e-03
9540.0000000    1.5741936294e-02
9600.0000000    2.8912793210e-04
9660.0000000    1.5176837010e-02
9720.0000000    6.0072264864e-03
9780.0000000   -2.4965457601e-03
9840.0000000    1.1589167768e-02
9900.0000000    4.2886639084e-03
9960.0000000   -1.0508321657e-02
10020.0000000    6.3447837640e-03
10080.0000000    4.8702203828e-03
10140.0000000    1.9579747993e-02
10200.0000000    7.1873809440e-03
10260.0000000   -1.2510260309e-02
10320.0000000    1.7938524817e-02
10380.0000000   -6.6128754724e-05
10440.0000000   -1.5316372454e-03
10500.0000000    3.7623595352e-03
10560.0000000   -1.6750521770e-03
10620.0000000    2.3999128128e-02
10680.0000000    4.1588625744e-03
10740.0000000   -8.9162828036e-03
10800.0000000    1.6223310692e-02
10860.0000000    2.7495369060e-03
10920.0000000    5.2787325273e-03
10980.0000000    1.1558726013e-02
11040.0000000   -5.4017277814e-03
11100.0000000    1.7754140441e-02
11160.0000000    1.7985390501e-03
11220.0000000   -2.2053642513e-03
11280.0000000    5.8378493507e-03
11340.0000000   -2.6156612417e-03
11400.0000000    1.5242021272e-02
11460.0000000    6.8772840832e-03
11520.0000000   -3.3278905239e-03
11580.0000000    7.1448692895e-03
11640.0000000    1.7173036879e-03
11700.0000000    3.4970217199e-04
11760.0000000    4.3273886191e-03
11820.0000000    2.8023362087e-03
11880.0000000    1.3702005941e-02
11940.0000000    5.5221307573e-03
12000.0000000   -8.2317374253e-03
12060.0000000    1.1793172945e-02
12120.0000000   -1.1553329531e-03
12180.0000000    1.0280902675e-02
12240.0000000    1.4012392996e-03
12300.0000000   -6.2651791528e-03
12360.0000000    6.3820790801e-03
12420.0000000    3.2556991868e-03
12480.0000000   -1.0965649364e-02
12540.0000000    4.0179519527e-03
12600.0000000   -1.7968454537e-03
12660.0000000    2.9218566365e-02
12720.0000000    2.1109492867e-03
12780.0000000   -1.1803945581e-03
12840.0000000    1.2176567928e-02
12900.0000000   -1.9772037663e-03
12960.0000000    3.2669530219e-03
13020.0000000    4.2575329696e-03
13080.0000000   -7.8244517861e-03
13140.0000000    1.8284971855e-02
13200.0000000    4.4596067875e-03
13260.0000000   -1.7221719985e-02
13320.0000000    1.1871530972e-02
13380.0000000    2.3277325674e-03
13440.0000000    2.1709740454e-02
13500.0000000    2.1450821018e-03
13560.0000000    2.1862441620e-03
13620.0000000    1.9059206643e-02
13680.0000000    2.2780334323e-03
13740.0000000    7.5569801985e-04
13800.0000000    1.1692320621e-02
13860.0000000   -6.2905535943e-03
13920.0000000    1.2358612886e-02
13980.0000000    5.1971111570e-03
14040.0000000   -1.1823851385e-02
14100.0000000    1.1406058889e-02
14160.0000000   -4.0555760206e-04
14220.0000000    1.6244697267e-02
14280.0000000    1.1742939911e-02
14340.0000000   -3.1136554661e-04
14400.0000000    1.2204030692e-02
14460.0000000    1.8697859388e-03
14520.0000000    1.6402549623e-02
14580.0000000    1.0416418920e-02
14640.0000000   -1.3495735455e-03
14700.0000000    1.3320963793e-03
14760.0000000    3.2622570437e-03
14820.0000000   -1.0567870757e-02
14880.0000000    2.6661312142e-02
14940.0000000    8.6406756708e-04
15000.0000000    6.2569969436e-03
15060.0000000    9.9815460227e-03
15120.0000000   -3.7398689327e-03
15180.0000000    1.7882767411e-02
15240.0000000    1.5668919991e-03
15300.0000000    1.0604605446e-02
15360.0000000    1.1237823639e-02
15420.0000000    7.4913152750e-03
15480.0000000    1.4836552719e-02
15540.0000000    7.8460388641e-03
15600.0000000   -1.2620029251e-02
15660.0000000    1.4069356783e-02
15720.0000000    1.4305242862e-03
15780.0000000   -1.7719531177e-02
15840.0000000    1.4289451821e-02
15900.0000000   -2.2860757634e-03
15960.0000000    2.4027689569e-02
16020.0000000    6.4851421421e-03
16080.0000000   -2.1320057686e-02
16140.0000000    3.8252119766e-02
16200.0000000    1.9524233825e-03
16260.0000000    3.6211480598e-02
16320.0000000    2.1901991974e-03
16380.0000000   -9.5383005815e-03
16440.0000000    2.0799503200e-02
16500.0000000    3.1309772167e-03
16560.0000000    1.1051538971e-02
16620.0000000    1.0603232745e-02
16680.0000000   -4.3297639734e-03
16740.0000000    2.6810307343e-02
16800.0000000    5.9917985725e-03
16860.0000000   -6.3592276479e-03
16920.0000000    7.9647932342e-03
16980.0000000    1.7428529359e-03
17040.0000000   -1.0402455029e-02
17100.0000000    8.1345412317e-03
17160.0000000   -3.7912197016e-03
17220.0000000    1.3587929336e-02
17280.0000000    6.1309232017e-03
17340.0000000    1.8987282642e-02
17400.0000000    1.7641706159e-02
17460.0000000   -8.3627277022e-03
17520.0000000    1.4303496602e-02
17580.0000000    6.3624292379e-03
17640.0000000   -1.5360182774e-02
17700.0000000    3.1504744821e-02
17760.0000000    3.9525504311e-03
17820.0000000   -5.3150150933e-04
17880.0000000    1.4637284288e-02
17940.0000000    1.0095204514e-03
18000.0000000    1.8033785768e-02
18060.0000000    2.6171614231e-03
18120.0000000   -1.8076818133e-04
18180.0000000    1.5027290491e-02
18240.0000000   -4.1966028261e-03
18300.0000000    5.0105659623e-02
18360.0000000    6.9566015797e-03
18420.0000000   -7.5020443134e-03
18480.0000000    3.0919202231e-02
18540.0000000    2.1209511403e-03
18600.0000000   -1.3426472940e-02
18660.0000000    2.4875111734e-02
18720.0000000    8.0056620149e-05
18780.0000000    1.2297974253e-02
18840.0000000    6.5409790939e-03
18900.0000000   -1.1428842418e-02
18960.0000000    4.0957220534e-02
19020.0000000    2.2400086795e-03
19080.0000000    2.9950362057e-03
19140.0000000    5.7288583825e-03
19200.0000000   -9.4682686107e-03
19260.0000000    2.0804104350e-02
19320.0000000    4.1315473892e-03
19380.0000000   -1.5467126215e-02
19440.0000000    2.3438298294e-02
19500.0000000    1.9142869744e-03
19560.0000000    7.1898327307e-03
19620.0000000    1.0308501378e-02
19680.0000000   -2.2589544805e-03
19740.0000000    3.2617720862e-02
19800.0000000    1.3791902920e-03
19860.0000000   -6.4618043943e-03
19920.0000000    1.1274290823e-02
19980.0000000    7.1811010606e-05
20040.0000000    6.8530208353e-03
20100.0000000    3.4797000408e-03
20160.0000000   -1.0508202306e-02
20220.0000000    1.6161399074e-02
20280.0000000    2.2363002371e-03
20340.0000000   -1.9599874708e-02
20400.0000000    1.2441864488e-02
20460.0000000   -5.5318197450e-04
20520.0000000    3.9159574372e-02
20580.0000000    4.6892727405e-03
20640.0000000   -6.4778442052e-03
20700.0000000    2.2777003873e-02
20760.0000000    7.2619290627e-03
20820.0000000    1.4464491172e-02
20880.0000000    4.8119030534e-03
20940.0000000   -9.3643828026e-03
21000.0000000    2.4182113526e-02
21060.0000000    4.0137243825e-03
21120.0000000   -7.0788591754e-03
21180.0000000   -5.3746994426e-03
21240.0000000    2.2482320566e-03
21300.0000000    3.3678618536e-02
21360.0000000    9.5097724331e-04
21420.0000000   -1.4274168976e-02
21480.0000000    1.5063918442e-02
21540.0000000    1.2293600899e-03
21600.0000000    5.8500183898e-03
21660.0000000    7.8223989109e-03
21720.0000000    1.4165566309e-03
21780.0000000    1.3129520773e-02
21840.0000000    1.3502700912e-03
21900.0000000   -1.9931972752e-02
21960.0000000    6.0488214986e-03
22020.0000000   -6.0121570042e-03
22080.0000000    3.0853605498e-02
22140.0000000    8.3029826575e-03
22200.0000000    2.7134888920e-03
22260.0000000    1.8868882471e-02
22320.0000000    1.6009611187e-03
22380.0000000   -1.1310375633e-02
22440.0000000    1.0468207252e-02
22500.0000000   -3.9804036198e-03
22560.0000000    6.2478614629e-03
22620.0000000   -6.4885873688e-05
22680.0000000    5.6701501154e-03
22740.0000000    1.8394857570e-02
22800.0000000   -3.4984916211e-03
22860.0000000    2.9617714603e-02
22920.0000000    7.7266959434e-03
22980.0000000    9.4314889624e-03
23040.0000000    1.7018355174e-02
23100.0000000   -3.0942730310e-01
23160.0000000   -1.0687873331e-01
23220.0000000    1.2394164190e-03
23280.0000000    5.0682829658e-03
23340.0000000    2.8167318128e-02
23400.0000000    8.6035684948e-03
23460.0000000   -1.5807450548e-03
23520.0000000    1.7374831173e-02
23580.0000000    8.7089336477e-04
23640.0000000    1.8755936041e-02
23700.0000000    7.5728416515e-03
23760.0000000   -5.3048901955e-03
23820.0000000    1.8235053882e-02
23880.0000000    4.2811464592e-03
23940.0000000   -1.9940504823e-02
24000.0000000    1.5943572674e-02
24060.0000000    1.0972327249e-02
24120.0000000    2.4904659276e-02
24180.0000000    6.5452080100e-03
24240.0000000   -6.3184171887e-03
24300.0000000    2.7730606667e-02
24360.0000000    4.8335221888e-04
24420.0000000   -6.3454704492e-03
24480.0000000    1.3592379046e-02
24540.0000000    4.4901363906e-03
24600.0000000    1.6381079202e-02
24660.0000000    5.4296535072e-04
24720.0000000   -2.8735451857e-02
24780.0000000    1.7324644947e-02
24840.0000000    4.6361969699e-03
24900.0000000    6.9047615400e-03
24960.0000000    1.1945538636e-02
25020.0000000   -8.7069075452e-03
25080.0000000    4.6061717975e-02
25140.0000000    7.9148890346e-03
25200.0000000   -8.3794450321e-04
25260.0000000    1.2395474514e-02
25320.0000000   -3.8151250328e-03
25380.0000000    1.2140777179e-02
25440.0000000    6.0454578923e-03
25500.0000000   -3.5361825967e-03
25560.0000000    3.3175008707e-02
25620.0000000    6.5681236099e-03
25680.0000000    4.1376550975e-02
25740.0000000    8.1421850001e-03
25800.0000000    4.6833184690e-03
25860.0000000    2.0956307205e-02
25920.0000000    7.3718244497e-03
25980.0000000   -1.5538792611e-02
26040.0000000    1.1623087915e-02
26100.0000000   -3.5071943891e-03
26160.0000000    1.7893747809e-02
26220.0000000    1.6949315918e-02
26280.0000000   -8.9265907170e-03
26340.0000000    3.9389256608e-03
26400.0000000    1.6542355453e-04
26460.0000000   -1.8206133473e-02
26520.0000000    1.5424119968e-02
26580.0000000    3.9009545380e-03
26640.0000000   -3.4344160120e-02
26700.0000000    5.4117536323e-03
26760.0000000   -5.5632099029e-03
26820.0000000    2.0232457071e-02
26880.0000000    3.6692280152e-03
26940.0000000   -3.1446875115e-03
27000.0000000   -2.5816673535e-03
27060.0000000   -4.7409377899e-03
27120.0000000    1.8679806440e-02
27180.0000000    2.0110208662e-04
27240.0000000   -2.5092575520e-02
27300.0000000    1.9310071177e-02
27360.0000000    2.6977935455e-03
27420.0000000    1.0642558297e-02
27480.0000000    1.0287430415e-02
27540.0000000   -1.0095025402e-03
27600.0000000    2.7402101789e-02
27660.0000000    3.2973598298e-03
27720.0000000    1.2386476705e-02
27780.0000000    2.5270586480e-02
27840.0000000   -2.7928046065e-03
27900.0000000    1.5729512034e-02
27960.0000000    8.1561527705e-03
28020.0000000   -1.2661073290e-02
28080.0000000    1.7411689095e-02
28140.0000000    2.1898193500e-03
28200.0000000    2.5734727480e-02
28260.0000000    2.9138116692e-03
28320.0000000   -4.7811849975e-03
28380.0000000    3.8179841839e-02
28440.0000000    5.2593149506e-03
28500.0000000   -6.2272111313e-03
28560.0000000    2.5029792200e-02
28620.0000000    7.2952188290e-03
28680.0000000    2.6145491940e-02
28740.0000000    1.6286292604e-03
28800.0000000   -3.2736214994e-02
28860.0000000    3.1153275599e-02
28920.0000000    3.9791811142e-03
28980.0000000    1.0505216992e-02
29040.0000000    1.7590762872e-02
29100.0000000   -9.6703069488e-03
29160.0000000    2.5921101520e-02
29220.0000000    2.8081716297e-03
29280.0000000    6.6234756473e-03
29340.0000000    1.7780601119e-02
29400.0000000    7.3500977008e-03
29460.0000000    2.4542775197e-03
29520.0000000    6.7220034839e-03
29580.0000000   -1.1769646478e-02
29640.0000000    2.3627905103e-02
29700.0000000    5.3440368649e-03
29760.0000000   -9.5534477016e-03
29820.0000000    1.6114996767e-02
29880.0000000   -3.0729512549e-03
29940.0000000    2.5109158839e-02
30000.0000000    2.6430928520e-03
30060.0000000   -2.2410735910e-02
30120.0000000    3.9775470223e-02
30180.0000000    6.5247057727e-03
30240.0000000    3.4938071898e-02
