   5.0000000    2.9505261995e+01   -3.0073903197e+01
  10.0000000    5.8657818347e+01   -5.9879708776e+01
  15.0000000    8.9051665847e+01   -9.0616498993e+01
  20.0000000    1.1553457813e+02   -1.1819434824e+02
  25.0000000    1.4649548087e+02   -1.4885450670e+02
  30.0000000    1.7627336585e+02   -1.8056909391e+02
  35.0000000    2.0734163168e+02   -2.1037379336e+02
  40.0000000    2.3616149741e+02   -2.4213399195e+02
  45.0000000    2.6536346776e+02   -2.6930540721e+02
  50.0000000    2.9440343000e+02   -3.0093438956e+02
  55.0000000    3.1994645725e+02   -3.2608696417e+02
  60.0000000    3.5243558663e+02   -3.5913489401e+02
  65.0000000    3.7696664505e+02   -3.8424497856e+02
  70.0000000    4.0735202135e+02   -4.1445782685e+02
  75.0000000    4.3481177267e+02   -4.4539951398e+02
  80.0000000    4.8838866629e+02   -4.9569152437e+02
  85.0000000    4.9663849472e+02   -5.1257384290e+02
  90.0000000    4.9450582310e+02   -4.9761903838e+02
  95.0000000    5.1855079837e+02   -5.3159343239e+02
 100.0000000    5.7906705222e+02   -5.8915140960e+02
 105.0000000    5.9675187549e+02   -6.0859036884e+02
 110.0000000    6.2923966032e+02   -6.3728731434e+02
 115.0000000    6.6018482275e+02   -6.7228883672e+02
 120.0000000    6.6784123617e+02   -6.8031083370e+02
 125.0000000    6.9327247344e+02   -7.0871478120e+02
 130.0000000    7.1585409042e+02   -7.3222893144e+02
 135.0000000    7.2501008325e+02   -7.3565101397e+02
 140.0000000    7.4098104305e+02   -7.5247512780e+02
 145.0000000    7.7994330016e+02   -7.9418969331e+02
 150.0000000    8.0400082045e+02   -8.2527040510e+02
 155.0000000    8.2538993741e+02   -8.4552031339e+02
 160.0000000    8.8662901414e+02   -8.9348788664e+02
 165.0000000    8.7702365907e+02   -8.9650916136e+02
 170.0000000    9.3048400402e+02   -9.4926267556e+02
 175.0000000    9.3842048332e+02   -9.5437232552e+02
 180.0000000    9.2977188136e+02   -9.4383397948e+02
 185.0000000    9.6756259101e+02   -9.7065344232e+02
 190.0000000    9.9802542698e+02   -1.0237887508e+03
 195.0000000    1.0215688447e+03   -1.0351513590e+03
 200.0000000    9.9867173502e+02   -1.0089050393e+03
 205.0000000    1.0681365879e+03   -1.0618105869e+03
 210.0000000    1.0480754807e+03   -1.0587660894e+03
 215.0000000    1.1048554239e+03   -1.1143535576e+03
 220.0000000    1.0983357809e+03   -1.1015506714e+03
 225.0000000    1.1399317051e+03   -1.1402620776e+03
 230.0000000    1.1735507457e+03   -1.1694882778e+03
 235.0000000    1.1934245032e+03   -1.1850989858e+03
 240.0000000    1.1839215140e+03   -1.1799462333e+03
 245.0000000    1.2305198675e+03   -1.2346297664e+03
 250.0000000    1.2546252749e+03   -1.2434222740e+03
 255.0000000    1.2681384144e+03   -1.2366718564e+03
 260.0000000    1.2958315753e+03   -1.2816362821e+03
 265.0000000    1.3382402605e+03   -1.3266211230e+03
 270.0000000    1.3109680770e+03   -1.2930754798e+03
 275.0000000    1.3343633443e+03   -1.3277292921e+03
 280.0000000    1.3462857147e+03   -1.3302021884e+03
 285.0000000    1.2976854515e+03   -1.2721940885e+03
 290.0000000    1.4194121353e+03   -1.4147780444e+03
 295.0000000    1.4583247814e+03   -1.4565207631e+03
 300.0000000    1.4317596046e+03   -1.4253386678e+03
 305.0000000    1.4312854217e+03   -1.4152265314e+03
 310.0000000    1.4733648810e+03   -1.4721897246e+03
 315.0000000    1.4749453762e+03   -1.4800427412e+03
 320.0000000    1.4779127606e+03   -1.4800183324e+03
 325.0000000    1.5421805819e+03   -1.5516041542e+03
 330.0000000    1.5270513916e+03   -1.5125663259e+03
 335.0000000    1.5396552565e+03   -1.5289637864e+03
 340.0000000    1.5188237059e+03   -1.5129500564e+03
 345.0000000    1.5791079333e+03   -1.5785157755e+03
 350.0000000    1.6236007900e+03   -1.6412397074e+03
 355.0000000    1.6617899554e+03   -1.6769903244e+03
 360.0000000    1.6719565781e+03   -1.6672090532e+03
 365.0000000    1.6501725762e+03   -1.6337343468e+03
 370.0000000    1.7558040257e+03   -1.7467167039e+03
 375.0000000    1.7215418300e+03   -1.7236365613e+03
 380.0000000    1.6975461799e+03   -1.6793788947e+03
 385.0000000    1.7339880027e+03   -1.7167663850e+03
 390.0000000    1.7375761936e+03   -1.7229372302e+03
 395.0000000    1.7580318497e+03   -1.7452162183e+03
 400.0000000    1.8512926496e+03   -1.8517697338e+03
 405.0000000    1.8332544604e+03   -1.8021483104e+03
 410.0000000    1.8152622210e+03   -1.8054547907e+03
 415.0000000    1.8284940306e+03   -1.8104569679e+03
 420.0000000    1.8424120537e+03   -1.8265577399e+03
 425.0000000    1.8865097623e+03   -1.8746778656e+03
 430.0000000    1.9234140350e+03   -1.9147575118e+03
 435.0000000    1.9961881010e+03   -1.9957014939e+03
 440.0000000    1.9404416041e+03   -1.9110205602e+03
 445.0000000    1.9273183284e+03   -1.9305717687e+03
   5.0000000    2.9505261995e+01   -3.0073903197e+01
  10.0000000    5.8657818347e+01   -5.9879708776e+01
  15.0000000    8.9051665847e+01   -9.0616498993e+01
  20.0000000    1.1553457813e+02   -1.1819434824e+02
  25.0000000    1.4649548087e+02   -1.4885450670e+02
  30.0000000    1.7627336585e+02   -1.8056909391e+02
  35.0000000    2.0734163168e+02   -2.1037379336e+02
  40.0000000    2.3616149741e+02   -2.4213399195e+02
  45.0000000    2.6536346776e+02   -2.6930540721e+02
  50.0000000    2.9440343000e+02   -3.0093438956e+02
  55.0000000    3.1994645725e+02   -3.2608696417e+02
  60.0000000    3.5243558663e+02   -3.5913489401e+02
  65.0000000    3.7696664505e+02   -3.8424497856e+02
  70.0000000    4.0735202135e+02   -4.1445782685e+02
  75.0000000    4.3481177267e+02   -4.4539951398e+02
  80.0000000    4.8838866629e+02   -4.9569152437e+02
  85.0000000    4.9663849472e+02   -5.1257384290e+02
  90.0000000    4.9450582310e+02   -4.9761903838e+02
  95.0000000    5.1855079837e+02   -5.3159343239e+02
 100.0000000    5.7906705222e+02   -5.8915140960e+02
 105.0000000    5.9675187549e+02   -6.0859036884e+02
 110.0000000    6.2923966032e+02   -6.3728731434e+02
 115.0000000    6.6018482275e+02   -6.7228883672e+02
 120.0000000    6.6784123617e+02   -6.8031083370e+02
 125.0000000    6.9327247344e+02   -7.0871478120e+02
 130.0000000    7.1585409042e+02   -7.3222893144e+02
 135.0000000    7.2501008325e+02   -7.3565101397e+02
 140.0000000    7.4098104305e+02   -7.5247512780e+02
 145.0000000    7.7994330016e+02   -7.9418969331e+02
 150.0000000    8.0400082045e+02   -8.2527040510e+02
 155.0000000    8.2538993741e+02   -8.4552031339e+02
 160.0000000    8.8662901414e+02   -8.9348788664e+02
 165.0000000    8.7702365907e+02   -8.9650916136e+02
 170.0000000    9.3048400402e+02   -9.4926267556e+02
 175.0000000    9.3842048332e+02   -9.5437232552e+02
 180.0000000    9.2977188136e+02   -9.4383397948e+02
 185.0000000    9.6756259101e+02   -9.7065344232e+02
 190.0000000    9.9802542698e+02   -1.0237887508e+03
 195.0000000    1.0215688447e+03   -1.0351513590e+03
 200.0000000    9.9867173502e+02   -1.0089050393e+03
 205.0000000    1.0681365879e+03   -1.0618105869e+03
 210.0000000    1.0480754807e+03   -1.0587660894e+03
 215.0000000    1.1048554239e+03   -1.1143535576e+03
 220.0000000    1.0983357809e+03   -1.1015506714e+03
 225.0000000    1.1399317051e+03   -1.1402620776e+03
 230.0000000    1.1735507457e+03   -1.1694882778e+03
 235.0000000    1.1934245032e+03   -1.1850989858e+03
 240.0000000    1.1839215140e+03   -1.1799462333e+03
 245.0000000    1.2305198675e+03   -1.2346297664e+03
 250.0000000    1.2546252749e+03   -1.2434222740e+03
 255.0000000    1.2681384144e+03   -1.2366718564e+03
 260.0000000    1.2958315753e+03   -1.2816362821e+03
 265.0000000    1.3382402605e+03   -1.3266211230e+03
 270.0000000    1.3109680770e+03   -1.2930754798e+03
 275.0000000    1.3343633443e+03   -1.3277292921e+03
 280.0000000    1.3462857147e+03   -1.3302021884e+03
 285.0000000    1.2976854515e+03   -1.2721940885e+03
 290.0000000    1.4194121353e+03   -1.4147780444e+03
 295.0000000    1.4583247814e+03   -1.4565207631e+03
 300.0000000    1.4317596046e+03   -1.4253386678e+03
 305.0000000    1.4312854217e+03   -1.4152265314e+03
 310.0000000    1.4733648810e+03   -1.4721897246e+03
 315.0000000    1.4749453762e+03   -1.4800427412e+03
 320.0000000    1.4779127606e+03   -1.4800183324e+03
 325.0000000    1.5421805819e+03   -1.5516041542e+03
 330.0000000    1.5270513916e+03   -1.5125663259e+03
 335.0000000    1.5396552565e+03   -1.5289637864e+03
 340.0000000    1.5188237059e+03   -1.5129500564e+03
 345.0000000    1.5791079333e+03   -1.5785157755e+03
 350.0000000    1.6236007900e+03   -1.6412397074e+03
 355.0000000    1.6617899554e+03   -1.6769903244e+03
 360.0000000    1.6719565781e+03   -1.6672090532e+03
 365.0000000    1.6501725762e+03   -1.6337343468e+03
 370.0000000    1.7558040257e+03   -1.7467167039e+03
 375.0000000    1.7215418300e+03   -1.7236365613e+03
 380.0000000    1.6975461799e+03   -1.6793788947e+03
 385.0000000    1.7339880027e+03   -1.7167663850e+03
 390.0000000    1.7375761936e+03   -1.7229372302e+03
 395.0000000    1.7580318497e+03   -1.7452162183e+03
 400.0000000    1.8512926496e+03   -1.8517697338e+03
 405.0000000    1.8332544604e+03   -1.8021483104e+03
 410.0000000    1.8152622210e+03   -1.8054547907e+03
 415.0000000    1.8284940306e+03   -1.8104569679e+03
 420.0000000    1.8424120537e+03   -1.8265577399e+03
 425.0000000    1.8865097623e+03   -1.8746778656e+03
 430.0000000    1.9234140350e+03   -1.9147575118e+03
 435.0000000    1.9961881010e+03   -1.9957014939e+03
 440.0000000    1.9404416041e+03   -1.9110205602e+03
 445.0000000    1.9273183284e+03   -1.9305717687e+03
 450.0000000    1.9853279056e+03   -1.9511961785e+03
 455.0000000    2.0035193985e+03   -2.0116420190e+03
 460.0000000    2.0235927684e+03   -1.9986655365e+03
 465.0000000    1.9944627345e+03   -1.9589873520e+03
 470.0000000    2.0747525060e+03   -2.0398932521e+03
 475.0000000    2.0421211815e+03   -2.0243360962e+03
 480.0000000    2.0641393367e+03   -2.0250237610e+03
 485.0000000    2.1231186435e+03   -2.1141815378e+03
 490.0000000    2.0642340651e+03   -2.0223464354e+03
 495.0000000    2.1569928787e+03   -2.1007373175e+03
 500.0000000    2.2177144167e+03   -2.2259759188e+03
 505.0000000    2.2023551380e+03   -2.1581459538e+03
 510.0000000    2.2089847438e+03   -2.1962411471e+03
 515.0000000    2.2806287547e+03   -2.2290412022e+03
 520.0000000    2.2927744616e+03   -2.2814896448e+03
 525.0000000    2.2637927277e+03   -2.2374613615e+03
 530.0000000    2.3274406219e+03   -2.3157050125e+03
 535.0000000    2.3100164415e+03   -2.2840076863e+03
 540.0000000    2.3326522207e+03   -2.2887205828e+03
 545.0000000    2.3344998291e+03   -2.2853466296e+03
 550.0000000    2.3225156590e+03   -2.2643782073e+03
 555.0000000    2.3081246052e+03   -2.2495322603e+03
 560.0000000    2.3646475853e+03   -2.3590340876e+03
 565.0000000    2.4498273326e+03   -2.4180996817e+03
 570.0000000    2.3761022451e+03   -2.2952846758e+03
 575.0000000    2.5220363124e+03   -2.4798937015e+03
 580.0000000    2.5036053640e+03   -2.4546215447e+03
 585.0000000    2.4150481177e+03   -2.3901405715e+03
 590.0000000    2.4337893180e+03   -2.3463956541e+03
 595.0000000    2.5132600995e+03   -2.4898751622e+03
 600.0000000    2.5378080697e+03   -2.4764156972e+03
 605.0000000    2.5411591020e+03   -2.4869486202e+03
 610.0000000    2.5918725077e+03   -2.5248849124e+03
 615.0000000    2.5301975644e+03   -2.4711926163e+03
 620.0000000    2.5308818057e+03   -2.4629043263e+03
 625.0000000    2.5749399749e+03   -2.5348690396e+03
 630.0000000    2.5810955009e+03   -2.5064965464e+03
 635.0000000    2.5476224102e+03   -2.4451134673e+03
 640.0000000    2.6029335249e+03   -2.5314307153e+03
 645.0000000    2.5945074288e+03   -2.5181477552e+03
 650.0000000    2.5709505585e+03   -2.4944661122e+03
 655.0000000    2.6943100270e+03   -2.6399382996e+03
 660.0000000    2.7227376944e+03   -2.6998561221e+03
 665.0000000    2.6633593091e+03   -2.5542357187e+03
 670.0000000    2.5891711787e+03   -2.4775492296e+03
 675.0000000    2.6948343806e+03   -2.5688126777e+03
 680.0000000    2.7011402567e+03   -2.5910586510e+03
 685.0000000    2.7135403346e+03   -2.6176161815e+03
 690.0000000    2.6996564201e+03   -2.6210452151e+03
 695.0000000    2.6566217401e+03   -2.5781134620e+03
 700.0000000    2.6076404494e+03   -2.4098002132e+03
 705.0000000    2.6958845125e+03   -2.5643191065e+03
 710.0000000    2.7145875496e+03   -2.5513018313e+03
 715.0000000    2.6975479828e+03   -2.5868347124e+03
 720.0000000    2.7892946388e+03   -2.6827660450e+03
 725.0000000    2.8074359617e+03   -2.7280787385e+03
 730.0000000    2.7077364300e+03   -2.5553213764e+03
 735.0000000    2.7789806867e+03   -2.7052903293e+03
 740.0000000    2.7927892955e+03   -2.6523411192e+03
 745.0000000    2.8151732576e+03   -2.7139627383e+03
 750.0000000    2.7741185024e+03   -2.6645032442e+03
 755.0000000    2.7237098119e+03   -2.5572552845e+03
 760.0000000    2.7627085329e+03   -2.6053077616e+03
 765.0000000    2.7726595658e+03   -2.6309414034e+03
 770.0000000    2.7998499900e+03   -2.6899555686e+03
 775.0000000    2.7881676005e+03   -2.6244146321e+03
 780.0000000    2.7725011321e+03   -2.5676435004e+03
 785.0000000    2.8470283700e+03   -2.7035606214e+03
 790.0000000    2.7644805398e+03   -2.6368581915e+03
 795.0000000    2.8130633848e+03   -2.6592418160e+03
 800.0000000    2.8456024482e+03   -2.7184399481e+03
 805.0000000    2.8610871643e+03   -2.7110997311e+03
 810.0000000    2.8524722506e+03   -2.7320877274e+03
 815.0000000    2.9081607875e+03   -2.7671120496e+03
 820.0000000    2.9188751955e+03   -2.7108276140e+03
 825.0000000    2.8861998457e+03   -2.7319272397e+03
 830.0000000    2.8982774822e+03   -2.8395483449e+03
 835.0000000    2.9114778938e+03   -2.6997647961e+03
 840.0000000    2.9082192233e+03   -2.7021549106e+03
 845.0000000    2.7680006115e+03   -2.4948350173e+03
 850.0000000    2.9165765686e+03   -2.7511099138e+03
 855.0000000    2.9879867527e+03   -2.8118332067e+03
 860.0000000    3.0007474330e+03   -2.8241275253e+03
 865.0000000    2.9282698923e+03   -2.7962701321e+03
 870.0000000    3.0211844635e+03   -2.8214644722e+03
 875.0000000    2.8461337978e+03   -2.6216664649e+03
 880.0000000    2.9993871171e+03   -2.7707536208e+03
 885.0000000    3.0137314400e+03   -2.8336480620e+03
 890.0000000    3.1139608865e+03   -2.9391893048e+03
 895.0000000    3.1112184646e+03   -2.9373510579e+03
 900.0000000    3.0896913875e+03   -2.8263871083e+03
 905.0000000    3.0975976984e+03   -2.8839019250e+03
 910.0000000    2.9636949935e+03   -2.6874755500e+03
 915.0000000    3.1940472240e+03   -2.9731401040e+03
 920.0000000    3.2430711961e+03   -3.0376857014e+03
 925.0000000    3.2475172278e+03   -3.0777865071e+03
 930.0000000    3.2887511037e+03   -3.1328217276e+03
 935.0000000    3.1764287239e+03   -2.9317844192e+03
 940.0000000    3.2123327091e+03   -2.9400597307e+03
 945.0000000    3.2797821187e+03   -3.0085440641e+03
 950.0000000    3.4137280874e+03   -3.1740652825e+03
 955.0000000    3.4067279667e+03   -3.1351102643e+03
 960.0000000    3.4279978762e+03   -3.1061068866e+03
 965.0000000    3.4639159335e+03   -3.1661783040e+03
 970.0000000    3.3811275743e+03   -3.0603133307e+03
 975.0000000    3.3963872126e+03   -3.0446608367e+03
 980.0000000    3.5631545736e+03   -3.3298432213e+03
 985.0000000    3.4407662145e+03   -3.0727963691e+03
 990.0000000    3.5640751865e+03   -3.2483263795e+03
 995.0000000    3.5582860773e+03   -3.3199381113e+03
1000.0000000    3.7010297124e+03   -3.4174520551e+03
1005.0000000    3.6021516157e+03   -3.2449266434e+03
1010.0000000    3.6661155994e+03   -3.3455349653e+03
1015.0000000    3.8147548150e+03   -3.6241021211e+03
1020.0000000    3.9687670645e+03   -3.7298395559e+03
1025.0000000    3.8716239151e+03   -3.5132931866e+03
1030.0000000    3.7305944253e+03   -3.4002136082e+03
1035.0000000    3.7886817062e+03   -3.3937084414e+03
1040.0000000    3.8886992658e+03   -3.5219694432e+03
1045.0000000    3.9369133062e+03   -3.6594270374e+03
1050.0000000    4.0445504422e+03   -3.6833938344e+03
1055.0000000    4.0097948542e+03   -3.7183592853e+03
1060.0000000    4.0097531305e+03   -3.6661230718e+03
1065.0000000    4.0470255876e+03   -3.7251020694e+03
1070.0000000    4.0706771951e+03   -3.7599548102e+03
1075.0000000    4.1467264799e+03   -3.7200599256e+03
1080.0000000    4.1001242097e+03   -3.6923969462e+03
1085.0000000    4.2073863461e+03   -3.7862656587e+03
1090.0000000    4.1176415200e+03   -3.7462536927e+03
1095.0000000    4.2514437002e+03   -3.8350856590e+03
1100.0000000    4.2897603836e+03   -3.8606758326e+03
1105.0000000    4.2707281065e+03   -3.8085004636e+03
1110.0000000    4.3590289323e+03   -4.0650314627e+03
1115.0000000    4.4076221480e+03   -4.0255748664e+03
1120.0000000    4.4670352851e+03   -4.1417114102e+03
1125.0000000    4.2952325934e+03   -3.8699224231e+03
1130.0000000    4.6065907911e+03   -4.2365723157e+03
1135.0000000    4.7143368892e+03   -4.4583638361e+03
1140.0000000    4.4326101979e+03   -4.0490402514e+03
1145.0000000    4.5239080002e+03   -4.1447497574e+03
1150.0000000    4.5082946672e+03   -4.1269641801e+03
1155.0000000    4.5483108708e+03   -4.1042709656e+03
1160.0000000    4.6665953191e+03   -4.2993373366e+03
1165.0000000    4.6764816981e+03   -4.2980139910e+03
1170.0000000    4.4785288995e+03   -4.1676915562e+03
1175.0000000    4.6688971843e+03   -4.2582989172e+03
1180.0000000    4.7793662033e+03   -4.3744929929e+03
1185.0000000    4.7539115394e+03   -4.3194520145e+03
1190.0000000    4.6112130918e+03   -4.3077100508e+03
1195.0000000    4.9186238972e+03   -4.5497840382e+03
1200.0000000    5.0165758359e+03   -4.7794443104e+03
1205.0000000    4.7352870299e+03   -4.2367073858e+03
1210.0000000    4.8634217699e+03   -4.4920361816e+03
1215.0000000    4.8292842728e+03   -4.4389589155e+03
1220.0000000    4.9456266149e+03   -4.5490733294e+03
1225.0000000    4.7602070683e+03   -4.4052559541e+03
1230.0000000    4.9786880485e+03   -4.5498627569e+03
1235.0000000    4.8928955652e+03   -4.5473475351e+03
1240.0000000    4.9001546311e+03   -4.3437888080e+03
1245.0000000    4.9645668682e+03   -4.6471565547e+03
1250.0000000    4.9793476742e+03   -4.5488401196e+03
1255.0000000    5.0087161559e+03   -4.7190320386e+03
1260.0000000    4.9859798200e+03   -4.6122154052e+03
1265.0000000    4.9026876099e+03   -4.5720871951e+03
1270.0000000    5.0844319842e+03   -4.7559471692e+03
1275.0000000    5.0318701681e+03   -4.7122685652e+03
1280.0000000    4.9968294326e+03   -4.6783195667e+03
1285.0000000    5.0017720813e+03   -4.6257197305e+03
1290.0000000    5.1617064998e+03   -4.8884949372e+03
1295.0000000    5.0961350419e+03   -4.6910488357e+03
1300.0000000    4.9603639763e+03   -4.5913727955e+03
1305.0000000    4.9394908626e+03   -4.5706769785e+03
1310.0000000    4.9807189618e+03   -4.5839452004e+03
1315.0000000    5.0179573369e+03   -4.5537635167e+03
1320.0000000    4.7917945010e+03   -4.4119252978e+03
1325.0000000    4.8322311187e+03   -4.4378596963e+03
1330.0000000    5.0246425762e+03   -4.7012170045e+03
1335.0000000    4.8438694349e+03   -4.4253743413e+03
1340.0000000    4.9183297248e+03   -4.6059344733e+03
1345.0000000    5.0388004363e+03   -4.6948268738e+03
1350.0000000    4.8208547460e+03   -4.3848192514e+03
1355.0000000    4.8230525778e+03   -4.4441458006e+03
1360.0000000    4.9373839928e+03   -4.5749229959e+03
1365.0000000    4.9214513769e+03   -4.5697837674e+03
1370.0000000    4.8849823134e+03   -4.4547895871e+03
1375.0000000    4.8397184974e+03   -4.3494746886e+03
1380.0000000    4.8755958190e+03   -4.4773351212e+03
1385.0000000    4.6510651910e+03   -4.1840490062e+03
1390.0000000    4.7893482257e+03   -4.4820430853e+03
1395.0000000    4.7980676431e+03   -4.3371107089e+03
1400.0000000    4.8489159860e+03   -4.4748034021e+03
1405.0000000    4.7987594275e+03   -4.4026824400e+03
1410.0000000    4.6848600330e+03   -4.3404186830e+03
1415.0000000    4.7564707597e+03   -4.3225421396e+03
1420.0000000    4.6203644544e+03   -4.2303986333e+03
1425.0000000    4.7607740676e+03   -4.2876251523e+03
1430.0000000    4.6929162762e+03   -4.2398051552e+03
1435.0000000    4.8245854569e+03   -4.3604132075e+03
1440.0000000    4.7187050648e+03   -4.3691178370e+03
1445.0000000    4.5857164173e+03   -4.1665112045e+03
1450.0000000    4.6279588915e+03   -3.9602349390e+03
1455.0000000    4.5305271117e+03   -4.1863815962e+03
1460.0000000    4.5536844649e+03   -4.1680789494e+03
1465.0000000    4.6441874757e+03   -4.1975259009e+03
1470.0000000    4.7515142480e+03   -4.4083993762e+03
1475.0000000    4.6136979283e+03   -4.1558451883e+03
1480.0000000    4.5802277727e+03   -3.9400803388e+03
1485.0000000    4.5163376132e+03   -4.1310551486e+03
1490.0000000    4.6809599446e+03   -4.3469263417e+03
1495.0000000    4.7434272126e+03   -4.3732742632e+03
1500.0000000    4.7040213173e+03   -4.2012307774e+03
1505.0000000    4.5940422821e+03   -4.2525927834e+03
1510.0000000    4.5798219900e+03   -4.0733693476e+03
1515.0000000    4.5790611912e+03   -3.9893229972e+03
1520.0000000    4.5874655744e+03   -4.2276781478e+03
1525.0000000    4.7833069295e+03   -4.4297284988e+03
1530.0000000    4.7434150609e+03   -4.4668170802e+03
1535.0000000    4.6167026544e+03   -4.1932381246e+03
1540.0000000    4.6015411320e+03   -4.2894744765e+03
1545.0000000    4.6530973635e+03   -4.0080711263e+03
1550.0000000    4.7348059928e+03   -4.2289259903e+03
1555.0000000    4.6545019704e+03   -4.1747334404e+03
1560.0000000    4.7603277933e+03   -4.2982398304e+03
1565.0000000    4.7744391836e+03   -4.3131139642e+03
1570.0000000    4.7978251429e+03   -4.2053196590e+03
1575.0000000    4.7278390486e+03   -4.3680995846e+03
1580.0000000    4.7065617988e+03   -4.1644689717e+03
1585.0000000    4.7927726536e+03   -4.4211836758e+03
1590.0000000    4.7546408772e+03   -4.3559517148e+03
1595.0000000    4.8731632967e+03   -4.4188421393e+03
1600.0000000    4.8689851836e+03   -4.5166365007e+03
1605.0000000    4.6558117688e+03   -4.1971264281e+03
1610.0000000    4.9715648314e+03   -4.4874418523e+03
1615.0000000    4.9353346634e+03   -4.4651752785e+03
1620.0000000    4.9810536483e+03   -4.5709144130e+03
1625.0000000    4.9533212739e+03   -4.5906925701e+03
1630.0000000    5.0261666315e+03   -4.5317389831e+03
1635.0000000    5.0784538514e+03   -4.6056426081e+03
1640.0000000    4.8993536832e+03   -4.4747219005e+03
1645.0000000    4.9754957399e+03   -4.4063198332e+03
1650.0000000    5.1303156234e+03   -4.7404684833e+03
1655.0000000    5.1539336788e+03   -4.8517056846e+03
1660.0000000    5.1558016724e+03   -4.6967449504e+03
1665.0000000    5.1832731405e+03   -4.7802414515e+03
1670.0000000    5.2149764752e+03   -4.8044369508e+03
1675.0000000    5.2249045755e+03   -4.8213401092e+03
1680.0000000    5.3014510476e+03   -4.8124553056e+03
1685.0000000    5.4333285076e+03   -4.9873495156e+03
1690.0000000    5.3806498414e+03   -4.8716291988e+03
1695.0000000    5.3217944006e+03   -4.7498350141e+03
1700.0000000    5.3897960107e+03   -4.8390452221e+03
1705.0000000    5.6555571441e+03   -5.1858563039e+03
1710.0000000    5.5795170756e+03   -4.9840222649e+03
1715.0000000    5.4775913878e+03   -5.0208467037e+03
1720.0000000    5.7224291472e+03   -5.3924465753e+03
1725.0000000    5.6598217826e+03   -5.2840125818e+03
1730.0000000    5.8436414351e+03   -5.4904078721e+03
1735.0000000    5.5689974591e+03   -5.0835840960e+03
1740.0000000    5.9807996769e+03   -5.5707034642e+03
1745.0000000    6.1583911979e+03   -5.8113256837e+03
1750.0000000    5.8682147571e+03   -5.4323157429e+03
1755.0000000    6.0060432294e+03   -5.6048467392e+03
1760.0000000    5.9120767749e+03   -5.5625173731e+03
1765.0000000    6.1454197686e+03   -5.5925117708e+03
1770.0000000    6.0516203851e+03   -5.6710760627e+03
1775.0000000    6.2881534361e+03   -5.9056675929e+03
1780.0000000    6.2024248893e+03   -5.7789777401e+03
1785.0000000    6.2933644009e+03   -5.9110706997e+03
1790.0000000    6.2669453730e+03   -5.8522968747e+03
1795.0000000    6.4686255127e+03   -6.1486015172e+03
1800.0000000    6.4109803204e+03   -6.1772721851e+03
1805.0000000    6.3841162309e+03   -6.0484641414e+03
1810.0000000    6.7396166613e+03   -6.5257254351e+03
1815.0000000    6.6794902156e+03   -6.1726395878e+03
1820.0000000    6.6536972948e+03   -6.2124388033e+03
1825.0000000    6.5665221045e+03   -6.1554872939e+03
1830.0000000    6.7335815544e+03   -6.2309286327e+03
1835.0000000    6.8745838388e+03   -6.5813013520e+03
1840.0000000    6.9917888150e+03   -6.5888917233e+03
1845.0000000    7.0243682250e+03   -6.7319663005e+03
1850.0000000    6.7729608838e+03   -6.3462691214e+03
1855.0000000    6.8426941904e+03   -6.6102751706e+03
1860.0000000    6.9946213318e+03   -6.6163426366e+03
1865.0000000    7.1938271572e+03   -6.9766229033e+03
1870.0000000    6.9234836645e+03   -6.6008574737e+03
1875.0000000    7.1870933674e+03   -6.9089361964e+03
1880.0000000    7.2244703597e+03   -6.9552464414e+03
1885.0000000    7.2198639914e+03   -6.8852838137e+03
1890.0000000    7.2532613827e+03   -7.0673949872e+03
1895.0000000    7.2899211995e+03   -6.9585502766e+03
1900.0000000    7.4816363780e+03   -7.2921424340e+03
1905.0000000    7.3489827278e+03   -7.1001523597e+03
1910.0000000    7.3121629060e+03   -7.0223033430e+03
1915.0000000    7.4618601762e+03   -7.2552852125e+03
1920.0000000    7.3768253227e+03   -7.0534973094e+03
1925.0000000    7.3055809846e+03   -7.0801868100e+03
1930.0000000    7.5114407191e+03   -7.1357385105e+03
1935.0000000    7.3363062727e+03   -7.0777934046e+03
1940.0000000    7.5053667827e+03   -7.3557960402e+03
1945.0000000    7.2345966060e+03   -6.9380141521e+03
1950.0000000    7.5344042223e+03   -7.2298388022e+03
1955.0000000    7.5646998472e+03   -7.4083870652e+03
1960.0000000    7.5679850449e+03   -7.2561188849e+03
1965.0000000    7.6198731143e+03   -7.4039340853e+03
1970.0000000    7.8161101621e+03   -7.6612064806e+03
1975.0000000    7.7288729975e+03   -7.4312583922e+03
1980.0000000    7.5791859692e+03   -7.3495347831e+03
1985.0000000    7.5828281523e+03   -7.3046412882e+03
1990.0000000    7.6433316117e+03   -7.5583908323e+03
1995.0000000    7.7349286365e+03   -7.4845515488e+03
2000.0000000    7.6073172901e+03   -7.4396094726e+03
2005.0000000    7.4586425514e+03   -7.1528174860e+03
2010.0000000    7.7769562747e+03   -7.6317189161e+03
2015.0000000    7.5143086267e+03   -7.2110243660e+03
2020.0000000    7.5773462716e+03   -7.4608714681e+03
2025.0000000    7.7912244998e+03   -7.5750066314e+03
2030.0000000    7.6757286920e+03   -7.5016338955e+03
2035.0000000    7.5977310773e+03   -7.3953408806e+03
2040.0000000    7.5880958443e+03   -7.2899711257e+03
2045.0000000    7.6255464705e+03   -7.4320536709e+03
2050.0000000    7.7179114205e+03   -7.5953366036e+03
2055.0000000    7.7260722165e+03   -7.5522174083e+03
2060.0000000    7.7118149058e+03   -7.4424813827e+03
2065.0000000    7.6178294042e+03   -7.4176724963e+03
2070.0000000    7.6317805887e+03   -7.4629161720e+03
2075.0000000    7.5485809065e+03   -7.3461033320e+03
2080.0000000    7.7142754503e+03   -7.4300777760e+03
2085.0000000    7.6418549692e+03   -7.4542930042e+03
2090.0000000    7.4211128364e+03   -7.1344274013e+03
2095.0000000    7.6392493227e+03   -7.4022446806e+03
2100.0000000    7.5175302286e+03   -7.4525224403e+03
2105.0000000    7.5019605337e+03   -7.1634390034e+03
2110.0000000    7.6596162305e+03   -7.4849580871e+03
2115.0000000    7.6483130707e+03   -7.4816802304e+03
2120.0000000    7.3970978861e+03   -7.2142275760e+03
2125.0000000    7.6052091393e+03   -7.4289514984e+03
2130.0000000    7.6977596560e+03   -7.4294412045e+03
2135.0000000    7.5086238676e+03   -7.3966962683e+03
2140.0000000    7.4107562904e+03   -7.1222654321e+03
2145.0000000    7.6583187589e+03   -7.5331990328e+03
2150.0000000    7.7881791836e+03   -7.6860175287e+03
2155.0000000    7.3455648625e+03   -7.0708553727e+03
2160.0000000    7.4911432943e+03   -7.2056287492e+03
2165.0000000    7.4306424953e+03   -7.3189318407e+03
2170.0000000    7.5015788457e+03   -7.3297317186e+03
2175.0000000    7.2793389851e+03   -7.0711912020e+03
2180.0000000    7.6293338223e+03   -7.4352005391e+03
2185.0000000    7.4327652976e+03   -7.4256567383e+03
2190.0000000    7.4230969717e+03   -7.1201358314e+03
2195.0000000    7.4411351777e+03   -7.1499010343e+03
2200.0000000    7.5959544984e+03   -7.3761567571e+03
2205.0000000    7.4677640218e+03   -7.3082682125e+03
2210.0000000    7.3797103877e+03   -7.2198640494e+03
2215.0000000    7.4449551438e+03   -7.2227416240e+03
2220.0000000    7.5257910925e+03   -7.3664809661e+03
2225.0000000    7.2489299465e+03   -6.9117664817e+03
2230.0000000    7.4380540185e+03   -7.3714223652e+03
2235.0000000    7.3648985295e+03   -7.1828393931e+03
2240.0000000    7.5057227175e+03   -7.3519468745e+03
2245.0000000    7.3538638943e+03   -7.1598746305e+03
2250.0000000    7.3430340564e+03   -7.1004912987e+03
2255.0000000    7.0805266586e+03   -6.8759902066e+03
2260.0000000    7.3256520953e+03   -7.1777196352e+03
2265.0000000    7.4557579667e+03   -7.2120225269e+03
2270.0000000    7.3451626320e+03   -7.1822760341e+03
2275.0000000    7.0398693707e+03   -6.6418513690e+03
2280.0000000    7.4124134617e+03   -7.2298980156e+03
2285.0000000    7.0522514817e+03   -6.7720096469e+03
2290.0000000    7.3039811282e+03   -7.1038879340e+03
2295.0000000    7.4108506094e+03   -7.2903045537e+03
2300.0000000    7.3738318718e+03   -7.2026053531e+03
2305.0000000    7.2730002885e+03   -7.0863153712e+03
2310.0000000    7.3920023510e+03   -7.3208357730e+03
2315.0000000    7.2212700496e+03   -6.9504383089e+03
2320.0000000    7.1274132941e+03   -7.0164485439e+03
2325.0000000    7.2336956460e+03   -6.8564889377e+03
2330.0000000    7.2164073233e+03   -7.0062911393e+03
2335.0000000    7.3520602974e+03   -7.1209999658e+03
2340.0000000    7.2804178483e+03   -7.0974577585e+03
2345.0000000    7.0780610209e+03   -6.6442235461e+03
2350.0000000    7.0522659834e+03   -6.6721085063e+03
2355.0000000    7.0608353269e+03   -6.6844548090e+03
2360.0000000    7.2449186311e+03   -7.0938264829e+03
2365.0000000    7.4163615144e+03   -7.2914596535e+03
2370.0000000    7.3090554941e+03   -7.0183605466e+03
2375.0000000    7.1843862938e+03   -6.9235146142e+03
2380.0000000    7.2685496418e+03   -6.9265657212e+03
2385.0000000    7.2006050844e+03   -6.8784969967e+03
2390.0000000    7.1683345433e+03   -6.8779099847e+03
2395.0000000    7.3043677367e+03   -7.1856855659e+03
2400.0000000    7.3809007394e+03   -7.0777522955e+03
2405.0000000    7.0193624881e+03   -6.7415312752e+03
2410.0000000    7.1872555530e+03   -6.8829069585e+03
2415.0000000    7.2539131775e+03   -6.8776752657e+03
2420.0000000    7.0149695307e+03   -6.5953421906e+03
2425.0000000    7.2839522224e+03   -7.0122975028e+03
2430.0000000    7.3754198418e+03   -7.0457615223e+03
2435.0000000    7.4079545147e+03   -7.0897247768e+03
2440.0000000    7.2191364317e+03   -6.9812026743e+03
2445.0000000    7.4568627815e+03   -7.0810807613e+03
2450.0000000    7.4226721400e+03   -7.1586798198e+03
2455.0000000    7.5354165523e+03   -7.3552154589e+03
2460.0000000    7.5191235164e+03   -7.2176426713e+03
2465.0000000    7.4727494377e+03   -7.1476043695e+03
2470.0000000    7.5400967013e+03   -7.2078403491e+03
2475.0000000    7.2914697115e+03   -7.0951910501e+03
2480.0000000    7.4106145613e+03   -7.0021706487e+03
2485.0000000    7.6570641801e+03   -7.2998388829e+03
2490.0000000    7.6705035338e+03   -7.4203645745e+03
2495.0000000    7.5263216812e+03   -7.1150658695e+03
2500.0000000    7.7927628521e+03   -7.3697409938e+03
2505.0000000    7.5662002953e+03   -7.2931351951e+03
2510.0000000    7.5939221240e+03   -7.1845414456e+03
2515.0000000    7.6726585113e+03   -7.2049517801e+03
2520.0000000    7.9027382287e+03   -7.4816910281e+03
2525.0000000    7.9964779560e+03   -7.8993400045e+03
2530.0000000    7.9063046473e+03   -7.7541533061e+03
2535.0000000    7.9598497962e+03   -7.3496074301e+03
2540.0000000    7.7568604852e+03   -7.4886530678e+03
2545.0000000    7.8828393859e+03   -7.4410006636e+03
2550.0000000    8.1187919200e+03   -7.9751647553e+03
2555.0000000    8.2168438217e+03   -8.0907546983e+03
2560.0000000    8.1365216978e+03   -7.8317151859e+03
2565.0000000    8.0578023234e+03   -7.4773104952e+03
2570.0000000    8.2596721640e+03   -7.9573791023e+03
2575.0000000    8.2350992981e+03   -8.1086453862e+03
2580.0000000    8.3746420761e+03   -8.0572570383e+03
2585.0000000    8.4134896400e+03   -7.9788978675e+03
2590.0000000    8.6005997707e+03   -8.3900801907e+03
2595.0000000    8.5993581219e+03   -8.4772711425e+03
2600.0000000    8.4803657691e+03   -8.1171449188e+03
2605.0000000    8.7121056274e+03   -8.5038923003e+03
2610.0000000    8.5880113523e+03   -8.3296760193e+03
2615.0000000    8.6357704301e+03   -8.3588545579e+03
2620.0000000    8.8497982050e+03   -8.7383029092e+03
2625.0000000    8.8863111643e+03   -8.7830040653e+03
2630.0000000    8.8067236843e+03   -8.3175618488e+03
2635.0000000    9.0653845991e+03   -8.7391985001e+03
2640.0000000    8.8905454984e+03   -8.6128045585e+03
2645.0000000    9.0265732826e+03   -8.7536514735e+03
2650.0000000    9.0854058819e+03   -8.7486432875e+03
2655.0000000    9.2662034131e+03   -8.7896425049e+03
2660.0000000    9.0827207887e+03   -8.9942612754e+03
2665.0000000    9.3160332032e+03   -9.0806797218e+03
2670.0000000    9.4307535996e+03   -9.2014880841e+03
2675.0000000    9.4509258721e+03   -9.3458954937e+03
2680.0000000    9.4918884586e+03   -9.2117812093e+03
2685.0000000    9.6372728262e+03   -9.5663075042e+03
2690.0000000    9.3576839176e+03   -9.0765540238e+03
2695.0000000    9.4298452586e+03   -9.1818813919e+03
2700.0000000    9.6531091318e+03   -9.3359174478e+03
2705.0000000    1.0006670590e+04   -9.8975998138e+03
2710.0000000    9.8501345300e+03   -9.6835735460e+03
2715.0000000    9.8921219149e+03   -9.6093406983e+03
2720.0000000    9.9444995390e+03   -9.6632501594e+03
2725.0000000    9.9369715984e+03   -9.7795868912e+03
2730.0000000    9.8878187786e+03   -9.5223676257e+03
2735.0000000    1.0115568287e+04   -1.0010942686e+04
2740.0000000    1.0389031208e+04   -1.0461734962e+04
2745.0000000    1.0113700778e+04   -9.9541451459e+03
2750.0000000    1.0056837653e+04   -9.7785884663e+03
2755.0000000    1.0303826970e+04   -1.0181507585e+04
2760.0000000    9.9084538650e+03   -9.6466867486e+03
2765.0000000    1.0401156258e+04   -1.0219863409e+04
2770.0000000    1.0586615544e+04   -1.0562343925e+04
2775.0000000    1.0592173109e+04   -1.0331451636e+04
2780.0000000    1.0380574985e+04   -1.0158852163e+04
2785.0000000    1.0559883870e+04   -1.0199188099e+04
2790.0000000    1.0531982380e+04   -1.0267019034e+04
2795.0000000    1.0366044003e+04   -1.0220148297e+04
2800.0000000    1.0734373178e+04   -1.0547050239e+04
2805.0000000    1.0906493970e+04   -1.0954620019e+04
2810.0000000    1.0713587212e+04   -1.0684364611e+04
2815.0000000    1.0782544903e+04   -1.0686101320e+04
2820.0000000    1.0822152943e+04   -1.0503078961e+04
2825.0000000    1.0565192244e+04   -1.0278502048e+04
2830.0000000    1.0706273141e+04   -1.0528792853e+04
2835.0000000    1.0967630489e+04   -1.0926500364e+04
2840.0000000    1.1242290015e+04   -1.1131078181e+04
2845.0000000    1.0883787530e+04   -1.0679179376e+04
2850.0000000    1.0779515723e+04   -1.0377843364e+04
2855.0000000    1.1033962662e+04   -1.0778331176e+04
2860.0000000    1.1239204510e+04   -1.1128464437e+04
2865.0000000    1.1185766434e+04   -1.0970813946e+04
2870.0000000    1.1133705313e+04   -1.1235448255e+04
2875.0000000    1.1266056834e+04   -1.1235619081e+04
2880.0000000    1.0716590927e+04   -1.0599106612e+04
2885.0000000    1.1187173878e+04   -1.1128912450e+04
2890.0000000    1.1024686381e+04   -1.0745400735e+04
2895.0000000    1.1051826814e+04   -1.0919512895e+04
2900.0000000    1.1290406230e+04   -1.1153227221e+04
2905.0000000    1.1298346811e+04   -1.1154350267e+04
2910.0000000    1.1138900066e+04   -1.0896573672e+04
2915.0000000    1.0905118066e+04   -1.0682687019e+04
2920.0000000    1.1304694425e+04   -1.0984956926e+04
2925.0000000    1.1245681964e+04   -1.1111923873e+04
2930.0000000    1.1494827433e+04   -1.1473600786e+04
2935.0000000    1.1422150610e+04   -1.1479431152e+04
2940.0000000    1.1251040564e+04   -1.1115501396e+04
2945.0000000    1.1036910482e+04   -1.0902566222e+04
2950.0000000    1.1083413379e+04   -1.0991006251e+04
2955.0000000    1.1262269013e+04   -1.1139352837e+04
2960.0000000    1.1295081544e+04   -1.1231230369e+04
2965.0000000    1.1387982703e+04   -1.1391684161e+04
2970.0000000    1.1184073058e+04   -1.0934555627e+04
2975.0000000    1.1449922630e+04   -1.1238068112e+04
2980.0000000    1.0968608034e+04   -1.0762077286e+04
2985.0000000    1.1064508424e+04   -1.0671761663e+04
2990.0000000    1.1215350124e+04   -1.0946650208e+04
2995.0000000    1.1520350120e+04   -1.1425195924e+04
3000.0000000    1.1560905563e+04   -1.1660787207e+04
3005.0000000    1.1140127114e+04   -1.1174974248e+04
3010.0000000    1.1191114531e+04   -1.0952965152e+04
3015.0000000    1.0865144025e+04   -1.0758550268e+04
3020.0000000    1.1024985854e+04   -1.0831587354e+04
3025.0000000    1.1236682583e+04   -1.1328344485e+04
3030.0000000    1.1230346280e+04   -1.1455488910e+04
3035.0000000    1.1220945176e+04   -1.1075199492e+04
3040.0000000    1.1089411856e+04   -1.0803972237e+04
3045.0000000    1.0965932619e+04   -1.0848658640e+04
3050.0000000    1.0944354564e+04   -1.0895633488e+04
3055.0000000    1.1255025310e+04   -1.1183811513e+04
3060.0000000    1.1120605407e+04   -1.0911647571e+04
3065.0000000    1.1114477219e+04   -1.1124789213e+04
3070.0000000    1.1176183606e+04   -1.1259631765e+04
3075.0000000    1.0958100513e+04   -1.0795878488e+04
3080.0000000    1.0965658902e+04   -1.1085238857e+04
3085.0000000    1.0798868311e+04   -1.0650836959e+04
3090.0000000    1.0817446112e+04   -1.0827840387e+04
3095.0000000    1.0913573736e+04   -1.0943722666e+04
3100.0000000    1.0684279604e+04   -1.0735040221e+04
3105.0000000    1.0870408462e+04   -1.0500402333e+04
3110.0000000    1.0961285461e+04   -1.0727301442e+04
3115.0000000    1.0607402725e+04   -1.0342322820e+04
3120.0000000    1.0700390699e+04   -1.0513048226e+04
3125.0000000    1.0870802828e+04   -1.0595522632e+04
3130.0000000    1.0857181873e+04   -1.0465974753e+04
3135.0000000    1.0519531075e+04   -1.0419052436e+04
3140.0000000    1.0645469923e+04   -1.0454972803e+04
3145.0000000    1.0772139662e+04   -1.0862947911e+04
3150.0000000    1.0493877113e+04   -1.0431432615e+04
3155.0000000    1.0685290950e+04   -1.0538775169e+04
3160.0000000    1.0730972803e+04   -1.0708139620e+04
3165.0000000    1.0122777298e+04   -9.9319731865e+03
3170.0000000    1.0268557255e+04   -1.0047917038e+04
3175.0000000    1.0586183335e+04   -1.0411875020e+04
3180.0000000    1.0706156158e+04   -1.0587982522e+04
3185.0000000    1.0441868854e+04   -1.0337164872e+04
3190.0000000    1.0488533286e+04   -1.0203052865e+04
3195.0000000    1.0465895588e+04   -1.0180291122e+04
3200.0000000    1.0227656731e+04   -1.0096149187e+04
3205.0000000    1.0346209629e+04   -9.9494350971e+03
3210.0000000    1.0437197619e+04   -1.0355194358e+04
3215.0000000    1.0498130005e+04   -1.0600154440e+04
3220.0000000    1.0169791977e+04   -1.0026678125e+04
3225.0000000    1.0230844717e+04   -1.0026750042e+04
3230.0000000    1.0132045437e+04   -9.9381846125e+03
3235.0000000    9.8383573226e+03   -9.5827032862e+03
3240.0000000    1.0312276288e+04   -1.0122015069e+04
3245.0000000    1.0375697154e+04   -1.0241566053e+04
3250.0000000    1.0296091401e+04   -9.8777768453e+03
3255.0000000    9.9022386139e+03   -9.6572977324e+03
3260.0000000    1.0180889118e+04   -9.6848332016e+03
3265.0000000    1.0204210785e+04   -9.8058125490e+03
3270.0000000    9.9178135578e+03   -9.4623165396e+03
3275.0000000    1.0180060967e+04   -9.9095175277e+03
3280.0000000    1.0395131315e+04   -1.0449379491e+04
3285.0000000    1.0066209377e+04   -9.9493950463e+03
3290.0000000    1.0305334074e+04   -1.0254876764e+04
3295.0000000    1.0131548906e+04   -9.6298550867e+03
3300.0000000    9.8981100216e+03   -9.5221674721e+03
3305.0000000    9.9798700981e+03   -9.8085560230e+03
3310.0000000    1.0151255460e+04   -9.9391848219e+03
3315.0000000    1.0397304821e+04   -1.0151145341e+04
3320.0000000    1.0020398252e+04   -9.7364646196e+03
3325.0000000    9.8666775654e+03   -9.2702425660e+03
3330.0000000    1.0085685134e+04   -9.7393326721e+03
3335.0000000    1.0430406426e+04   -1.0131820637e+04
3340.0000000    1.0314535756e+04   -9.8195123892e+03
3345.0000000    1.0284408546e+04   -1.0178061126e+04
3350.0000000    1.0262707321e+04   -1.0157882089e+04
3355.0000000    9.9754101916e+03   -9.7344532403e+03
3360.0000000    1.0387532302e+04   -1.0225897695e+04
3365.0000000    9.9649982755e+03   -9.4934530453e+03
3370.0000000    1.0291449650e+04   -1.0066567590e+04
3375.0000000    1.0456754701e+04   -1.0085764500e+04
3380.0000000    1.0295188664e+04   -9.9078289707e+03
3385.0000000    1.0182569500e+04   -9.7514353437e+03
3390.0000000    9.9060299870e+03   -9.4437710014e+03
3395.0000000    1.0416786957e+04   -9.8968498844e+03
3400.0000000    1.0403313271e+04   -1.0041258747e+04
3405.0000000    1.0565843344e+04   -1.0240715788e+04
3410.0000000    1.0449217302e+04   -1.0238486427e+04
3415.0000000    1.0440363516e+04   -1.0166042463e+04
3420.0000000    1.0164251323e+04   -9.8647942332e+03
3425.0000000    1.0401413079e+04   -1.0208414575e+04
3430.0000000    1.0585149715e+04   -1.0208132023e+04
3435.0000000    1.0497157697e+04   -1.0311501075e+04
3440.0000000    1.0587071966e+04   -1.0365069861e+04
3445.0000000    1.0506336691e+04   -1.0136514388e+04
3450.0000000    1.0770051502e+04   -1.0504860278e+04
3455.0000000    1.0355680661e+04   -9.9580657390e+03
3460.0000000    1.0519377808e+04   -9.9858546010e+03
3465.0000000    1.0682132412e+04   -1.0326747898e+04
3470.0000000    1.1073266754e+04   -1.0810774722e+04
3475.0000000    1.1192639610e+04   -1.1016772611e+04
3480.0000000    1.0639744578e+04   -1.0395249012e+04
3485.0000000    1.0698391209e+04   -1.0449509370e+04
3490.0000000    1.0558067333e+04   -1.0201741545e+04
3495.0000000    1.0858213912e+04   -1.0564753895e+04
3500.0000000    1.0866613288e+04   -1.0798342043e+04
3505.0000000    1.0981767156e+04   -1.0960533782e+04
3510.0000000    1.1059037017e+04   -1.0680587260e+04
3515.0000000    1.0988199807e+04   -1.0688723765e+04
3520.0000000    1.0883381667e+04   -1.0535920200e+04
3525.0000000    1.0917508548e+04   -1.0670682184e+04
3530.0000000    1.1441318923e+04   -1.1252308815e+04
3535.0000000    1.1077904638e+04   -1.0619675392e+04
3540.0000000    1.1184727552e+04   -1.1017523851e+04
3545.0000000    1.1429184936e+04   -1.1251673670e+04
3550.0000000    1.1178906025e+04   -1.0785584553e+04
3555.0000000    1.1135845451e+04   -1.1070036446e+04
3560.0000000    1.1272401214e+04   -1.0879736138e+04
3565.0000000    1.1271633176e+04   -1.1138949799e+04
3570.0000000    1.1254334900e+04   -1.1172551649e+04
3575.0000000    1.1037938476e+04   -1.0872177161e+04
3580.0000000    1.1495745002e+04   -1.1034978062e+04
3585.0000000    1.1704687850e+04   -1.1463440599e+04
3590.0000000    1.1264012704e+04   -1.0869727271e+04
3595.0000000    1.1491396273e+04   -1.1130423780e+04
3600.0000000    1.1755550144e+04   -1.1499790460e+04
3605.0000000    1.1723989460e+04   -1.1293380055e+04
3610.0000000    1.1577862375e+04   -1.1381329598e+04
3615.0000000    1.1678100850e+04   -1.1380888678e+04
3620.0000000    1.1803244890e+04   -1.1899903134e+04
3625.0000000    1.1588416649e+04   -1.1372514496e+04
3630.0000000    1.1851032790e+04   -1.1616041352e+04
3635.0000000    1.1778825641e+04   -1.1676740836e+04
3640.0000000    1.1499197746e+04   -1.1241838549e+04
3645.0000000    1.1624146823e+04   -1.1286260947e+04
3650.0000000    1.1927405816e+04   -1.1709176652e+04
3655.0000000    1.2082512803e+04   -1.1889037687e+04
3660.0000000    1.1959944524e+04   -1.1837174936e+04
3665.0000000    1.2100480053e+04   -1.1806854156e+04
3670.0000000    1.2000559453e+04   -1.1685781907e+04
3675.0000000    1.1786474367e+04   -1.1550883746e+04
3680.0000000    1.2158470173e+04   -1.1716081736e+04
3685.0000000    1.2170384687e+04   -1.2136072465e+04
3690.0000000    1.2228080814e+04   -1.2252210551e+04
3695.0000000    1.2063635820e+04   -1.1867435876e+04
3700.0000000    1.2131415473e+04   -1.1911933283e+04
3705.0000000    1.1994183657e+04   -1.1774182302e+04
3710.0000000    1.1678823123e+04   -1.1474518520e+04
3715.0000000    1.2346100980e+04   -1.2120618511e+04
3720.0000000    1.2396459611e+04   -1.2208744115e+04
3725.0000000    1.2344402067e+04   -1.1971680811e+04
3730.0000000    1.2031621137e+04   -1.1798059096e+04
3735.0000000    1.2400432777e+04   -1.1929576341e+04
3740.0000000    1.2483527849e+04   -1.2160530858e+04
3745.0000000    1.2088509052e+04   -1.1595645695e+04
3750.0000000    1.2506903364e+04   -1.2287055505e+04
3755.0000000    1.2712885001e+04   -1.2900804114e+04
3760.0000000    1.2443105044e+04   -1.2327567468e+04
3765.0000000    1.2862819527e+04   -1.2922709429e+04
3770.0000000    1.2584288632e+04   -1.2171069794e+04
3775.0000000    1.2317652474e+04   -1.2044004417e+04
3780.0000000    1.2369333737e+04   -1.2245026307e+04
3785.0000000    1.2701503367e+04   -1.2570466356e+04
3790.0000000    1.2927809718e+04   -1.2724354893e+04
3795.0000000    1.2503798448e+04   -1.2249242825e+04
3800.0000000    1.2499712876e+04   -1.1991296587e+04
3805.0000000    1.2636339873e+04   -1.2459329051e+04
3810.0000000    1.2939618376e+04   -1.2681679214e+04
3815.0000000    1.3007672571e+04   -1.2547442105e+04
3820.0000000    1.2984773593e+04   -1.3046071888e+04
3825.0000000    1.2966667238e+04   -1.2954370477e+04
3830.0000000    1.2679530294e+04   -1.2552959409e+04
3835.0000000    1.3118163752e+04   -1.2992319825e+04
3840.0000000    1.2652236414e+04   -1.2295613188e+04
3845.0000000    1.2881319231e+04   -1.2719975381e+04
3850.0000000    1.3244132487e+04   -1.3011619045e+04
3855.0000000    1.3080509686e+04   -1.2901465089e+04
3860.0000000    1.2944325200e+04   -1.2598736718e+04
3865.0000000    1.2712991344e+04   -1.2288574180e+04
3870.0000000    1.3145019790e+04   -1.2663079785e+04
3875.0000000    1.3259204963e+04   -1.3052235315e+04
3880.0000000    1.3367157155e+04   -1.3156211096e+04
3885.0000000    1.3261259407e+04   -1.3151822610e+04
3890.0000000    1.3407976048e+04   -1.3352431674e+04
3895.0000000    1.2988410587e+04   -1.2806151965e+04
3900.0000000    1.3299036374e+04   -1.3287764683e+04
3905.0000000    1.3420519555e+04   -1.3076213984e+04
3910.0000000    1.3368777162e+04   -1.3214776536e+04
3915.0000000    1.3496420145e+04   -1.3346876905e+04
3920.0000000    1.3387389943e+04   -1.3196943262e+04
3925.0000000    1.3645763976e+04   -1.3397590139e+04
3930.0000000    1.3144162365e+04   -1.2860802479e+04
3935.0000000    1.3388750427e+04   -1.2972867388e+04
3940.0000000    1.3529896753e+04   -1.3384862954e+04
3945.0000000    1.4087368979e+04   -1.3885474217e+04
3950.0000000    1.4196475781e+04   -1.4220527232e+04
3955.0000000    1.3550685711e+04   -1.3467632358e+04
3960.0000000    1.3615644915e+04   -1.3345987682e+04
3965.0000000    1.3396425340e+04   -1.3247050381e+04
3970.0000000    1.3796014877e+04   -1.3613400235e+04
3975.0000000    1.3600915995e+04   -1.3524876730e+04
3980.0000000    1.3930941251e+04   -1.3941600373e+04
3985.0000000    1.4046984129e+04   -1.3832438844e+04
3990.0000000    1.3916086388e+04   -1.3762278280e+04
3995.0000000    1.3714629566e+04   -1.3456317564e+04
4000.0000000    1.3652846875e+04   -1.3421551678e+04
4005.0000000    1.4385667869e+04   -1.4272872975e+04
4010.0000000    1.3990710672e+04   -1.3730037875e+04
4015.0000000    1.4259686385e+04   -1.4188722300e+04
4020.0000000    1.4288935881e+04   -1.4361318604e+04
4025.0000000    1.4056587665e+04   -1.3667055655e+04
4030.0000000    1.3913232241e+04   -1.3886883193e+04
4035.0000000    1.4132286498e+04   -1.3919164009e+04
4040.0000000    1.4172738180e+04   -1.4096139821e+04
4045.0000000    1.4087040628e+04   -1.4176586543e+04
4050.0000000    1.3963468469e+04   -1.3862069339e+04
4055.0000000    1.4293032592e+04   -1.3952836425e+04
4060.0000000    1.4553884954e+04   -1.4379205984e+04
