  80.0000000    1.7141874457e-02    5.5984294719e-07
 240.0000000   -1.3694212249e-02   -1.2846835722e-05
 400.0000000    1.3509086526e-02   -5.8569043021e-06
 560.0000000   -1.0790660216e-02   -2.2493933963e-05
 720.0000000    1.3419176531e-02    6.6995337000e-06
 880.0000000   -1.4686824127e-02    2.8276002866e-05
1040.0000000    1.3072968970e-02   -1.8799929557e-06
1200.0000000   -1.0752832097e-02    1.6872428290e-05
1360.0000000    1.6765603800e-02   -2.6881747585e-07
1520.0000000   -1.0657178974e-02    4.0775615769e-06
1680.0000000    1.3802602384e-02   -9.0782434962e-06
1840.0000000   -9.3411128735e-03    2.2831331886e-05
2000.0000000    1.8765646696e-02    3.8471938640e-06
2160.0000000   -1.1039146465e-02   -9.2941710670e-06
2320.0000000    2.1606091301e-02    4.1912806753e-06
2480.0000000   -1.3604738303e-02    4.1838508916e-05
2640.0000000    8.7729610466e-03    1.0957738948e-06
2800.0000000   -8.8324353139e-03   -9.6026747034e-05
2960.0000000    3.2374626450e-03    6.5574567932e-06
3120.0000000   -6.0053449961e-03    8.0403323576e-05
3280.0000000    1.0026670784e-02   -3.0052138033e-05
3440.0000000   -6.3991767122e-03   -4.4593320199e-05
3600.0000000    1.0153371811e-02    7.8666599870e-08
3760.0000000   -4.3387470709e-03    6.9046299937e-06
3920.0000000   -5.1868107122e-04   -1.8709245078e-05
4080.0000000   -1.8372729248e-03   -1.8935643071e-05
4240.0000000   -7.7792051543e-05   -2.1603465612e-05
4400.0000000   -2.2502795152e-05   -5.3982577086e-05
4560.0000000   -6.9154117806e-03   -1.3817840314e-05
4720.0000000    1.3580454074e-03    1.0716114801e-05
4880.0000000    6.6850694936e-03    2.2819185027e-06
5040.0000000    2.8061575644e-03   -1.6896578157e-05
5200.0000000    1.1129356088e-02   -4.3810425566e-07
5360.0000000    5.8449356412e-03   -3.4261085622e-06
5520.0000000   -3.8911352691e-03   -6.4792776286e-06
5680.0000000    5.6875012131e-03    2.8214608783e-06
5840.0000000   -7.6123193816e-03    1.5833245123e-08
6000.0000000    5.7875351517e-03   -2.2728838888e-05
6160.0000000   -4.5443403102e-03    4.6510828651e-06
6320.0000000    8.4135420867e-03   -1.2270040479e-05
6480.0000000   -1.7523313429e-03    8.2334979205e-06
6640.0000000    9.5404459138e-03   -3.4225867570e-06
6800.0000000    3.0834757065e-03    4.8951989400e-05
6960.0000000    1.5797264923e-02   -1.6226446886e-05
7120.0000000   -5.5677496230e-03    1.8067671040e-05
7280.0000000    2.3458610335e-02   -2.0043511010e-05
7440.0000000   -1.8797848695e-02    6.1090627854e-05
7600.0000000    1.2480053567e-02    1.7499413532e-05
7760.0000000   -1.1866511679e-02    4.8081938702e-07
7920.0000000    1.2136058018e-02   -1.3307038205e-06
8080.0000000   -3.4737141588e-03    3.6430150897e-06
8240.0000000    2.3276476217e-02    1.1608111072e-05
8400.0000000   -1.1394267184e-02   -4.0560783988e-05
8560.0000000    2.5411003741e-02    9.2851632624e-07
8720.0000000   -2.2527138150e-02   -1.1769070463e-04
8880.0000000    1.8681130260e-02    5.0418167832e-06
9040.0000000   -2.0616764892e-02    1.7934884173e-06
9200.0000000    1.3650866742e-02    1.2114115587e-06
9360.0000000   -1.6781059313e-02    2.3694092047e-05
9520.0000000    1.0397309243e-02   -2.1426180424e-06
9680.0000000   -8.7296595608e-03    1.4500594499e-06
9840.0000000    1.6607895634e-02    2.4923389989e-06
10000.0000000   -5.2914381768e-03   -7.6491042799e-07
10160.0000000    2.1746024684e-02   -6.4918266100e-06
10320.0000000   -1.4440507527e-02   -4.9069956906e-05
10480.0000000    1.3347863946e-02    1.1517627067e-06
10640.0000000   -1.2669723710e-02   -5.6541603092e-05
10800.0000000    4.7121958325e-03   -2.5365818096e-06
10960.0000000   -8.1102060820e-03    2.7568834896e-05
11120.0000000    2.4436945457e-03    8.6603723206e-06
11280.0000000   -7.3566123077e-03   -4.8517003970e-05
11440.0000000    1.6990291255e-02    1.6714575991e-06
11600.0000000   -5.3940544744e-03   -2.0262790885e-06
11760.0000000    2.1946066384e-02    3.7154642851e-05
11920.0000000   -7.2517601526e-03    5.5810702859e-05
12080.0000000    1.8411030553e-02   -4.6528492865e-05
12240.0000000   -8.0198145750e-03    1.2536546735e-05
12400.0000000   -1.9573792089e-03   -3.8932527170e-06
12560.0000000   -2.8603195338e-03   -4.3757378000e-06
12720.0000000    2.5261741876e-03   -2.8842945518e-05
12880.0000000   -9.3688734363e-04   -4.0633026803e-05
13040.0000000    1.7464202718e-02   -3.5059760600e-06
13200.0000000    5.9934946846e-04   -1.0443201617e-05
13360.0000000    4.0237443324e-03    6.4749473991e-06
13520.0000000    4.1697555412e-03   -1.7999291069e-05
13680.0000000   -9.5485807528e-03    1.8841394154e-05
13840.0000000    4.6589208149e-03    1.6971512470e-05
14000.0000000   -9.5192720570e-03    1.0200959183e-05
14160.0000000    8.4538617494e-03   -8.1154608118e-06
14320.0000000   -1.2241839067e-02    1.2400145566e-05
14480.0000000    8.4489039981e-03   -2.3439701446e-05
14640.0000000   -1.3806317117e-02   -2.2627795935e-05
14800.0000000    6.2872693669e-03   -1.8860402334e-05
14960.0000000   -6.1672238057e-03   -5.4840113842e-05
15120.0000000    1.2252466684e-02   -8.5301515915e-06
15280.0000000   -2.3640186769e-02    3.2002978482e-05
15440.0000000    1.2789353347e-02    1.3418362641e-05
15600.0000000   -2.3408827614e-02    2.6948914694e-06
15760.0000000    8.4533837074e-03   -9.7418002130e-06
15920.0000000   -2.2216251157e-02    8.0663818557e-05
16080.0000000    8.5683594098e-03    7.4275474120e-06
16240.0000000   -1.1389154155e-02    8.7124083548e-05
16400.0000000    1.5308211481e-02    8.8904933342e-06
16560.0000000   -1.4994464394e-02    2.4265144262e-06
16720.0000000    1.8845804581e-02    7.4496127395e-06
16880.0000000   -1.6192509380e-02   -2.8726906294e-05
17040.0000000    1.7499695449e-02   -3.2937082974e-06
17200.0000000   -2.4171248100e-02   -7.8633664517e-05
17360.0000000    6.4805502981e-03   -3.9606884696e-06
17520.0000000   -1.0694639922e-02   -1.5854454936e-05
17680.0000000    2.0733291205e-02    3.9025218849e-06
17840.0000000   -8.0565970761e-03   -3.2423340013e-05
18000.0000000    2.6442270841e-02   -9.5879047490e-06
18160.0000000   -2.1540542860e-02   -3.9065927778e-05
18320.0000000    1.6362042572e-02    3.2771368761e-07
18480.0000000   -2.0974632135e-02    1.7613550035e-05
18640.0000000    1.5261810449e-02   -8.1643599321e-06
18800.0000000   -1.5974484004e-02   -7.3273917450e-05
18960.0000000    9.1901988101e-03   -1.3625506938e-05
19120.0000000   -1.5815328967e-02   -1.0648264669e-05
19280.0000000    1.1779729230e-02   -9.8081338422e-06
19440.0000000   -1.2001687678e-02   -2.2403795404e-05
19600.0000000    2.3360515229e-03    1.1776095452e-05
19760.0000000   -1.1852477993e-02    5.0601662916e-05
19920.0000000    1.3553599425e-02   -2.3781668081e-06
20080.0000000   -1.1924022782e-02   -6.8363071543e-05
20240.0000000   -8.3972446569e-03   -6.1558484217e-07
20400.0000000   -6.9374885326e-03   -3.6533252035e-05
20560.0000000   -1.4217305278e-02    1.9139836121e-05
20720.0000000   -3.9408482208e-03   -4.6217829989e-05
20880.0000000    1.5787311835e-03    3.4706543582e-06
21040.0000000   -1.7861295854e-03    2.8520682998e-05
21200.0000000    8.0005804946e-03   -1.1274586416e-05
21360.0000000   -7.9313362423e-04   -4.2608519504e-05
21520.0000000   -4.9373252290e-03   -3.1625991257e-05
21680.0000000    1.2692314090e-03   -2.3413071228e-05
21840.0000000   -1.3112282892e-02   -2.0054306870e-05
22000.0000000    1.1873264454e-03   -3.8937503086e-06
22160.0000000   -1.5802093732e-02    1.8898613161e-05
22320.0000000    2.4916414513e-03   -1.9236369531e-05
22480.0000000    2.1099954604e-03    2.0008895759e-05
22640.0000000    4.6983651670e-03    3.4259467297e-05
22800.0000000    6.0927986042e-03    1.4335094389e-05
22960.0000000    9.5904845591e-03    1.1153983753e-05
23120.0000000   -1.2992148018e-02    7.3356944731e-05
23280.0000000    8.9251845459e-03    2.1735165792e-06
23440.0000000   -1.8328659610e-02    1.7729151397e-05
23600.0000000    9.8552778153e-03   -2.1146553927e-05
23760.0000000   -7.1829210742e-03   -2.1845447504e-05
23920.0000000    1.1791764225e-02    1.1103132466e-05
24080.0000000   -4.2078456168e-03    1.1859745180e-05
24240.0000000    1.2728934584e-02    2.3488397816e-05
24400.0000000   -1.1153900277e-02    3.7892458707e-05
24560.0000000    1.9115218892e-02   -2.2088298912e-05
24720.0000000   -1.0987144786e-02    7.2740024437e-05
24880.0000000    2.3677457116e-02   -5.5544940271e-06
25040.0000000   -2.9548627876e-02    8.4608848322e-05
25200.0000000    1.1325540120e-02   -1.4751455664e-06
25360.0000000   -1.9999401322e-02   -3.7988996127e-05
25520.0000000    5.0545990313e-03   -1.2368281708e-06
25680.0000000   -2.8015738473e-03   -6.8399890315e-05
25840.0000000    1.6738068366e-02    1.9623382772e-06
26000.0000000   -1.2063549405e-02   -4.7698774407e-05
26160.0000000    1.9635789727e-02    1.2624668183e-06
26320.0000000   -1.6301691568e-02   -2.7363273457e-05
26480.0000000    1.3015586502e-02    1.3635666954e-06
26640.0000000   -1.9672832955e-02   -6.7397816921e-06
26800.0000000   -1.8657287875e-03    5.9006245362e-06
26960.0000000   -1.3395050964e-02   -4.5587839788e-05
27120.0000000    4.2622736989e-03   -7.5753954817e-07
27280.0000000   -3.3656754116e-04    3.8550471381e-05
27440.0000000    1.2376631028e-02   -2.0404562126e-06
27600.0000000   -6.9044921235e-03   -1.5852662128e-06
27760.0000000    2.2399263188e-02   -2.9984554868e-06
27920.0000000   -1.5222879330e-02    8.1376340453e-07
28080.0000000    9.5004101657e-03    3.9072656982e-06
28240.0000000   -7.3423277040e-03    3.5733869161e-05
28400.0000000   -1.3566057181e-03    5.1183079668e-06
28560.0000000   -7.7751977151e-03    8.5709666378e-06
28720.0000000    1.3178096438e-02    1.2306658889e-05
28880.0000000   -6.0309624173e-03    1.1512352877e-05
29040.0000000    1.1378135967e-02    2.1804007284e-05
29200.0000000   -4.3460085316e-03   -5.0423703296e-05
29360.0000000    2.3754590927e-02   -4.3664413773e-06
29520.0000000   -6.3736795014e-03   -1.1247649486e-05
29680.0000000    2.0094632799e-02   -1.8772396035e-06
29840.0000000   -3.9393359481e-03   -2.5369838115e-05
30000.0000000   -2.9048087313e-03   -3.8098227026e-05
30160.0000000   -8.9437730876e-04    9.8527050658e-06
30320.0000000   -1.0033276624e-02   -2.7395174262e-06
30480.0000000    1.4917403457e-04   -1.1490294527e-05
30640.0000000    1.1299652768e-02    1.3701498548e-05
30800.0000000    2.3113218949e-03    4.8388474935e-05
30960.0000000    6.2311738609e-03    2.7933444563e-05
31120.0000000    5.3715913680e-03    2.4929747685e-05
31280.0000000   -7.8424353656e-03    2.5920386461e-05
31440.0000000    5.7165457237e-03   -1.5245204862e-05
31600.0000000   -1.9189321621e-02    3.9355833089e-05
31760.0000000    5.0339456375e-03    2.7880256193e-05
31920.0000000   -1.3031874007e-02   -3.2916904343e-05
32080.0000000    4.7584387125e-03   -3.4589351533e-06
