 40.0000000    3.6015129108e-02   -6.4028782652e-10
 80.0000000    5.0908624617e-02   -9.4986599592e-06
 120.0000000   -2.8586236631e-02   -6.6533641140e-05
 160.0000000    2.9359099693e-03   -3.7783788501e-05
 200.0000000    5.2518650160e-02    1.0432986948e-05
 240.0000000    3.7284428173e-02   -1.1116587613e-04
 280.0000000   -4.0752260880e-02   -1.1190576115e-04
 320.0000000    9.1535317616e-03   -1.1138915793e-04
 360.0000000    4.8735062381e-02   -3.9271881839e-05
 400.0000000   -1.1882436146e-02   -7.3582427171e-05
 440.0000000   -3.6598926637e-02   -3.3159299553e-04
 480.0000000    1.1376038591e-02    8.3103791245e-05
 520.0000000    5.0956214416e-02    4.9208549077e-05
 560.0000000   -3.5937234236e-03   -1.0119691315e-06
 600.0000000   -3.4164373258e-02   -6.1357576926e-04
 640.0000000    1.6991811153e-02    2.9000746607e-05
 680.0000000    5.7312113844e-02    5.1237858540e-05
 720.0000000   -1.5543924346e-02   -4.9765665495e-06
 760.0000000   -3.7257101230e-02   -5.5069387100e-04
 800.0000000    2.6564049489e-02    6.8019273375e-05
 840.0000000    6.5659570383e-02   -2.7017645207e-05
 880.0000000   -3.0663695976e-02    2.8694356121e-05
 920.0000000   -3.5850209417e-02   -4.9300081828e-04
 960.0000000    2.5064677447e-02    1.1157966752e-04
1000.0000000    5.8758738842e-02   -7.1597077087e-05
1040.0000000   -8.7694123890e-03    1.2277872928e-04
1080.0000000   -4.2250479026e-02   -2.9510079806e-04
1120.0000000    3.7304826477e-02    1.0584772453e-05
1160.0000000    5.1227049779e-02   -3.2219096009e-05
1200.0000000   -1.8286652321e-02    3.9888772645e-05
1240.0000000   -3.7160162957e-02   -1.3992881387e-04
1280.0000000    4.8043184125e-02   -2.3982841284e-05
1320.0000000    4.3462995078e-02    3.9633536879e-05
1360.0000000   -4.6480232992e-02    3.2045550355e-05
1400.0000000   -2.9733126847e-02   -1.5997434000e-04
1440.0000000    5.0623190428e-02    9.8579454666e-05
1480.0000000    4.7078624552e-02    9.8581117856e-07
1520.0000000   -5.0021817195e-02    1.2478776010e-05
1560.0000000   -3.0241239108e-02   -7.7686881602e-05
1600.0000000    4.8222501366e-02   -3.0553305655e-05
1640.0000000    2.5303250721e-02   -2.4248471864e-07
1680.0000000   -4.6401617947e-02    2.3091991984e-05
1720.0000000   -2.1372360363e-02   -1.1958114153e-04
1760.0000000    4.5979399991e-02    1.0651080844e-04
1800.0000000    2.2507739464e-02    1.5420960657e-05
1840.0000000   -3.9393722204e-02    3.1472930569e-04
1880.0000000   -1.6721740236e-02   -5.6687403258e-04
1920.0000000    4.7551345330e-02   -5.0798946970e-05
1960.0000000    3.1869185682e-02    1.4625009702e-05
2000.0000000   -4.0363758941e-02   -1.8352454987e-04
2040.0000000   -1.4816225209e-02   -8.6478849924e-05
2080.0000000    5.9825241330e-02    6.1809786701e-06
2120.0000000    1.2474109438e-02   -1.3612289646e-05
2160.0000000   -4.7589327442e-02    1.5663200872e-05
2200.0000000   -5.2221164097e-03   -1.3084122412e-04
2240.0000000    5.7641832286e-02   -4.5103766056e-06
2280.0000000    1.0326889654e-02    8.0080132360e-05
2320.0000000   -4.7314423926e-02    1.3235185486e-04
2360.0000000    2.0851117537e-05   -1.2821506938e-04
2400.0000000    5.3500446857e-02   -3.3411663841e-05
2440.0000000    1.5927319581e-02   -1.2103775836e-04
2480.0000000   -3.7677814794e-02   -1.2371574385e-04
2520.0000000    6.5268032346e-03   -9.2925620830e-05
2560.0000000    5.8131260801e-02   -6.9420975805e-05
2600.0000000    3.7415263843e-03    7.6252471493e-06
2640.0000000   -4.7867427993e-02   -4.7832649417e-04
2680.0000000    1.1134557332e-02    1.1277087412e-04
2720.0000000    5.2540413380e-02   -6.6046318681e-05
2760.0000000    5.4444390781e-03   -9.0763952349e-06
2800.0000000   -3.7953768262e-02   -7.8763882594e-04
2840.0000000    1.8465035292e-02   -7.2964253097e-05
2880.0000000    6.1978850387e-02    7.1684042545e-05
2920.0000000   -2.1347643020e-02    5.3015740048e-05
2960.0000000   -4.6353640625e-02   -6.1656443429e-04
3000.0000000    1.8372939668e-02    5.0862691577e-05
3040.0000000    6.4122051724e-02    1.2313984783e-04
3080.0000000   -5.9601514403e-03    1.4713281102e-04
3120.0000000   -4.4345147002e-02   -5.4318247991e-04
3160.0000000    2.8225343040e-02    1.0307027865e-04
3200.0000000    5.9798664126e-02    2.7495511927e-05
3240.0000000   -1.7884494432e-02    1.0326855307e-04
3280.0000000   -3.9849376143e-02   -2.5153763954e-04
3320.0000000    3.4516032467e-02    3.8120542739e-05
3360.0000000    6.5976448344e-02   -4.8632377963e-05
3400.0000000   -2.3356173724e-02    2.4640725838e-04
3440.0000000   -3.4554376031e-02   -1.7580371290e-04
3480.0000000    4.0167480559e-02   -4.5184146662e-05
3520.0000000    7.6029727926e-02   -3.5394963476e-06
3560.0000000   -1.4089804680e-02    6.3677090053e-05
3600.0000000   -3.9160885000e-02   -9.8889841872e-05
3640.0000000    5.3425764732e-02    5.9452823039e-05
3680.0000000    7.7997822010e-02   -1.6949754853e-06
3720.0000000   -2.6919314947e-02    2.5766904161e-06
  40.0000000    3.6015129108e-02   -6.4028782652e-10
  80.0000000    5.0908624617e-02   -9.4986599592e-06
 120.0000000   -2.8586236631e-02   -6.6533641140e-05
 160.0000000    2.9359099693e-03   -3.7783788501e-05
 200.0000000    5.2518650160e-02    1.0432986948e-05
 240.0000000    3.7284428173e-02   -1.1116587613e-04
 280.0000000   -4.0752260880e-02   -1.1190576115e-04
 320.0000000    9.1535317616e-03   -1.1138915793e-04
 360.0000000    4.8735062381e-02   -3.9271881839e-05
 400.0000000   -1.1882436146e-02   -7.3582427171e-05
 440.0000000   -3.6598926637e-02   -3.3159299553e-04
 480.0000000    1.1376038591e-02    8.3103791245e-05
 520.0000000    5.0956214416e-02    4.9208549077e-05
 560.0000000   -3.5937234236e-03   -1.0119691315e-06
 600.0000000   -3.4164373258e-02   -6.1357576926e-04
 640.0000000    1.6991811153e-02    2.9000746607e-05
 680.0000000    5.7312113844e-02    5.1237858540e-05
 720.0000000   -1.5543924346e-02   -4.9765665495e-06
 760.0000000   -3.7257101230e-02   -5.5069387100e-04
 800.0000000    2.6564049489e-02    6.8019273375e-05
 840.0000000    6.5659570383e-02   -2.7017645207e-05
 880.0000000   -3.0663695976e-02    2.8694356121e-05
 920.0000000   -3.5850209417e-02   -4.9300081828e-04
 960.0000000    2.5064677447e-02    1.1157966752e-04
1000.0000000    5.8758738842e-02   -7.1597077087e-05
1040.0000000   -8.7694123890e-03    1.2277872928e-04
1080.0000000   -4.2250479026e-02   -2.9510079806e-04
1120.0000000    3.7304826477e-02    1.0584772453e-05
1160.0000000    5.1227049779e-02   -3.2219096009e-05
1200.0000000   -1.8286652321e-02    3.9888772645e-05
1240.0000000   -3.7160162957e-02   -1.3992881387e-04
1280.0000000    4.8043184125e-02   -2.3982841284e-05
1320.0000000    4.3462995078e-02    3.9633536879e-05
1360.0000000   -4.6480232992e-02    3.2045550355e-05
1400.0000000   -2.9733126847e-02   -1.5997434000e-04
1440.0000000    5.0623190428e-02    9.8579454666e-05
1480.0000000    4.7078624552e-02    9.8581117856e-07
1520.0000000   -5.0021817195e-02    1.2478776010e-05
1560.0000000   -3.0241239108e-02   -7.7686881602e-05
1600.0000000    4.8222501366e-02   -3.0553305655e-05
1640.0000000    2.5303250721e-02   -2.4248471864e-07
1680.0000000   -4.6401617947e-02    2.3091991984e-05
1720.0000000   -2.1372360363e-02   -1.1958114153e-04
1760.0000000    4.5979399991e-02    1.0651080844e-04
1800.0000000    2.2507739464e-02    1.5420960657e-05
1840.0000000   -3.9393722204e-02    3.1472930569e-04
1880.0000000   -1.6721740236e-02   -5.6687403258e-04
1920.0000000    4.7551345330e-02   -5.0798946970e-05
1960.0000000    3.1869185682e-02    1.4625009702e-05
2000.0000000   -4.0363758941e-02   -1.8352454987e-04
2040.0000000   -1.4816225209e-02   -8.6478849924e-05
2080.0000000    5.9825241330e-02    6.1809786701e-06
2120.0000000    1.2474109438e-02   -1.3612289646e-05
2160.0000000   -4.7589327442e-02    1.5663200872e-05
2200.0000000   -5.2221164097e-03   -1.3084122412e-04
2240.0000000    5.7641832286e-02   -4.5103766056e-06
2280.0000000    1.0326889654e-02    8.0080132360e-05
2320.0000000   -4.7314423926e-02    1.3235185486e-04
2360.0000000    2.0851117537e-05   -1.2821506938e-04
2400.0000000    5.3500446857e-02   -3.3411663841e-05
2440.0000000    1.5927319581e-02   -1.2103775836e-04
2480.0000000   -3.7677814794e-02   -1.2371574385e-04
2520.0000000    6.5268032346e-03   -9.2925620830e-05
2560.0000000    5.8131260801e-02   -6.9420975805e-05
2600.0000000    3.7415263843e-03    7.6252471493e-06
2640.0000000   -4.7867427993e-02   -4.7832649417e-04
2680.0000000    1.1134557332e-02    1.1277087412e-04
2720.0000000    5.2540413380e-02   -6.6046318681e-05
2760.0000000    5.4444390781e-03   -9.0763952349e-06
2800.0000000   -3.7953768262e-02   -7.8763882594e-04
2840.0000000    1.8465035292e-02   -7.2964253097e-05
2880.0000000    6.1978850387e-02    7.1684042545e-05
2920.0000000   -2.1347643020e-02    5.3015740048e-05
2960.0000000   -4.6353640625e-02   -6.1656443429e-04
3000.0000000    1.8372939668e-02    5.0862691577e-05
3040.0000000    6.4122051724e-02    1.2313984783e-04
3080.0000000   -5.9601514403e-03    1.4713281102e-04
3120.0000000   -4.4345147002e-02   -5.4318247991e-04
3160.0000000    2.8225343040e-02    1.0307027865e-04
3200.0000000    5.9798664126e-02    2.7495511927e-05
3240.0000000   -1.7884494432e-02    1.0326855307e-04
3280.0000000   -3.9849376143e-02   -2.5153763954e-04
3320.0000000    3.4516032467e-02    3.8120542739e-05
3360.0000000    6.5976448344e-02   -4.8632377963e-05
3400.0000000   -2.3356173724e-02    2.4640725838e-04
3440.0000000   -3.4554376031e-02   -1.7580371290e-04
3480.0000000    4.0167480559e-02   -4.5184146662e-05
3520.0000000    7.6029727926e-02   -3.5394963476e-06
3560.0000000   -1.4089804680e-02    6.3677090053e-05
3600.0000000   -3.9160885000e-02   -9.8889841872e-05
3640.0000000    5.3425764732e-02    5.9452823039e-05
3680.0000000    7.7997822010e-02   -1.6949754853e-06
3720.0000000   -2.6919314947e-02    2.5766904161e-06
3760.0000000   -3.6773654005e-02    1.3491855705e-04
3800.0000000    6.8268634008e-02    7.7289559908e-05
3840.0000000    6.7501191062e-02    3.5366522143e-05
3880.0000000   -4.1263305042e-02    1.4170524371e-04
3920.0000000   -3.2389757425e-02   -3.1088196900e-05
3960.0000000    6.8810015551e-02   -2.7739427468e-04
4000.0000000    6.3803194685e-02   -1.0170493226e-05
4040.0000000   -5.3712155111e-02   -2.1867849365e-04
4080.0000000   -2.8403554055e-02    8.6899572524e-06
4120.0000000    9.1130706049e-02   -4.4498839037e-05
4160.0000000    2.6941592293e-02    8.0426420064e-06
4200.0000000   -8.6542664612e-02   -1.7073752935e-04
4240.0000000   -1.8440730662e-02   -1.1822231404e-04
4280.0000000    7.4621599033e-02    8.0153715392e-05
4320.0000000    3.4109786541e-03   -1.1894145557e-05
4360.0000000   -8.0289735134e-02   -6.0978191397e-05
4400.0000000   -6.2698955054e-03   -3.4239240533e-05
4440.0000000    6.4026171176e-02   -5.9594360595e-07
4480.0000000   -2.1654710311e-02    5.5820964966e-05
4520.0000000   -6.5696941243e-02   -7.5513807937e-05
4560.0000000    1.1409520091e-03   -2.8583480435e-04
4600.0000000    6.2747055881e-02   -2.3229830935e-05
4640.0000000    2.0235915828e-03   -4.4779608390e-07
4680.0000000   -5.4198175651e-02   -2.6751267882e-04
4720.0000000    8.6822607753e-03    3.8513111542e-06
4760.0000000    7.7463550241e-02   -3.6485927156e-06
4800.0000000   -2.4654180154e-03    1.4724660046e-05
4840.0000000   -6.8243827977e-02   -5.4784041421e-04
4880.0000000    1.8061565897e-02    1.2354869591e-04
4920.0000000    6.5663122979e-02   -9.4315445335e-05
4960.0000000   -9.0714462311e-03   -2.0894880952e-04
5000.0000000   -6.2074410989e-02   -8.4461967964e-04
5040.0000000    2.9981206833e-02    7.0892479767e-05
5080.0000000    6.5270533986e-02   -9.9130028670e-05
5120.0000000   -3.2119915704e-02    3.1545235746e-05
5160.0000000   -6.9796145531e-02   -6.4485051896e-04
5200.0000000    2.9307285687e-02    7.9611885676e-05
5240.0000000    2.9206966120e-02    1.2159575023e-05
5280.0000000   -3.5327692357e-02    8.0715235422e-05
5320.0000000   -4.0877483381e-02   -3.8774875757e-04
5360.0000000    3.1773517447e-02    1.0846089936e-04
5400.0000000    7.1947877121e-02    6.8322509295e-05
5440.0000000   -1.7626197800e-02    2.7394763463e-05
5480.0000000   -5.1076351852e-02   -3.8266234713e-04
5520.0000000    4.5998911371e-02   -1.0480538073e-04
5560.0000000    5.4341261591e-02   -2.6448543698e-06
5600.0000000   -4.5081700194e-02    1.4214896356e-06
5640.0000000   -4.4339438137e-02   -1.1251344246e-04
5680.0000000    4.8972092707e-02   -2.7688513646e-04
5720.0000000    2.7260096828e-02    2.2608551725e-05
5760.0000000   -4.2800517589e-02    1.3295575003e-04
5800.0000000   -2.6537914304e-02   -9.0791950496e-05
5840.0000000    5.5049633739e-02   -1.5188484913e-04
5880.0000000    8.2877876618e-02    1.3373425318e-05
5920.0000000   -3.7431296778e-02    6.4806837429e-05
5960.0000000   -3.8733343589e-02    1.0091699787e-04
6000.0000000    7.2879237724e-02    4.3286398013e-05
6040.0000000    3.4670890239e-02    2.4933504472e-05
6080.0000000   -6.1225481618e-02    4.3721989383e-05
6120.0000000   -2.6055468518e-02   -7.1158733115e-05
6160.0000000    5.1882886251e-02   -9.0057456182e-05
6200.0000000    3.0506626663e-02   -1.9993421706e-05
6240.0000000   -5.2976317707e-02   -7.3139654494e-05
6280.0000000   -1.9485486658e-02   -2.7605715368e-04
6320.0000000    7.2627456674e-02   -1.7927125481e-04
6360.0000000    3.1069719105e-02    1.2553186765e-06
6400.0000000   -5.2303609238e-02    1.4806117892e-04
6440.0000000   -1.2186422131e-02   -1.1046901997e-04
6480.0000000    6.5113917810e-02   -2.8893521172e-05
6520.0000000    2.4122216640e-02   -5.6845044818e-05
6560.0000000   -3.7593377120e-02    5.1631931017e-05
6600.0000000   -5.7521488630e-03    9.0501773926e-06
6640.0000000    9.5118037738e-02   -6.1174714842e-06
6680.0000000    1.2386515007e-02   -5.6139456928e-05
6720.0000000   -7.6786503787e-02   -2.3873955063e-04
6760.0000000    3.3783875203e-03   -3.4169461166e-04
6800.0000000    7.1785174115e-02   -1.4790833846e-05
6840.0000000    1.9892816738e-02    5.1343497265e-05
6880.0000000   -7.1338891820e-02   -4.0865500204e-04
6920.0000000    1.4988497862e-02    2.2403520024e-05
6960.0000000    7.3818748501e-02    3.6186033764e-05
7000.0000000   -3.9771631444e-02    2.3926925941e-04
7040.0000000   -7.0104410337e-02   -5.1764774733e-04
7080.0000000    2.0601718905e-02   -8.3981587591e-04
7120.0000000    7.8151750802e-02    1.0772092783e-04
7160.0000000   -2.0051465990e-02    4.7028573448e-05
7200.0000000   -7.7458547413e-02   -7.8902838417e-04
7240.0000000    3.6670484331e-02    9.8064083894e-05
7280.0000000    7.8009048675e-02   -9.9631344987e-05
7320.0000000   -4.8074130721e-02    1.1929271010e-06
7360.0000000   -7.7832978307e-02   -5.3565013535e-04
7400.0000000    3.9966845870e-02    2.5855206967e-05
7440.0000000    5.6724053014e-02   -5.8303102486e-05
7480.0000000   -7.5827226341e-02    7.9064901474e-05
7520.0000000   -6.5833248775e-02   -4.4574318666e-04
7560.0000000    3.8949733258e-02    5.4697991818e-05
7600.0000000    3.4078580135e-02    3.2573540030e-06
7640.0000000   -5.9573635167e-02    1.7854992286e-04
7680.0000000   -5.3268366607e-02    4.2345167839e-05
7720.0000000    4.7107844918e-02    1.4966611367e-04
7760.0000000    1.3706785337e-02    1.2167896246e-06
7800.0000000   -8.5694929540e-02    1.1209813110e-04
7840.0000000   -4.0670480092e-02   -2.4804469758e-04
7880.0000000    3.8926971480e-02    6.6904187321e-05
7920.0000000    2.4878858468e-02    2.3830739265e-05
7960.0000000   -8.1413113209e-02   -2.5543535383e-05
8000.0000000   -3.1837311819e-02    4.4147581720e-06
8040.0000000    2.6776568276e-02   -1.9567836770e-05
8080.0000000    9.6490657208e-03   -2.1273947583e-05
8120.0000000   -4.6586829892e-02    2.3694898585e-04
8160.0000000   -2.2507550121e-02   -1.7885012482e-04
8200.0000000    3.9899124963e-02    1.0730966487e-05
8240.0000000    2.9377580332e-03    4.6125712825e-06
8280.0000000   -3.6297584868e-02    5.1583585835e-05
8320.0000000   -1.4832478377e-02   -1.1820055253e-04
8360.0000000    5.0128566841e-02    2.2428416903e-05
8400.0000000    2.7152569288e-02   -6.1585581299e-05
8440.0000000   -5.0753182496e-02   -1.7807375429e-04
8480.0000000   -1.2686938302e-02   -1.9056837181e-04
8520.0000000    5.3081416691e-02   -2.0049311396e-05
8560.0000000    3.8244758272e-02    3.7588181296e-06
8600.0000000   -3.9195085772e-02    8.9920876253e-05
8640.0000000   -1.0654420035e-02    3.1397363208e-04
8680.0000000    6.3506066690e-02   -1.9905514965e-05
8720.0000000    1.0040158740e-02   -8.0376950091e-06
8760.0000000   -4.7798955329e-02   -4.4011522780e-05
8800.0000000   -3.9902631374e-03   -1.9042324379e-04
8840.0000000    6.6128382681e-02    1.7430416890e-05
8880.0000000    6.4548369078e-03   -9.1984046830e-05
8920.0000000   -4.6161049923e-02   -7.4078180839e-05
8960.0000000    3.2135159341e-03    1.0290843461e-05
9000.0000000    5.3017455959e-02   -1.8643428771e-05
9040.0000000   -7.9680980043e-03   -1.5884713283e-05
9080.0000000   -3.6431355423e-02   -6.2148773963e-04
9120.0000000    9.5889222113e-03    1.3418958966e-04
9160.0000000    6.7535097215e-02   -1.6594059239e-06
9200.0000000   -1.9377403601e-02    5.2448060641e-05
9240.0000000   -3.0950752696e-02   -7.1275739628e-04
9280.0000000    1.3029093527e-02    6.4583827292e-06
9320.0000000    8.9922804247e-02    9.0268563407e-05
9360.0000000    3.2904340267e-03   -2.9133474443e-05
9400.0000000   -6.5985668847e-02   -7.2244664591e-04
9440.0000000    2.3576484747e-02    2.6303533144e-04
9480.0000000    7.8587765728e-02    1.0449936485e-04
9520.0000000   -1.4582173342e-02    1.1486805298e-04
9560.0000000   -7.1357348766e-02   -5.6028021342e-04
9600.0000000    3.2997039394e-02    2.0143529950e-04
9640.0000000    6.1276323178e-02   -2.0681517571e-05
9680.0000000   -4.2304989182e-02    1.0876811161e-04
9720.0000000   -6.2816748992e-02   -3.3301920983e-04
9760.0000000    3.1299408955e-02    5.1837575949e-05
9800.0000000    3.8767239593e-02   -5.9502049639e-05
9840.0000000   -2.8331055968e-02   -2.9618917747e-05
9880.0000000   -4.7949825836e-02   -4.8262871159e-05
9920.0000000    4.4578638959e-02   -6.8749869247e-05
9960.0000000    4.8176411779e-02   -9.0134113359e-06
10000.0000000   -5.1332812923e-02    9.4792531301e-06
10040.0000000   -4.8572998499e-02   -7.6287085784e-05
10080.0000000    3.7938243496e-02    5.9293679020e-05
10120.0000000    5.3088667244e-02    1.3878400039e-05
10160.0000000   -5.1887593153e-02   -1.6672551564e-05
10200.0000000   -4.0276542632e-02   -3.7027874688e-05
10240.0000000    4.9693899043e-02    4.2159763563e-05
10280.0000000    3.4451245577e-02    8.5237707308e-06
10320.0000000   -5.6209719339e-02    5.1523245978e-05
10360.0000000   -3.1649808932e-02   -2.0503263528e-04
10400.0000000    5.1099055766e-02    2.4433847332e-05
10440.0000000    2.8374457475e-02   -1.8563041667e-05
10480.0000000   -7.4278344392e-02   -2.7038205522e-04
10520.0000000   -2.1905668162e-02    9.4049491551e-05
10560.0000000    6.2101258363e-02   -1.4975326486e-04
10600.0000000    6.5999890536e-03    4.4494933289e-06
10640.0000000   -8.0063281362e-02   -1.2321416995e-04
10680.0000000   -1.7492237524e-02    2.1854194997e-04
10720.0000000    5.9136387367e-02    1.6193738385e-04
10760.0000000   -8.1887177142e-03    2.7941738770e-05
10800.0000000   -7.9024651468e-02   -1.4835548203e-04
10840.0000000   -8.0993870950e-03   -4.7604054881e-05
10880.0000000    4.3733779578e-02    6.8319058587e-05
10920.0000000   -3.4845018348e-02   -1.1137035740e-05
10960.0000000   -6.7063399180e-02    1.3729894333e-04
11000.0000000   -2.0855816717e-03   -2.1509415088e-04
11040.0000000    2.0033454611e-02   -2.5431401971e-05
11080.0000000    8.3246237591e-03    1.0135547399e-05
11120.0000000   -5.8040078349e-03    1.2114745182e-04
11160.0000000    2.2233938147e-04   -1.7597228606e-04
11200.0000000    6.0396808915e-02   -7.6946455884e-05
11240.0000000    1.8872863362e-02   -1.9414372383e-05
11280.0000000   -5.0767608446e-02   -5.8712274905e-04
11320.0000000    5.6299522388e-03   -1.2512348838e-04
11360.0000000    4.2043011196e-02   -9.0394094320e-05
11400.0000000   -9.9668470226e-03   -1.5356127002e-04
11440.0000000   -3.2934867928e-02   -6.7404302432e-04
11480.0000000    6.6253782754e-03   -6.2005970485e-05
11520.0000000    4.9224709748e-02   -7.7380963196e-05
11560.0000000    3.1421279306e-02    7.9969780800e-07
11600.0000000   -1.6976910481e-02   -5.1582246962e-04
11640.0000000    1.3409959427e-02   -5.3512337280e-06
11680.0000000    7.7215360301e-02    1.0032118356e-04
11720.0000000    3.2116231733e-02    5.2730880711e-05
11760.0000000   -3.7251344544e-02   -2.8194567694e-04
11800.0000000    2.2965839650e-02    1.3887681754e-04
11840.0000000    7.5059759081e-02    7.5903763610e-05
11880.0000000    3.4438264024e-02   -3.0395474823e-05
11920.0000000   -3.9092989200e-02   -1.9508732165e-04
11960.0000000    3.2717270318e-02   -1.1024852946e-04
12000.0000000    1.0031701082e-01   -9.0576775942e-06
12040.0000000    1.5688938490e-02    1.2632112476e-04
12080.0000000   -4.4657979076e-02   -1.7163126832e-04
12120.0000000    5.2228490356e-02   -1.7370323109e-04
12160.0000000    8.7020465150e-02   -6.7976827904e-06
12200.0000000   -1.7168130259e-02   -3.5269069712e-05
12240.0000000   -5.0497863756e-02    1.4066728098e-04
12280.0000000    5.3729298175e-02   -2.3166178840e-04
12320.0000000    6.3814930269e-02    1.3608447929e-05
12360.0000000   -8.4514117420e-03    1.8388386149e-04
12400.0000000   -4.2708324597e-02   -1.7532329230e-04
12440.0000000    7.5444108847e-02    2.7041217347e-04
12480.0000000    7.9447269346e-02    2.7674541007e-05
12520.0000000   -4.7207741178e-02    7.9981056474e-05
12560.0000000   -4.8734430261e-02    2.1151246083e-05
12600.0000000    6.4276474244e-02   -2.5022311581e-05
12640.0000000    3.9291125916e-02   -1.5185179912e-05
12680.0000000   -6.0867401758e-02   -2.6267595935e-04
12720.0000000   -3.5819516410e-02    4.8811247962e-05
12760.0000000    7.0922399747e-02   -3.0194529907e-04
12800.0000000    4.3464010542e-02    1.8540768706e-05
12840.0000000   -7.2447570621e-02   -2.2401250089e-04
12880.0000000   -2.2619014215e-02   -1.9314370787e-04
12920.0000000    6.3971273106e-02   -1.5256501224e-05
12960.0000000    4.9563168497e-02   -4.3401754766e-05
13000.0000000   -4.4612881772e-02    3.6462780528e-05
13040.0000000   -2.0665502703e-02    7.7287577283e-06
13080.0000000    8.6239545185e-02    2.2297166300e-05
13120.0000000    2.9701130148e-02   -3.8383648279e-05
13160.0000000   -7.4686641439e-02   -1.0129507851e-04
13200.0000000   -9.3754979454e-03   -3.6609413601e-04
13240.0000000    7.1267930113e-02   -7.9236547608e-05
13280.0000000    1.2834852660e-02    1.0478928234e-04
13320.0000000   -8.0825434271e-02   -5.3020336187e-04
13360.0000000   -1.2669735217e-03    6.0817844242e-05
13400.0000000    7.6178841600e-02    7.9062001442e-05
13440.0000000   -8.1775073329e-03    4.8102744701e-05
13480.0000000   -8.9359291855e-02   -7.4944897656e-04
13520.0000000    7.9521500581e-03    1.4867742628e-04
13560.0000000    4.4214048779e-02   -2.3852618884e-05
13600.0000000   -3.1033836095e-02   -1.5321523859e-05
13640.0000000   -5.0230373576e-02   -9.0648771041e-04
13680.0000000    1.3411602272e-02   -9.3199605041e-05
13720.0000000    8.1682239688e-02   -1.7283788409e-04
13760.0000000   -1.9222499528e-03   -9.2262342690e-05
13800.0000000   -6.7260354212e-02   -6.1502000483e-04
13840.0000000    1.7670912749e-02    3.8486041877e-05
13880.0000000    6.5413206763e-02   -7.0833882941e-05
13920.0000000    7.9045534981e-03    6.1226251737e-05
13960.0000000   -5.3678444436e-02   -7.9334776382e-04
14000.0000000    3.3978461819e-02    7.1318198061e-05
14040.0000000    7.6685804408e-02   -5.3213716961e-06
14080.0000000   -2.6683051636e-02    1.8426651186e-05
14120.0000000   -5.8590578841e-02   -2.8744416586e-04
14160.0000000    3.4616340394e-02    1.1454710434e-05
14200.0000000    7.2014896937e-02    3.5178164644e-05
14240.0000000   -2.4246755619e-02    1.7942317625e-04
14280.0000000   -5.9400846314e-02   -4.0219077338e-04
14320.0000000    4.0845986939e-02    2.2677917408e-05
14360.0000000    4.0440936841e-02    3.7464728920e-06
14400.0000000   -2.2756884315e-02    3.1014121308e-05
14440.0000000   -3.5651074033e-02    3.9079482296e-05
14480.0000000    4.6521944193e-02   -1.2693738372e-04
14520.0000000    7.0543378517e-02   -2.3359760921e-05
14560.0000000   -2.5699456267e-02    2.7191760220e-04
14600.0000000   -3.3514413124e-02   -1.0836555520e-04
14640.0000000    4.5399043217e-02    5.3745710256e-05
14680.0000000    9.4107671332e-02   -1.4547245258e-05
14720.0000000    1.0970118506e-02   -5.0754618675e-05
14760.0000000   -4.1413352213e-02   -1.6679996311e-04
14800.0000000    7.4380593681e-02   -1.4363216840e-04
14840.0000000    7.2837814966e-02   -4.5864965057e-05
14880.0000000   -2.4489189406e-02   -5.7577140957e-05
14920.0000000   -3.4401421876e-02   -1.2460683158e-04
14960.0000000    8.6794983282e-02   -2.3224847921e-04
15000.0000000    1.0254305279e-01    2.0428227154e-05
15040.0000000   -2.4272275080e-02   -1.9778321226e-04
15080.0000000   -3.0835348532e-02   -1.4897203671e-04
15120.0000000    1.1136982913e-01    4.2697919773e-05
15160.0000000    1.0611355462e-01   -6.6250823990e-05
15200.0000000   -5.4691873647e-02    4.4173187779e-05
15240.0000000   -2.9775400498e-02   -3.0896654859e-05
15280.0000000    1.3399538669e-01    3.9225357242e-06
15320.0000000    6.8543862764e-02   -1.0895349317e-04
15360.0000000   -9.1190171975e-02   -1.9446736584e-04
15400.0000000   -1.4524603011e-02   -1.9074283636e-04
15440.0000000    1.0677919758e-01   -7.9809845207e-05
15480.0000000    3.1332405174e-02    6.2599912702e-05
15520.0000000   -8.8152299754e-02   -4.2651214945e-04
15560.0000000    1.5869639515e-03    2.7368106901e-04
15600.0000000    1.1186580579e-01   -3.1511464353e-05
15640.0000000   -1.0190607452e-02    3.6499702810e-04
15680.0000000   -8.2138520338e-02   -7.6650490621e-04
15720.0000000    1.5701179352e-02   -2.4015273650e-04
15760.0000000    1.2590674383e-01    1.0820331612e-04
15800.0000000   -3.1784966595e-02    2.0074064854e-04
15840.0000000   -1.1960612662e-01   -1.1245276032e-03
15880.0000000    2.8425500017e-02    2.3378242137e-04
15920.0000000    9.7085994819e-02    9.6231570979e-05
15960.0000000   -2.0567076111e-02    9.1774078235e-05
16000.0000000   -1.2321647659e-01   -6.3239170939e-04
16040.0000000    4.6529783717e-02    1.3406276533e-04
16080.0000000    4.8733711317e-02   -4.8782164127e-05
16120.0000000   -8.4752129103e-02   -4.4488229821e-05
16160.0000000   -8.5501207194e-02   -5.1426883829e-04
16200.0000000    4.0779856028e-02    8.9158357209e-05
16240.0000000    4.0867880602e-02   -4.9007312726e-05
16280.0000000   -7.9932197812e-02   -1.4242429130e-04
16320.0000000   -6.1795763974e-02   -2.3323951458e-05
16360.0000000    4.0534841906e-02    5.3428610362e-05
16400.0000000    6.5036538879e-02   -5.6173324640e-06
16440.0000000   -2.2166555656e-02   -1.2803094355e-05
16480.0000000   -7.3431330645e-02   -1.9819606898e-04
16520.0000000    6.7852426130e-02    2.2475154879e-04
16560.0000000    4.2157066185e-02   -5.5419569989e-06
16600.0000000   -8.9112440269e-02    1.1771294661e-04
16640.0000000   -5.3446719447e-02   -8.0790701718e-05
16680.0000000    6.1426626261e-02   -1.9466613066e-06
16720.0000000    2.7648913325e-02   -2.2199895062e-05
16760.0000000   -8.3954102490e-02    1.0445116606e-04
16800.0000000   -3.8832133919e-02   -2.3365801522e-06
16840.0000000    4.6674257720e-02    8.6166112262e-05
16880.0000000    4.0325231669e-02   -1.3781556594e-05
16920.0000000   -3.9201301912e-02   -3.1450488683e-04
16960.0000000   -3.3473707307e-02   -5.2825667148e-05
17000.0000000    9.4428057505e-02   -6.3248529780e-05
17040.0000000    3.5539472189e-02   -1.8674086444e-05
17080.0000000   -1.0383094722e-01   -3.7645543651e-04
17120.0000000   -2.7770893007e-02   -1.0216609846e-04
17160.0000000    5.8845089204e-02    5.6613285270e-05
17200.0000000    2.0163272780e-02   -2.6707215285e-05
17240.0000000   -6.1754094226e-02   -1.2478805233e-04
17280.0000000   -1.6787180522e-02   -1.6983855055e-04
17320.0000000    7.1857751713e-02    5.3359700388e-06
17360.0000000    2.4088645837e-02    1.7511188503e-05
17400.0000000   -6.4744506131e-02    2.0483161167e-04
17440.0000000   -9.7258203068e-03   -8.4124190746e-05
17480.0000000    6.9186492964e-02   -5.9534988038e-05
17520.0000000    1.3716266571e-02   -8.0302566934e-05
17560.0000000   -5.4108434387e-02   -2.4581298030e-04
17600.0000000   -1.5545253648e-03   -2.7149181917e-04
17640.0000000    8.1777635583e-02   -9.2702102768e-05
17680.0000000    5.9256107260e-02    9.7394396129e-05
17720.0000000   -4.8759345748e-02   -5.6055144572e-04
17760.0000000    7.2921356856e-03    7.2022131726e-05
17800.0000000    1.2843654751e-01   -2.1495715152e-04
17840.0000000    3.1848778982e-02   -1.6937782278e-04
17880.0000000   -9.6954414284e-02   -9.7007061270e-04
17920.0000000    2.1406696575e-02   -4.2007181041e-05
17960.0000000    8.9036720847e-02   -8.9499019882e-05
18000.0000000   -7.9777934854e-03   -6.3975267877e-05
18040.0000000   -8.8197593059e-02   -8.3534804417e-04
18080.0000000    2.7755247020e-02    2.9507080304e-04
18120.0000000    7.1977443965e-02    1.1728134878e-04
18160.0000000    4.4145793600e-03    1.0011963603e-04
18200.0000000   -7.1395256373e-02   -5.6971166067e-04
18240.0000000    4.4671710754e-02    3.9358724352e-05
18280.0000000    9.9160519757e-02    1.4162155586e-04
18320.0000000   -3.0414322236e-02    5.0263711231e-04
18360.0000000   -7.5165829390e-02   -4.4158941228e-04
18400.0000000    5.5668138568e-02    4.9228524541e-05
18440.0000000    1.0193408169e-01   -3.9383648094e-05
18480.0000000   -4.2724942311e-02    1.7087023564e-05
18520.0000000   -6.0403228299e-02   -1.2420740759e-04
18560.0000000    8.0343427375e-02   -9.2024780293e-05
18600.0000000    1.2228957666e-01   -3.8727866416e-06
18640.0000000   -7.8377518309e-02   -1.3793807758e-04
18680.0000000   -8.0745193686e-02   -7.6491569870e-04
18720.0000000    9.1423698455e-02   -1.1173287715e-04
18760.0000000    7.2785765208e-02    2.4512313011e-05
18800.0000000   -1.2323705822e-01    7.7570322006e-05
18840.0000000   -6.2367855771e-02   -1.6937102626e-04
18880.0000000    8.9629830195e-02    1.9109985826e-04
18920.0000000    2.3807262807e-02    3.3028066822e-05
18960.0000000   -1.0891248834e-01    6.1358918273e-05
19000.0000000   -4.9066695030e-02   -1.9907586593e-04
19040.0000000    7.9714480358e-02   -2.6429672253e-05
19080.0000000   -2.2886588959e-02   -1.0655975480e-05
19120.0000000   -1.2136770070e-01   -1.8381061861e-04
19160.0000000   -2.6888201107e-02   -2.0814680146e-04
19200.0000000    7.8131706304e-02   -2.9092203553e-04
19240.0000000   -5.8694915231e-03    4.2258859036e-05
19280.0000000   -1.2255459070e-01   -8.2901141876e-05
19320.0000000   -1.8726220193e-02   -1.3271458433e-04
19360.0000000    4.1931154357e-02    4.8276011696e-05
19400.0000000   -4.0890362877e-02   -1.0342022159e-05
19440.0000000   -7.7911992335e-02    2.8461037569e-05
19480.0000000   -6.8364372893e-03   -2.6777638417e-04
19520.0000000    5.1763501496e-02    3.0395133295e-05
19560.0000000   -2.0287781901e-02    3.3545375582e-05
19600.0000000   -7.3971112819e-02   -3.3279687513e-04
19640.0000000   -1.7736682955e-04   -6.4313463588e-04
19680.0000000    3.1712197865e-02    3.0594484587e-06
19720.0000000   -3.7301427469e-02    1.1768741793e-04
19760.0000000   -4.4265172762e-02   -3.1213230825e-04
19800.0000000    4.8137831272e-03    2.9692584812e-05
19840.0000000    6.6716252796e-02    3.3400612426e-05
19880.0000000   -9.5156610310e-03    5.0276730027e-05
19920.0000000   -6.6819271395e-02   -9.5603892369e-04
19960.0000000    1.4639368065e-02    1.5076515070e-05
20000.0000000    4.6909041350e-02   -8.1892047590e-05
20040.0000000   -2.0665056647e-02    8.0248169911e-05
20080.0000000   -5.8793965031e-02   -9.2227201455e-04
20120.0000000    1.9236686217e-02   -1.1132106703e-04
20160.0000000    5.6057664191e-02   -1.3648330812e-04
20200.0000000    2.9014269186e-03   -1.2035871038e-04
20240.0000000   -5.4546916183e-02   -5.1804119407e-04
20280.0000000    2.0657633936e-02    2.2680246221e-05
20320.0000000    7.6576200854e-02   -7.7538540567e-05
20360.0000000    8.6084242278e-03    2.0508245116e-04
20400.0000000   -4.7926169639e-02   -5.4234329710e-04
20440.0000000    3.4047231160e-02    1.0809544534e-04
20480.0000000    1.1079693135e-01    8.5348314550e-05
20520.0000000    5.7170194585e-03   -1.3357827207e-04
20560.0000000   -7.2601146355e-02   -5.9008763185e-05
20600.0000000    5.1365711191e-02   -1.3234682482e-05
20640.0000000    7.4811364081e-02    3.7386809734e-05
20680.0000000   -6.4628340216e-02   -4.8603875116e-06
20720.0000000   -5.6746742790e-02   -3.7755427524e-04
20760.0000000    3.9262514316e-02   -1.0128226317e-04
20800.0000000    6.8901550145e-02   -4.7416951483e-07
20840.0000000   -3.2342068327e-02   -8.3725591487e-05
20880.0000000   -4.7349951582e-02   -6.2233119485e-05
20920.0000000    5.0052238585e-02   -1.6786207066e-04
20960.0000000    7.1911531991e-02    1.3514380671e-07
21000.0000000   -2.1832999863e-02    2.7530362496e-04
21040.0000000   -3.6848505741e-02   -8.3080984291e-05
21080.0000000    7.6914773965e-02    4.4973586221e-05
21120.0000000    9.8260403312e-02   -1.1180115812e-05
21160.0000000   -4.6956058008e-02   -9.0322059756e-05
21200.0000000   -4.2872699832e-02   -1.4368063359e-04
21240.0000000    7.9515258188e-02   -1.8802427383e-04
21280.0000000    6.9436032719e-02   -4.0932485521e-05
21320.0000000   -6.1790372756e-02   -2.6295693854e-04
21360.0000000   -3.7751004766e-02    1.8589568178e-04
21400.0000000    9.2394614921e-02   -2.7826254044e-04
21440.0000000    6.0165367816e-03   -1.1441158223e-05
21480.0000000   -5.7943078681e-02   -8.9089157969e-06
21520.0000000   -2.0679404825e-02   -6.9865380009e-06
21560.0000000    9.4294285448e-02    3.4757140353e-05
21600.0000000    5.5697220714e-02   -1.3813345728e-04
21640.0000000   -7.7125264230e-02   -1.4879564602e-05
21680.0000000   -1.6872536739e-02   -1.5578256384e-04
21720.0000000    1.0068598543e-01    7.9627841666e-08
21760.0000000    3.3093580837e-02   -2.4198019930e-04
21800.0000000   -8.0362897816e-02   -4.2099637372e-05
21840.0000000   -4.1398741322e-03   -2.9335516451e-04
21880.0000000    1.0411382946e-01   -1.4670473370e-05
21920.0000000   -6.8200479985e-02   -1.0757270945e-04
21960.0000000   -1.0580554455e-01   -6.1228972234e-04
22000.0000000    7.0392187072e-03    1.0578973217e-04
22040.0000000    6.0181967145e-02    3.1127841981e-05
22080.0000000   -3.6397051560e-02    9.1777362711e-05
22120.0000000   -6.4575705759e-02   -9.7628354388e-04
22160.0000000    1.4491956133e-02   -4.1538065449e-04
22200.0000000    8.0167836063e-02    9.5535949069e-05
22240.0000000   -4.1089678694e-02    1.4834822370e-04
22280.0000000   -6.7223261679e-02   -9.4073561903e-04
22320.0000000    2.8344963911e-02    2.3732402119e-04
22360.0000000    8.9470402843e-02   -7.4666436619e-05
22400.0000000   -5.3637401252e-02    1.6938207494e-04
22440.0000000   -9.4915269801e-02   -5.6423721548e-04
22480.0000000    3.0743559638e-02    5.1847086867e-05
22520.0000000    3.7919108251e-02   -5.9535550258e-05
22560.0000000   -4.7862579102e-02   -1.4759315547e-04
22600.0000000   -6.9140334915e-02   -4.2724911103e-04
22640.0000000    3.7342017933e-02   -7.6984903994e-05
22680.0000000    2.3058960414e-02   -3.6462097286e-05
22720.0000000   -5.5007413532e-02   -1.2820524809e-04
22760.0000000   -5.1942356741e-02   -6.0410770203e-05
22800.0000000    2.9211972873e-02   -6.6365056486e-05
22840.0000000    2.0388618356e-02   -3.5688683486e-06
22880.0000000   -3.5058658793e-02   -2.1597516244e-06
22920.0000000   -4.0994386349e-02   -2.4087712202e-04
22960.0000000    2.2533223258e-02    2.2207876719e-04
23000.0000000    5.7729522991e-02    4.4086821108e-06
23040.0000000    2.4274681119e-02    1.9859260848e-04
23080.0000000   -3.0868737362e-02    7.9480583358e-05
23120.0000000    7.8615892259e-02    1.4507171284e-03
23160.0000000    8.3393111891e-02    8.4442839277e-05
23200.0000000   -2.5459245227e-02   -1.4333357666e-04
23240.0000000   -4.5320266251e-02    3.0833377232e-04
23280.0000000    5.0333844622e-02    4.4355271972e-04
23320.0000000    6.9841185238e-02   -6.7724259195e-05
23360.0000000   -7.6808897751e-03   -2.7420718985e-05
23400.0000000   -3.4805301517e-02   -1.4418455316e-04
23440.0000000    7.5678358697e-02   -1.8114847161e-04
23480.0000000    9.6182340594e-02   -5.7460612116e-05
23520.0000000   -3.6972811172e-02   -3.2576747897e-05
23560.0000000   -3.6728759557e-02   -1.1263814644e-04
23600.0000000    1.0960315885e-01    1.6556862360e-04
23640.0000000    6.4862330414e-02   -4.5233078462e-05
23680.0000000   -9.3889641516e-02   -6.5307207927e-05
23720.0000000   -2.0206627746e-02   -2.2725832171e-04
23760.0000000    7.5578120101e-02    6.0755522390e-05
23800.0000000    1.0707879751e-01    3.8397645210e-05
23840.0000000   -4.9651895254e-02   -6.1293935192e-05
23880.0000000   -2.2995242729e-02   -1.3452485656e-04
23920.0000000    1.0478886332e-01   -4.6155151484e-05
23960.0000000    4.6631142141e-02   -1.8503814887e-04
24000.0000000   -5.9378403401e-02   -2.0480775977e-04
24040.0000000   -8.9483783978e-03   -9.5642414162e-05
24080.0000000    1.2960235105e-01   -1.6619530067e-04
24120.0000000    1.7639147227e-02   -6.0943498237e-05
24160.0000000   -9.5238325508e-02   -4.9170422326e-04
24200.0000000    3.8375260413e-03   -1.2333117165e-04
24240.0000000    1.0470721312e-01   -1.5459510050e-04
24280.0000000    3.8611597313e-02   -3.3869542021e-05
24320.0000000   -7.8551610891e-02   -9.1330955111e-04
24360.0000000    1.9149205757e-02    2.4057813652e-04
24400.0000000    1.2741048749e-01    1.3650902165e-05
24440.0000000   -3.1329705477e-02    1.4242891470e-04
24480.0000000   -9.5826373043e-02   -1.0681299915e-03
24520.0000000    2.9195406831e-02    2.1063931137e-04
24560.0000000    1.1131359296e-01    2.0295834143e-04
24600.0000000   -3.0219063421e-02    2.3648269954e-04
24640.0000000   -9.2510590139e-02   -5.4542943327e-04
24680.0000000    4.2836170753e-02    2.4969333109e-04
24720.0000000    7.6874939009e-02    4.6995011035e-05
24760.0000000   -3.2514145913e-02    1.6818346244e-04
24800.0000000   -8.3798769370e-02   -4.5392753398e-04
24840.0000000    4.8002818839e-02    4.4171865337e-04
24880.0000000    9.2527867843e-02   -5.4536864128e-05
24920.0000000   -5.5969493954e-02   -5.3668718830e-05
24960.0000000   -6.7990148645e-02   -1.5597832454e-04
25000.0000000    5.9189439448e-02   -6.0516521537e-05
25040.0000000    1.1118366083e-01   -6.2227176888e-05
25080.0000000   -3.6906664045e-02    1.5405987877e-05
25120.0000000   -8.8252832648e-02   -1.6323918948e-04
25160.0000000    8.5996259665e-02    5.5829623394e-06
25200.0000000    6.9670114272e-02    1.4284878152e-05
25240.0000000   -1.0423015364e-01    4.2737824536e-05
25280.0000000   -6.2560817805e-02   -1.1346236949e-04
25320.0000000    8.2744979873e-02    1.2176571921e-04
25360.0000000    4.6506234363e-02    6.9500832482e-05
25400.0000000   -1.0306728766e-01    1.2078723040e-04
25440.0000000   -5.3016639822e-02    7.2041758866e-05
25480.0000000    6.2102640020e-02    9.9582944815e-05
25520.0000000   -2.9246579612e-03   -2.8134275773e-05
25560.0000000   -6.7008780121e-02   -3.8448199604e-04
25600.0000000   -2.8019013454e-02   -6.4810936903e-04
25640.0000000    7.7683051321e-02   -3.7018779273e-04
25680.0000000    6.5857641778e-02    2.0740915250e-05
25720.0000000   -6.9350183767e-02   -1.4941899958e-04
25760.0000000   -3.1704505706e-02   -2.7541277997e-04
25800.0000000    9.3212298787e-02    1.1927470645e-04
25840.0000000    2.5048478732e-02   -1.7436126685e-05
25880.0000000   -8.4133763280e-02    1.6756731246e-04
25920.0000000   -1.6871153483e-02   -2.9403915961e-04
25960.0000000    7.6748477352e-02    2.1253114799e-05
26000.0000000   -9.3018812728e-03    1.4886698374e-04
26040.0000000   -4.5715180246e-02   -3.8064340955e-04
26080.0000000   -7.2178680393e-03   -2.4813871330e-04
26120.0000000    9.1494873724e-02    2.0253060464e-05
26160.0000000   -3.4344325587e-03    2.2888351595e-04
26200.0000000   -5.2262931058e-02   -6.0829638916e-04
26240.0000000    2.9589601736e-04   -2.6831361831e-04
26280.0000000    1.1367402805e-01    4.2610147146e-05
26320.0000000    7.1059349666e-02    3.2186575060e-04
26360.0000000   -7.3693621846e-02   -9.2869909015e-04
26400.0000000    1.5906644639e-02    2.6215653829e-04
26440.0000000    1.2204904608e-01   -1.3071363681e-04
26480.0000000   -2.5042488721e-03   -2.0222647983e-04
26520.0000000   -8.7943051296e-02   -1.1584237613e-03
26560.0000000    2.6963034342e-02   -3.2439336599e-04
26600.0000000    1.0618382536e-01   -2.5468225651e-04
26640.0000000    2.3802285580e-02   -1.4317068308e-04
26680.0000000   -1.0698721100e-01   -1.2133292762e-03
26720.0000000    3.6765249450e-02    4.3317448647e-04
26760.0000000    1.1578335674e-01    1.2774691015e-06
26800.0000000   -6.6719256036e-03    2.1575951693e-04
26840.0000000   -6.8648590606e-02   -6.2368520205e-04
26880.0000000    5.4764474539e-02   -1.9424884359e-06
26920.0000000    1.7086725731e-01    1.5287231705e-04
26960.0000000    4.9814351110e-05    8.3058733594e-05
27000.0000000   -1.0383827638e-01   -2.5020506558e-04
27040.0000000    8.1883582863e-02   -6.1410031830e-06
27080.0000000    1.5225253859e-01    5.6875024303e-05
27120.0000000   -7.7761620176e-02    5.5420305742e-05
27160.0000000   -1.1089485039e-01   -3.9403350998e-04
27200.0000000    8.8662417998e-02   -1.3755121341e-04
27240.0000000    6.6103850019e-02    1.1561739638e-05
27280.0000000   -9.6197113947e-02    1.4103493000e-04
27320.0000000   -8.3906462557e-02   -3.9652078816e-04
27360.0000000    8.2644803026e-02   -4.0119453956e-04
27400.0000000    3.3886599393e-02    3.8974017847e-06
27440.0000000   -7.6906850786e-02   -2.0169485884e-04
27480.0000000   -6.1606601860e-02    7.3877586482e-05
27520.0000000    9.4980750162e-02    7.3719640765e-05
27560.0000000    5.0149604729e-02    1.4203815372e-05
27600.0000000   -6.9410053120e-02    8.8251371255e-06
27640.0000000   -4.9964851640e-02    3.1141574305e-04
27680.0000000    1.1621347968e-01   -2.3895806968e-04
27720.0000000    1.7655459109e-02   -6.8097341660e-05
27760.0000000   -1.2708737535e-01   -2.7977835650e-04
27800.0000000   -3.1592818188e-02    2.8613614728e-05
27840.0000000    9.4412796962e-02   -3.2162177932e-04
27880.0000000    2.4810361450e-02   -2.6343651376e-05
27920.0000000   -8.8858217790e-02   -3.8353829297e-04
27960.0000000   -2.0710924064e-02   -1.3400744623e-04
28000.0000000    1.0684827533e-01   -5.1251651814e-05
28040.0000000   -1.0810508170e-02   -5.8612495030e-05
28080.0000000   -1.1325716447e-01   -2.3631951791e-05
28120.0000000   -5.0929056875e-03   -3.8029220875e-05
28160.0000000    1.0309656937e-01    1.2732276782e-04
28200.0000000   -2.4262360530e-02   -1.7686151049e-04
28240.0000000   -1.0466756703e-01   -1.2694814884e-04
28280.0000000    5.7970892839e-03   -3.1622292872e-04
28320.0000000    9.6580046688e-02   -1.2068538798e-05
28360.0000000   -1.6931224132e-02    1.1034096872e-04
28400.0000000   -1.0629609133e-01   -7.8194354202e-04
28440.0000000    1.8198120703e-02    1.2854882602e-04
28480.0000000    1.1035333612e-01    2.5012424662e-04
28520.0000000   -7.5369146192e-02    2.2893457596e-04
28560.0000000   -1.0513987183e-01   -1.1658317511e-03
28600.0000000    2.0578602042e-02    1.3945025695e-04
28640.0000000    8.6956234256e-02   -5.3258538450e-06
28680.0000000   -2.4079986590e-02    2.1266880607e-04
28720.0000000   -8.9770460794e-02   -9.8369122671e-04
28760.0000000    4.1811937150e-02    2.4413801475e-04
28800.0000000    8.4252169182e-02   -1.0347216066e-04
28840.0000000   -3.0679648793e-02    4.8052398797e-04
28880.0000000   -8.5864149832e-02   -5.6249932115e-04
28920.0000000    5.4119781265e-02    9.7501659899e-05
28960.0000000    9.0808359378e-02   -9.6847195480e-05
29000.0000000   -8.9818649239e-02    9.9035440833e-05
29040.0000000   -9.1554026166e-02   -4.0088174212e-04
29080.0000000    4.5022873788e-02   -8.9407164141e-05
29120.0000000    4.5066415801e-02   -1.6103831092e-05
29160.0000000   -1.3587401498e-02   -6.2043066017e-05
29200.0000000   -6.3826504376e-02   -2.8723146274e-04
29240.0000000    8.4282732839e-02   -2.2237508246e-05
29280.0000000    4.6525329837e-02    2.1665434140e-05
29320.0000000   -8.6065071994e-02    9.3696012853e-05
29360.0000000   -5.6417660258e-02   -3.1171984871e-04
29400.0000000    7.1348067105e-02    2.6499062620e-04
29440.0000000    4.7064200935e-02   -5.0507946163e-05
29480.0000000   -7.2236850273e-02    1.0885382640e-04
29520.0000000   -4.3241658442e-02    2.2119823938e-04
29560.0000000    7.3865435156e-02   -8.9860527396e-05
29600.0000000    6.4723112012e-02   -1.1683439154e-05
29640.0000000   -1.6107087659e-02   -7.5427518185e-05
29680.0000000   -4.5241270296e-02   -1.0314015802e-04
29720.0000000    1.2485672338e-01   -3.0627452242e-06
29760.0000000    5.1498335723e-02    4.0805635404e-05
29800.0000000   -1.0223535575e-01    2.6395621873e-04
29840.0000000   -3.7107534928e-02   -4.5545602293e-04
29880.0000000    9.8362050676e-02   -4.5969345112e-05
29920.0000000    4.4233197431e-02   -8.3209543616e-05
29960.0000000   -1.1058918991e-01   -3.3510033121e-04
30000.0000000   -2.6415571968e-02    3.3244427186e-05
30040.0000000    1.0467602223e-01    2.4881690473e-05
30080.0000000   -7.8823182553e-03   -5.8185854333e-05
30120.0000000   -1.0609287903e-01   -2.3390766831e-04
30160.0000000   -7.2553356503e-03   -1.4405928246e-04
30200.0000000    1.0521337098e-01   -2.8098313941e-07
30240.0000000    1.6468017013e-02   -5.2684322645e-05
30280.0000000   -1.1504419754e-01    9.1628232650e-05
30320.0000000    4.6609922273e-03    2.2131141439e-05
30360.0000000    8.9929039506e-02   -4.9631918412e-06
30400.0000000    2.7653870114e-02   -2.8779868409e-04
30440.0000000   -1.0676705147e-01   -2.9488954155e-04
30480.0000000    2.0380308580e-02    1.2195241136e-04
30520.0000000    8.2403042810e-02   -8.1375563848e-05
30560.0000000   -5.1976495655e-02   -2.1904452348e-04
30600.0000000   -1.1334733785e-01   -7.4378607718e-04
30640.0000000    3.0368011351e-02    2.1898570162e-05
30680.0000000    6.1558198990e-02   -3.1786857820e-05
30720.0000000   -5.6718004814e-02   -7.4522871607e-05
30760.0000000   -1.0237878969e-01   -1.2894800913e-03
30800.0000000    3.0674786491e-02    2.1843552537e-04
30840.0000000    3.1464241882e-02    1.9226051330e-05
30880.0000000   -3.6930452809e-02    1.5335223538e-04
30920.0000000   -7.9490742818e-02   -9.9761222293e-04
30960.0000000    4.7923115194e-02    2.5744090843e-04
31000.0000000    7.0366198286e-02    1.2400548504e-04
31040.0000000   -7.9327309160e-02    3.1833254466e-04
31080.0000000   -8.6719606288e-02   -9.2311137071e-04
31120.0000000    4.5823054894e-02    9.6205317769e-05
31160.0000000    3.9723618901e-02   -1.7910799227e-05
31200.0000000   -8.1295118074e-02    2.8774413794e-04
31240.0000000   -7.3624110428e-02   -3.3263552889e-04
31280.0000000    4.4532222101e-02    1.0848153075e-04
31320.0000000   -1.2234110668e-02    1.1443624594e-05
31360.0000000   -7.1273221235e-02   -5.2066319076e-05
31400.0000000   -2.3970657119e-02    3.2681433509e-06
31440.0000000    5.1554122218e-02    6.3876393395e-05
31480.0000000    1.0588352367e-01   -1.7979919940e-05
31520.0000000   -6.4166578583e-02    1.8776594219e-04
31560.0000000   -5.0660473754e-02    1.0192696071e-04
31600.0000000    6.2883486871e-02    2.0382198840e-04
31640.0000000    8.8183627593e-02    7.2838081105e-05
31680.0000000   -7.0228423378e-02   -3.2771601098e-04
31720.0000000   -4.8150930065e-02    3.1880003925e-04
31760.0000000    9.4620021522e-02    2.6159686420e-04
31800.0000000   -5.1699465086e-03    2.3412531741e-05
31840.0000000   -1.0299249997e-01    6.1367560092e-05
31880.0000000   -2.4702453137e-02   -2.6221037563e-04
31920.0000000    8.2211270059e-02   -1.2619701342e-04
31960.0000000    8.0863387107e-03    1.2016981879e-05
32000.0000000   -1.1213033571e-01   -2.7758804217e-04
32040.0000000   -1.5799117244e-02    2.9380008407e-05
32080.0000000    5.2079493859e-02   -2.5062135601e-04
32120.0000000    4.2309690831e-02    1.6303977686e-05
32160.0000000   -4.2433189839e-02   -1.9166985305e-04
32200.0000000   -1.6483744790e-02    1.2051993628e-04
32240.0000000    9.9871664164e-02    2.5201240040e-04
32280.0000000    1.9385267441e-02   -6.7675866319e-05
32320.0000000   -9.2240512576e-02   -3.2969452678e-04
32360.0000000   -4.0481974094e-03   -3.3485912827e-04
32400.0000000    7.9462603542e-02    1.2299661911e-05
32440.0000000   -1.8829604550e-03    2.2105331353e-04
32480.0000000   -6.1080087087e-02   -5.6787758860e-05
32520.0000000    5.8954013527e-03   -3.0785234672e-04
32560.0000000    9.3686839342e-02   -1.0398923192e-04
