#          tintegral inside 0 < R < 50
   0.0000000    0.0000000000e+00
  60.0000000    1.4625501464e+03
 120.0000000    1.4695319310e+03
 180.0000000    1.4718798513e+03
 240.0000000    1.4876522398e+03
 300.0000000    1.4863088375e+03
 360.0000000    1.4927421403e+03
 420.0000000    1.5003223301e+03
 480.0000000    1.4953311724e+03
 540.0000000    1.5068403041e+03
 600.0000000    1.5085842555e+03
 660.0000000    1.5098109932e+03
 720.0000000    1.5254776703e+03
 780.0000000    1.5197309992e+03
 840.0000000    1.5298722953e+03
 900.0000000    1.5361672798e+03
 960.0000000    1.5320702638e+03
1020.0000000    1.5473517008e+03
1080.0000000    1.5455640798e+03
1140.0000000    1.5509323885e+03
1200.0000000    1.5653991552e+03
1260.0000000    1.5563791166e+03
1320.0000000    1.5713392901e+03
1380.0000000    1.5718413474e+03
1440.0000000    1.5692315103e+03
1500.0000000    1.5832475875e+03
1560.0000000    1.5724554164e+03
1620.0000000    1.5805632955e+03
1680.0000000    1.5823258164e+03
1740.0000000    1.5738036931e+03
1800.0000000    1.5860904699e+03
1860.0000000    1.5808342521e+03
1920.0000000    1.5825290203e+03
1980.0000000    1.5952768604e+03
2040.0000000    1.5861349905e+03
2100.0000000    1.5981923305e+03
2160.0000000    1.5999593703e+03
2220.0000000    1.5944564202e+03
2280.0000000    1.6079975578e+03
2340.0000000    1.5998231016e+03
2400.0000000    1.6051497660e+03
2460.0000000    1.6136046540e+03
2520.0000000    1.6052559626e+03
2580.0000000    1.6187293755e+03
2640.0000000    1.6171107450e+03
2700.0000000    1.6157790426e+03
2760.0000000    1.6293991089e+03
2820.0000000    1.6219540608e+03
2880.0000000    1.6306622258e+03
2940.0000000    1.6382692303e+03
3000.0000000    1.6324995786e+03
3060.0000000    1.6481409457e+03
3120.0000000    1.6479712212e+03
3180.0000000    1.6510357800e+03
3240.0000000    1.6684430294e+03
3300.0000000    1.6634896265e+03
3360.0000000    1.6782259669e+03
3420.0000000    1.6906550546e+03
3480.0000000    1.6886055915e+03
3540.0000000    1.7152075486e+03
3600.0000000    1.7171509705e+03
3660.0000000    1.7287423544e+03
3720.0000000    1.7553535115e+03
3780.0000000    1.7470545073e+03
3840.0000000    1.7765112996e+03
3900.0000000    1.7808697816e+03
3960.0000000    1.7816250485e+03
4020.0000000    1.8119806187e+03
4080.0000000    1.7954111240e+03
4140.0000000    1.8165870552e+03
4200.0000000    1.8182787811e+03
4260.0000000    1.8037927876e+03
4320.0000000    1.8234975267e+03
4380.0000000    1.7991833656e+03
4440.0000000    1.8032633796e+03
4500.0000000    1.8039753072e+03
4560.0000000    1.7863456400e+03
4620.0000000    1.8004806735e+03
4680.0000000    1.7940962629e+03
4740.0000000    1.7904661661e+03
4800.0000000    1.8072881797e+03
4860.0000000    1.7908320651e+03
4920.0000000    1.8023563036e+03
4980.0000000    1.8033841507e+03
5040.0000000    1.7891528522e+03
5100.0000000    1.8046595349e+03
5160.0000000    1.7862463199e+03
5220.0000000    1.7861621622e+03
5280.0000000    1.7903810930e+03
5340.0000000    1.7770705806e+03
5400.0000000    1.7894771354e+03
5460.0000000    1.7915106930e+03
5520.0000000    1.7856850959e+03
5580.0000000    1.8039974828e+03
5640.0000000    1.7898899532e+03
5700.0000000    1.7958252018e+03
5760.0000000    1.8047387216e+03
5820.0000000    1.7949067602e+03
5880.0000000    1.8154670676e+03
5940.0000000    1.8156076464e+03
6000.0000000    1.8145036692e+03
6060.0000000    1.8320445538e+03
6120.0000000    1.8135445806e+03
6180.0000000    1.8254910680e+03
6240.0000000    1.8262690426e+03
6300.0000000    1.8168261266e+03
6360.0000000    1.8368869315e+03
6420.0000000    1.8274418849e+03
6480.0000000    1.8321436463e+03
6540.0000000    1.8492464208e+03
6600.0000000    1.8350991655e+03
6660.0000000    1.8558315202e+03
6720.0000000    1.8561815916e+03
6780.0000000    1.8503347873e+03
6840.0000000    1.8735712629e+03
6900.0000000    1.8539377641e+03
6960.0000000    1.8666877490e+03
7020.0000000    1.8705107659e+03
7080.0000000    1.8527150659e+03
7140.0000000    1.8743010542e+03
7200.0000000    1.8577375046e+03
7260.0000000    1.8583156394e+03
7320.0000000    1.8682037958e+03
7380.0000000    1.8393455351e+03
7440.0000000    1.8535811722e+03
7500.0000000    1.8317418115e+03
7560.0000000    1.8181606225e+03
7620.0000000    1.8228704346e+03
7680.0000000    1.7903510198e+03
7740.0000000    1.7930513580e+03
7800.0000000    1.7774085773e+03
7860.0000000    1.7569158068e+03
7920.0000000    1.7587667276e+03
7980.0000000    1.7337380526e+03
8040.0000000    1.7296600135e+03
8100.0000000    1.7231325150e+03
8160.0000000    1.7074132277e+03
8220.0000000    1.7097976769e+03
8280.0000000    1.7053268434e+03
8340.0000000    1.6998986366e+03
8400.0000000    1.7076777771e+03
8460.0000000    1.7056321686e+03
8520.0000000    1.7082601675e+03
8580.0000000    1.7213550446e+03
8640.0000000    1.7133896695e+03
8700.0000000    1.7267477613e+03
8760.0000000    1.7281046645e+03
8820.0000000    1.7225998034e+03
8880.0000000    1.7370799296e+03
8940.0000000    1.7259340517e+03
9000.0000000    1.7314431871e+03
9060.0000000    1.7380598210e+03
9120.0000000    1.7281743390e+03
9180.0000000    1.7416173835e+03
9240.0000000    1.7438910151e+03
9300.0000000    1.7439515728e+03
9360.0000000    1.7646079026e+03
9420.0000000    1.7562184953e+03
9480.0000000    1.7718605930e+03
9540.0000000    1.7758189625e+03
9600.0000000    1.7643027127e+03
9660.0000000    1.7814841310e+03
9720.0000000    1.7637716640e+03
9780.0000000    1.7669020600e+03
9840.0000000    1.7714173453e+03
9900.0000000    1.7555797834e+03
9960.0000000    1.7684951082e+03
10020.0000000    1.7608624463e+03
10080.0000000    1.7554952604e+03
10140.0000000    1.7672779988e+03
10200.0000000    1.7510117967e+03
10260.0000000    1.7591948933e+03
10320.0000000    1.7583990526e+03
10380.0000000    1.7445878287e+03
10440.0000000    1.7572279909e+03
10500.0000000    1.7413451316e+03
10560.0000000    1.7403494317e+03
10620.0000000    1.7426797228e+03
10680.0000000    1.7228079997e+03
10740.0000000    1.7295534100e+03
10800.0000000    1.7129965109e+03
10860.0000000    1.7030554896e+03
10920.0000000    1.6982499831e+03
10980.0000000    1.6805212943e+03
11040.0000000    1.6797469908e+03
11100.0000000    1.6763872755e+03
11160.0000000    1.6743515592e+03
11220.0000000    1.6809062869e+03
11280.0000000    1.6831508020e+03
11340.0000000    1.6815595480e+03
11400.0000000    1.6875967296e+03
11460.0000000    1.6878016712e+03
11520.0000000    1.6914927546e+03
11580.0000000    1.7092887867e+03
11640.0000000    1.7132377592e+03
11700.0000000    1.7339195262e+03
11760.0000000    1.7534734355e+03
11820.0000000    1.7573714198e+03
11880.0000000    1.7924734576e+03
11940.0000000    1.7963309801e+03
12000.0000000    1.8184010780e+03
12060.0000000    1.8467363955e+03
12120.0000000    1.8420566194e+03
12180.0000000    1.8782759621e+03
12240.0000000    1.8760440791e+03
12300.0000000    1.8857379885e+03
12360.0000000    1.9133232792e+03
12420.0000000    1.9004668300e+03
12480.0000000    1.9296389182e+03
12540.0000000    1.9295959949e+03
12600.0000000    1.9256390009e+03
12660.0000000    1.9478177414e+03
12720.0000000    1.9289785223e+03
12780.0000000    1.9424088539e+03
12840.0000000    1.9473146503e+03
12900.0000000    1.9356601532e+03
12960.0000000    1.9593006839e+03
13020.0000000    1.9514313497e+03
13080.0000000    1.9560427335e+03
13140.0000000    1.9746234250e+03
13200.0000000    1.9559180527e+03
13260.0000000    1.9755324514e+03
13320.0000000    1.9685628387e+03
13380.0000000    1.9603073760e+03
13440.0000000    1.9751801936e+03
13500.0000000    1.9522192193e+03
13560.0000000    1.9584024527e+03
13620.0000000    1.9565491810e+03
13680.0000000    1.9440145697e+03
13740.0000000    1.9566497519e+03
13800.0000000    1.9527024457e+03
13860.0000000    1.9529027391e+03
13920.0000000    1.9703579175e+03
13980.0000000    1.9611036730e+03
14040.0000000    1.9751691817e+03
14100.0000000    1.9825435408e+03
14160.0000000    1.9741323411e+03
14220.0000000    1.9924614184e+03
14280.0000000    1.9837103007e+03
14340.0000000    1.9877135987e+03
14400.0000000    2.0006492168e+03
14460.0000000    1.9938716421e+03
14520.0000000    2.0090141116e+03
14580.0000000    2.0234362833e+03
14640.0000000    2.0237099160e+03
14700.0000000    2.0567854480e+03
14760.0000000    2.0621130639e+03
14820.0000000    2.0776533043e+03
14880.0000000    2.1140893417e+03
14940.0000000    2.1093477858e+03
15000.0000000    2.1501785716e+03
15060.0000000    2.1702179456e+03
15120.0000000    2.1762747732e+03
15180.0000000    2.2307957922e+03
15240.0000000    2.2175024114e+03
15300.0000000    2.2546851049e+03
15360.0000000    2.2701046974e+03
15420.0000000    2.2560090498e+03
15480.0000000    2.2990511332e+03
15540.0000000    2.2743524670e+03
15600.0000000    2.2896511823e+03
15660.0000000    2.3086597925e+03
15720.0000000    2.2806123607e+03
15780.0000000    2.3155709018e+03
15840.0000000    2.2963043859e+03
15900.0000000    2.2923272061e+03
15960.0000000    2.3102837815e+03
16020.0000000    2.2676291573e+03
16080.0000000    2.2855131461e+03
16140.0000000    2.2598002571e+03
16200.0000000    2.2379532527e+03
16260.0000000    2.2455007600e+03
16320.0000000    2.2165353731e+03
16380.0000000    2.2207827309e+03
16440.0000000    2.2250185064e+03
16500.0000000    2.2030884082e+03
16560.0000000    2.2225496089e+03
16620.0000000    2.2043284760e+03
16680.0000000    2.1956333297e+03
16740.0000000    2.2026530509e+03
16800.0000000    2.1792942386e+03
16860.0000000    2.1884874756e+03
16920.0000000    2.1906395118e+03
16980.0000000    2.1767734733e+03
17040.0000000    2.1966805665e+03
17100.0000000    2.1807823988e+03
17160.0000000    2.1809057378e+03
17220.0000000    2.1882569130e+03
17280.0000000    2.1710802503e+03
17340.0000000    2.1855520607e+03
17400.0000000    2.1838697655e+03
17460.0000000    2.1759868115e+03
17520.0000000    2.1946073526e+03
17580.0000000    2.1878116704e+03
17640.0000000    2.1965487367e+03
17700.0000000    2.2230880248e+03
17760.0000000    2.2138892961e+03
17820.0000000    2.2466766832e+03
17880.0000000    2.2488889734e+03
17940.0000000    2.2461702450e+03
18000.0000000    2.2728466145e+03
18060.0000000    2.2522433063e+03
18120.0000000    2.2710069669e+03
18180.0000000    2.2820983038e+03
18240.0000000    2.2683630074e+03
18300.0000000    2.3029169891e+03
18360.0000000    2.2938922440e+03
18420.0000000    2.3010321203e+03
18480.0000000    2.3324154038e+03
18540.0000000    2.3092742418e+03
18600.0000000    2.3448323514e+03
18660.0000000    2.3403898612e+03
18720.0000000    2.3279331274e+03
18780.0000000    2.3558157864e+03
18840.0000000    2.3116472281e+03
18900.0000000    2.3274595956e+03
18960.0000000    2.3087437467e+03
19020.0000000    2.2761137667e+03
19080.0000000    2.2889314462e+03
19140.0000000    2.2440301220e+03
19200.0000000    2.2410763231e+03
19260.0000000    2.2267633966e+03
19320.0000000    2.1892989585e+03
19380.0000000    2.1950236203e+03
19440.0000000    2.1599834542e+03
19500.0000000    2.1474514962e+03
19560.0000000    2.1441444702e+03
19620.0000000    2.1159505432e+03
19680.0000000    2.1171809176e+03
19740.0000000    2.1074925927e+03
19800.0000000    2.0936951144e+03
19860.0000000    2.1013285636e+03
19920.0000000    2.0903288202e+03
19980.0000000    2.0870948692e+03
20040.0000000    2.0917928609e+03
20100.0000000    2.0782833297e+03
20160.0000000    2.0838861342e+03
20220.0000000    2.0875587084e+03
20280.0000000    2.0830098463e+03
20340.0000000    2.1013587238e+03
20400.0000000    2.1069829328e+03
20460.0000000    2.1119064241e+03
20520.0000000    2.1380586116e+03
20580.0000000    2.1252976172e+03
20640.0000000    2.1446773370e+03
20700.0000000    2.1424455531e+03
20760.0000000    2.1346948923e+03
20820.0000000    2.1515112118e+03
20880.0000000    2.1426711343e+03
20940.0000000    2.1514076049e+03
21000.0000000    2.1718150159e+03
21060.0000000    2.1631111683e+03
21120.0000000    2.1917517766e+03
21180.0000000    2.1960314998e+03
21240.0000000    2.1956196706e+03
21300.0000000    2.2239269922e+03
21360.0000000    2.2040926262e+03
21420.0000000    2.2227546753e+03
21480.0000000    2.2289457643e+03
21540.0000000    2.2156117341e+03
21600.0000000    2.2446941241e+03
21660.0000000    2.2326195083e+03
21720.0000000    2.2408408483e+03
21780.0000000    2.2596941777e+03
21840.0000000    2.2303719610e+03
21900.0000000    2.2517870844e+03
21960.0000000    2.2273941878e+03
22020.0000000    2.2165858907e+03
22080.0000000    2.2225340891e+03
22140.0000000    2.1971819570e+03
22200.0000000    2.2069940589e+03
22260.0000000    2.2062934524e+03
22320.0000000    2.1882702031e+03
22380.0000000    2.2042366285e+03
22440.0000000    2.1785859729e+03
22500.0000000    2.1769895932e+03
22560.0000000    2.1719703575e+03
22620.0000000    2.1460525213e+03
22680.0000000    2.1510875332e+03
22740.0000000    2.1310650468e+03
22800.0000000    2.1229851730e+03
22860.0000000    2.1211757230e+03
22920.0000000    2.1159605777e+03
22980.0000000    2.1186315350e+03
23040.0000000    2.1371104327e+03
23100.0000000    2.1407587752e+03
23160.0000000    2.1609588443e+03
23220.0000000    2.1783394175e+03
23280.0000000    2.1786430665e+03
23340.0000000    2.2113011761e+03
23400.0000000    2.2138047463e+03
23460.0000000    2.2313260861e+03
23520.0000000    2.2656990071e+03
23580.0000000    2.2572470660e+03
23640.0000000    2.2930407471e+03
23700.0000000    2.2981165422e+03
23760.0000000    2.3037929930e+03
23820.0000000    2.3394662514e+03
23880.0000000    2.3285876147e+03
23940.0000000    2.3602863852e+03
24000.0000000    2.3759803326e+03
24060.0000000    2.3660959492e+03
24120.0000000    2.4037800471e+03
24180.0000000    2.3902084292e+03
24240.0000000    2.4052260445e+03
24300.0000000    2.4283310925e+03
24360.0000000    2.4091848948e+03
24420.0000000    2.4461047764e+03
24480.0000000    2.4379702723e+03
24540.0000000    2.4357712493e+03
24600.0000000    2.4616278296e+03
24660.0000000    2.4343653738e+03
24720.0000000    2.4556619984e+03
24780.0000000    2.4565724142e+03
24840.0000000    2.4411206456e+03
24900.0000000    2.4714926602e+03
24960.0000000    2.4563870567e+03
25020.0000000    2.4661660242e+03
25080.0000000    2.4890053348e+03
25140.0000000    2.4634094198e+03
25200.0000000    2.4946294101e+03
25260.0000000    2.4777593543e+03
25320.0000000    2.4678085304e+03
25380.0000000    2.4819067889e+03
25440.0000000    2.4463689191e+03
25500.0000000    2.4569234933e+03
25560.0000000    2.4496506519e+03
25620.0000000    2.4346799302e+03
25680.0000000    2.4569469554e+03
25740.0000000    2.4463821868e+03
25800.0000000    2.4492758918e+03
25860.0000000    2.4658489428e+03
25920.0000000    2.4425635101e+03
25980.0000000    2.4601770026e+03
26040.0000000    2.4575068353e+03
26100.0000000    2.4491103765e+03
26160.0000000    2.4739193603e+03
26220.0000000    2.4704148431e+03
26280.0000000    2.4832174301e+03
26340.0000000    2.5153893155e+03
26400.0000000    2.5022557852e+03
26460.0000000    2.5395984102e+03
26520.0000000    2.5398049463e+03
26580.0000000    2.5378526176e+03
26640.0000000    2.5727019080e+03
26700.0000000    2.5574705806e+03
26760.0000000    2.5828741969e+03
26820.0000000    2.6106682274e+03
26880.0000000    2.5982596453e+03
26940.0000000    2.6530502264e+03
27000.0000000    2.6468015832e+03
27060.0000000    2.6610553481e+03
27120.0000000    2.6930136068e+03
27180.0000000    2.6529776047e+03
27240.0000000    2.6904309940e+03
27300.0000000    2.6601794845e+03
27360.0000000    2.6475652864e+03
27420.0000000    2.6683414375e+03
27480.0000000    2.6292754588e+03
27540.0000000    2.6477739600e+03
27600.0000000    2.6470685574e+03
27660.0000000    2.6200136307e+03
27720.0000000    2.6486422310e+03
27780.0000000    2.6164544329e+03
27840.0000000    2.6183533673e+03
27900.0000000    2.6291869358e+03
27960.0000000    2.5936231227e+03
28020.0000000    2.6168949364e+03
28080.0000000    2.5970653788e+03
28140.0000000    2.5805374732e+03
28200.0000000    2.5964629797e+03
28260.0000000    2.5627255527e+03
28320.0000000    2.5732156839e+03
28380.0000000    2.5719045436e+03
28440.0000000    2.5454265824e+03
28500.0000000    2.5662499680e+03
28560.0000000    2.5404687403e+03
28620.0000000    2.5371012802e+03
28680.0000000    2.5475711927e+03
28740.0000000    2.5206378785e+03
28800.0000000    2.5398410983e+03
28860.0000000    2.5345014999e+03
28920.0000000    2.5165127945e+03
28980.0000000    2.5364669791e+03
29040.0000000    2.5062751527e+03
29100.0000000    2.5113501408e+03
29160.0000000    2.5150800618e+03
29220.0000000    2.4904356765e+03
29280.0000000    2.5110110825e+03
29340.0000000    2.4981487750e+03
29400.0000000    2.4898178996e+03
29460.0000000    2.5061289472e+03
29520.0000000    2.4869826534e+03
29580.0000000    2.5019411526e+03
29640.0000000    2.5188233534e+03
29700.0000000    2.5023017450e+03
29760.0000000    2.5389298651e+03
29820.0000000    2.5236910917e+03
29880.0000000    2.5259126088e+03
29940.0000000    2.5442334846e+03
30000.0000000    2.5107482674e+03
30060.0000000    2.5350067575e+03
30120.0000000    2.5208270914e+03
30180.0000000    2.5056501788e+03
30240.0000000    2.5278128748e+03
