#          tintegral inside 0 < R < 50
   0.0000000    0.0000000000e+00
  60.0000000   -3.3230960673e-05
 120.0000000    1.2761518064e-05
 180.0000000    2.3481945657e-05
 240.0000000    7.4070690607e-04
 300.0000000    1.8680564102e-04
 360.0000000    5.4971438389e-04
 420.0000000    3.1401923191e-04
 480.0000000    6.5449372880e-04
 540.0000000   -4.1914261429e-04
 600.0000000    9.1957091507e-05
 660.0000000    1.1221848448e-05
 720.0000000    1.2374029140e-04
 780.0000000    5.9210060469e-05
 840.0000000    1.3175063228e-04
 900.0000000    1.0404237556e-03
 960.0000000    7.0539673381e-04
1020.0000000   -4.0340118589e-05
1080.0000000   -2.2242976233e-06
1140.0000000    2.1460157143e-04
1200.0000000    3.5054693361e-05
1260.0000000    3.7645324036e-05
1320.0000000    1.4347479586e-04
1380.0000000   -3.9401067453e-05
1440.0000000    3.2529547009e-04
1500.0000000    1.8298206277e-03
1560.0000000   -3.8751077005e-04
1620.0000000   -2.4776180432e-04
1680.0000000    8.0064315890e-04
1740.0000000    7.5132711567e-04
1800.0000000    2.5854756435e-04
1860.0000000    8.6130229180e-05
1920.0000000   -4.3207637525e-05
1980.0000000    4.4057688580e-05
2040.0000000   -4.4451898130e-05
2100.0000000   -6.8899156622e-04
2160.0000000    8.4975019476e-04
2220.0000000   -9.8362342708e-05
2280.0000000    1.1633919299e-03
2340.0000000   -2.7810622525e-04
2400.0000000    3.2220868556e-04
2460.0000000    8.5095812590e-05
2520.0000000    1.6610471440e-05
2580.0000000    5.7906395311e-05
2640.0000000   -5.9639025753e-05
2700.0000000    3.4946728574e-04
2760.0000000    1.2886930587e-03
2820.0000000    1.6930810510e-04
2880.0000000    1.2994197583e-04
2940.0000000    6.7340290320e-04
3000.0000000    7.4719702756e-04
3060.0000000    1.0435471952e-04
3120.0000000    4.1708101490e-05
3180.0000000    4.1910293861e-05
3240.0000000    9.5653386407e-05
3300.0000000    2.0903513755e-04
3360.0000000    2.0722948775e-04
3420.0000000    1.5308382778e-03
3480.0000000    1.2347457202e-03
3540.0000000    4.4456286908e-04
3600.0000000   -1.5064894919e-05
3660.0000000    1.4381451525e-04
3720.0000000    3.3904180078e-04
3780.0000000    6.3149742678e-06
3840.0000000   -4.2348092527e-05
3900.0000000    4.3345147702e-05
3960.0000000   -2.8579123964e-03
4020.0000000   -1.0806598577e-04
4080.0000000   -9.0492444918e-04
4140.0000000   -1.4095291436e-04
4200.0000000    7.5576856363e-04
4260.0000000    5.4530171881e-04
4320.0000000    1.5964718863e-04
4380.0000000    4.4778653476e-05
4440.0000000   -4.6286382712e-05
4500.0000000    3.3470415211e-04
4560.0000000    6.3288454854e-04
4620.0000000    1.5292120209e-04
4680.0000000    1.0733234783e-03
4740.0000000    4.2442855255e-04
4800.0000000    1.0227985640e-03
4860.0000000    1.9454270306e-04
4920.0000000    2.1293854325e-04
4980.0000000    1.9485599340e-04
5040.0000000    7.6170884482e-06
5100.0000000    1.2444824904e-05
5160.0000000   -1.4055384329e-05
5220.0000000    3.2090700172e-04
5280.0000000    2.8190450225e-04
5340.0000000    4.6255992752e-04
5400.0000000   -7.0706957543e-05
5460.0000000    1.0348017664e-03
5520.0000000   -3.7610900013e-04
5580.0000000    7.8412940383e-05
5640.0000000    6.7123222377e-05
5700.0000000   -2.2956540954e-05
5760.0000000   -5.5894327929e-05
5820.0000000    7.4865074421e-04
5880.0000000   -4.5508711022e-04
5940.0000000   -2.2535519914e-04
6000.0000000    7.6821021136e-04
6060.0000000    9.1636452210e-04
6120.0000000    7.0988297891e-05
6180.0000000    1.9038602916e-04
6240.0000000    1.8369474485e-04
6300.0000000    8.4319206176e-06
6360.0000000   -4.8121899623e-05
6420.0000000   -4.3360189751e-04
6480.0000000    1.2482427021e-04
6540.0000000    1.3206106371e-03
6600.0000000    1.5876646317e-03
6660.0000000    2.8063874061e-04
6720.0000000    6.0740347582e-04
6780.0000000    4.2361698149e-04
6840.0000000    7.8397093231e-05
6900.0000000    3.9655941573e-05
6960.0000000   -5.3808430681e-05
7020.0000000    5.0905664866e-05
7080.0000000    4.0763696413e-04
7140.0000000    4.2127270054e-04
7200.0000000   -1.7484898777e-04
7260.0000000    4.6182609878e-04
7320.0000000    8.7474818072e-04
7380.0000000    1.1251680694e-03
7440.0000000    2.4824013627e-04
7500.0000000    1.1117181736e-04
7560.0000000   -1.0001719528e-05
7620.0000000    3.9437396746e-05
7680.0000000   -9.2527069318e-05
7740.0000000    5.5508102066e-04
7800.0000000    1.0293991284e-03
7860.0000000    3.7208614930e-04
7920.0000000   -3.4215210908e-04
7980.0000000    5.2374443302e-04
8040.0000000    8.4848440519e-04
8100.0000000    6.0710049752e-05
8160.0000000    5.1813555901e-05
8220.0000000    2.0226443998e-05
8280.0000000    9.6031348361e-05
8340.0000000    2.3160040106e-04
8400.0000000   -2.2792624820e-04
8460.0000000    2.6095670512e-04
8520.0000000    4.6419005687e-04
8580.0000000    7.5856806836e-04
8640.0000000   -1.2331514708e-04
8700.0000000    4.1863961167e-05
8760.0000000    1.3194739688e-04
8820.0000000   -4.5509927264e-05
8880.0000000    2.8551616061e-04
8940.0000000   -1.2769726170e-04
9000.0000000    4.7033232222e-04
9060.0000000    4.8605463401e-04
9120.0000000    7.3393760622e-04
9180.0000000    7.9979532486e-04
9240.0000000    1.0777239582e-04
9300.0000000    3.5069611366e-04
9360.0000000    2.6451822770e-04
9420.0000000    1.9422493617e-05
9480.0000000   -2.1320391607e-05
9540.0000000   -5.2900935162e-06
9600.0000000    6.2590182477e-04
9660.0000000    5.5511355668e-04
9720.0000000   -2.4864601034e-04
9780.0000000    4.9826969279e-04
9840.0000000    7.0645732482e-04
9900.0000000    6.9408060646e-04
9960.0000000    1.2834089732e-04
10020.0000000    7.5349679899e-05
10080.0000000    4.4164096299e-05
10140.0000000    1.3996153612e-04
10200.0000000   -8.2931219081e-05
10260.0000000   -4.4026484354e-04
10320.0000000    6.4610551595e-04
10380.0000000    7.7438607285e-04
10440.0000000    1.6712512361e-04
10500.0000000    9.3488476093e-05
10560.0000000    1.0107943283e-03
10620.0000000    2.3999688609e-04
10680.0000000    2.9361383346e-05
10740.0000000   -5.2792970128e-05
10800.0000000    9.9550756935e-05
10860.0000000    3.9160088974e-04
10920.0000000    4.3322055202e-04
10980.0000000    1.4006374146e-03
11040.0000000    2.4802235831e-04
11100.0000000   -2.5048587000e-04
11160.0000000    4.5889691123e-04
11220.0000000    4.6357244474e-05
11280.0000000    8.1900740053e-05
11340.0000000   -1.7427874447e-05
11400.0000000    1.0446422909e-04
11460.0000000    2.0989260670e-04
11520.0000000    3.3852155284e-04
11580.0000000    4.5818704846e-04
11640.0000000    5.4253491651e-04
11700.0000000    1.2093055505e-03
11760.0000000    2.5531244908e-04
11820.0000000    7.1471752228e-04
11880.0000000    1.2818229627e-04
11940.0000000    1.9787793010e-05
12000.0000000   -5.7213264026e-05
12060.0000000    6.9530600321e-06
12120.0000000    3.9851501330e-04
12180.0000000    2.6933169855e-04
12240.0000000   -1.1047379065e-03
12300.0000000    6.6718454271e-04
12360.0000000    9.5941699196e-04
12420.0000000    9.0941628680e-04
12480.0000000    1.6407780218e-04
12540.0000000    3.6447452284e-05
12600.0000000   -1.4321416742e-05
12660.0000000    2.0470277880e-04
12720.0000000   -1.3380623491e-04
12780.0000000    3.3569008669e-04
12840.0000000    3.3048312637e-04
12900.0000000    5.7809692235e-04
12960.0000000    3.7871877740e-04
13020.0000000   -3.7125861766e-04
13080.0000000    3.5686713149e-04
13140.0000000    3.8876853580e-04
13200.0000000    2.1083701502e-05
13260.0000000   -9.6542386842e-05
13320.0000000    1.5892649629e-05
13380.0000000    9.3801145990e-04
13440.0000000    9.8974142330e-04
13500.0000000   -3.2135256099e-05
13560.0000000    2.2216191664e-03
13620.0000000    4.6601081921e-04
13680.0000000    7.1655209019e-04
13740.0000000   -4.7988540885e-05
13800.0000000    6.6928180993e-05
13860.0000000   -3.0668894294e-05
13920.0000000    9.5241865954e-05
13980.0000000    8.8499268309e-04
14040.0000000   -3.8203803137e-04
14100.0000000    4.5049198808e-04
14160.0000000    2.9112070068e-03
14220.0000000    9.5944554358e-04
14280.0000000    7.1340715144e-04
14340.0000000    2.2711689764e-04
14400.0000000    1.6101229754e-05
14460.0000000   -8.7767212109e-08
14520.0000000    1.0424827499e-04
14580.0000000    5.9831517646e-05
14640.0000000    3.9772620561e-04
14700.0000000    2.0727046074e-04
14760.0000000   -5.8687678597e-05
14820.0000000   -5.6498716897e-06
14880.0000000    1.3528000481e-03
14940.0000000    6.8835728377e-04
15000.0000000    9.4897027150e-05
15060.0000000    6.6825202499e-05
15120.0000000   -1.6840470347e-05
15180.0000000    6.7814616511e-05
15240.0000000    1.1310503882e-04
15300.0000000    9.5141107181e-04
15360.0000000    3.3636683978e-04
15420.0000000    8.2684303513e-05
15480.0000000    8.1285377235e-04
15540.0000000   -1.0518662952e-04
15600.0000000    1.7779315356e-04
15660.0000000    1.6187227519e-04
15720.0000000    1.6475779298e-05
15780.0000000   -7.8551584265e-05
15840.0000000    1.6407707974e-05
15900.0000000    3.7595047845e-04
15960.0000000    6.5815453213e-04
16020.0000000    3.0270990167e-04
16080.0000000   -5.1204134712e-04
16140.0000000    1.1020147221e-03
16200.0000000    1.7601784911e-04
16260.0000000    4.5966643953e-04
16320.0000000    3.2906878108e-05
16380.0000000   -3.3729933184e-05
16440.0000000    6.9080730096e-05
16500.0000000    1.0899236096e-04
16560.0000000    2.8203762870e-04
16620.0000000    3.0078914488e-04
16680.0000000    2.3283752906e-03
16740.0000000    9.9244540213e-04
16800.0000000    1.2739551351e-04
16860.0000000    4.2264286649e-05
16920.0000000    1.6402021752e-04
16980.0000000    1.1286232442e-05
17040.0000000   -2.9104677908e-05
17100.0000000   -1.6665927476e-04
17160.0000000    5.6451633793e-05
17220.0000000    4.6188311364e-04
17280.0000000    7.8880474074e-04
17340.0000000    9.8598845049e-04
17400.0000000    7.6830182563e-04
17460.0000000    7.1311103451e-04
17520.0000000    2.5924211437e-04
17580.0000000    8.0056445156e-05
17640.0000000   -6.2239922019e-05
17700.0000000    2.5024339946e-04
17760.0000000    2.2927230026e-04
17820.0000000    2.0144853194e-04
17880.0000000    5.4935738400e-04
17940.0000000   -4.8856655458e-04
18000.0000000    9.0050338224e-04
18060.0000000   -3.1898379924e-04
18120.0000000    1.4036834149e-04
18180.0000000    1.4507857960e-04
18240.0000000   -1.1914075627e-05
18300.0000000    2.3939841267e-04
18360.0000000   -1.2173322832e-04
18420.0000000    3.4184192971e-04
18480.0000000    1.6831012380e-03
18540.0000000    9.7083378213e-04
18600.0000000    2.0701398156e-04
18660.0000000    8.7073530149e-04
18720.0000000    1.4446067045e-04
18780.0000000    3.6815819206e-04
18840.0000000    3.7166562021e-05
18900.0000000   -3.2286621932e-05
18960.0000000    3.0724340776e-04
19020.0000000    9.2719397931e-04
19080.0000000    1.1946645905e-04
19140.0000000    1.5036540475e-04
19200.0000000    5.2892793870e-03
19260.0000000    1.2329918414e-03
19320.0000000    4.6269159311e-05
19380.0000000    4.5020608910e-05
19440.0000000    1.2308067192e-04
19500.0000000    1.3422124620e-05
19560.0000000    4.8637597992e-05
19620.0000000    1.4600647118e-04
19680.0000000   -3.4697130279e-05
19740.0000000    2.1545121730e-04
19800.0000000    1.1973481192e-03
19860.0000000   -3.6502265691e-04
19920.0000000    2.9852726707e-04
19980.0000000    3.2083486094e-04
20040.0000000    1.7793940193e-04
20100.0000000    4.8871466327e-05
20160.0000000   -3.6442238199e-05
20220.0000000    7.5147395956e-05
20280.0000000    4.3333293851e-04
20340.0000000   -2.2329505411e-04
20400.0000000    8.0456585055e-04
20460.0000000    5.2373706587e-04
20520.0000000    7.8009664848e-04
20580.0000000    5.7186353519e-04
20640.0000000    5.2985265047e-06
20700.0000000    1.2332946833e-04
20760.0000000    2.4393259924e-05
20820.0000000    7.8912821273e-05
20880.0000000   -1.0677529365e-04
20940.0000000    8.4816697550e-05
21000.0000000    1.1946709648e-03
21060.0000000    6.7389121663e-04
21120.0000000    4.4536797012e-04
21180.0000000   -8.4165895646e-04
21240.0000000    3.0313554017e-04
21300.0000000    1.9837105395e-04
21360.0000000    2.3665447080e-05
21420.0000000   -5.0765582560e-05
21480.0000000    2.0081347961e-05
21540.0000000    3.8983236465e-04
21600.0000000    6.1550437243e-04
21660.0000000   -1.2576009013e-04
21720.0000000    1.5635150240e-03
21780.0000000    7.8886934560e-04
21840.0000000    7.1368205196e-05
21900.0000000    7.2854887857e-05
21960.0000000    5.7419671990e-05
22020.0000000   -3.3874002182e-05
22080.0000000    1.9112138028e-04
22140.0000000   -8.2401053803e-05
22200.0000000    4.2966072721e-04
22260.0000000    3.4259740955e-04
22320.0000000    7.7565429572e-04
22380.0000000   -4.3342841618e-04
22440.0000000    1.0517684443e-04
22500.0000000    4.6412674641e-04
22560.0000000    1.9499172172e-04
22620.0000000    7.4205396516e-06
22680.0000000    3.9164167961e-05
22740.0000000    4.9122209816e-05
22800.0000000    6.4322491991e-04
22860.0000000    7.1864405723e-04
22920.0000000    1.7965527680e-04
22980.0000000    1.4772779375e-03
23040.0000000    6.9907108635e-04
23100.0000000   -1.5590878308e-02
23160.0000000   -6.1274068249e-03
23220.0000000   -1.4700955523e-04
23280.0000000    8.0311828417e-05
23340.0000000    1.8000766048e-04
23400.0000000    6.3538711725e-04
23460.0000000    1.7449106736e-04
23520.0000000    4.5351808136e-04
23580.0000000    1.0808597236e-03
23640.0000000    4.0695763178e-04
23700.0000000   -1.8269625391e-05
23760.0000000    5.3741794792e-04
23820.0000000    1.7062892810e-04
23880.0000000    2.2385930718e-05
23940.0000000   -6.5035909038e-05
24000.0000000   -4.2999128858e-05
24060.0000000    7.8466295871e-04
24120.0000000    8.4529931480e-04
24180.0000000   -3.0611820544e-04
24240.0000000    4.0661640119e-04
24300.0000000    4.0906712109e-04
24360.0000000    1.5924158301e-04
24420.0000000   -1.6387250287e-05
24480.0000000    6.5520168218e-05
24540.0000000    3.4463859810e-06
24600.0000000    6.0439453636e-05
24660.0000000    1.4543365674e-04
24720.0000000    2.8002255524e-04
24780.0000000    1.3676514196e-04
24840.0000000    1.1976130860e-03
24900.0000000    1.0504636747e-03
24960.0000000    4.8999545915e-04
25020.0000000   -4.3012528307e-05
25080.0000000    1.5051790860e-05
25140.0000000    2.5141981633e-05
25200.0000000   -1.2219189709e-06
25260.0000000   -5.8728846171e-05
25320.0000000    5.2847626233e-04
25380.0000000    4.3373564339e-04
25440.0000000    6.9502147679e-04
25500.0000000    6.0371172325e-04
25560.0000000    1.0862181926e-03
25620.0000000    3.4838778310e-04
25680.0000000    1.9472121109e-04
25740.0000000    8.1594727210e-05
25800.0000000    1.2691228919e-05
25860.0000000    8.3692619340e-05
25920.0000000    4.5042913452e-04
25980.0000000   -7.3343836278e-04
26040.0000000    5.2344375639e-05
26100.0000000    5.9958565065e-04
26160.0000000    5.2234802416e-04
26220.0000000    4.3728787970e-04
26280.0000000    1.9948025853e-04
26340.0000000    1.2950461283e-04
26400.0000000   -1.7288133115e-05
26460.0000000   -6.8789141542e-05
26520.0000000    1.1468231607e-05
26580.0000000    3.3933106742e-04
26640.0000000   -9.6598454200e-04
26700.0000000    3.5225869995e-04
26760.0000000    1.0651781524e-04
26820.0000000    3.7477023667e-04
26880.0000000    4.3567834095e-04
26940.0000000    4.6729838244e-05
27000.0000000   -7.3862181594e-06
27060.0000000   -3.3607760241e-05
27120.0000000    8.5843792286e-05
27180.0000000    2.4218438494e-04
27240.0000000   -1.7427185995e-04
27300.0000000    2.6428072137e-04
27360.0000000    2.3821064226e-03
27420.0000000    6.2771423371e-04
27480.0000000    3.4780999898e-04
27540.0000000    1.6031469824e-04
27600.0000000    7.4306281261e-05
27660.0000000    1.6112673075e-07
27720.0000000    4.5640772520e-05
27780.0000000    6.0079103467e-04
27840.0000000    5.2349559334e-04
27900.0000000    6.9279300884e-04
27960.0000000    1.7446767263e-03
28020.0000000   -9.3407520873e-05
28080.0000000    6.9476550161e-04
28140.0000000    9.5788765791e-04
28200.0000000    2.1545029849e-04
28260.0000000    4.8856723875e-05
28320.0000000   -7.5594727036e-06
28380.0000000    1.4649863426e-04
28440.0000000    4.5822754528e-04
28500.0000000   -3.2839124736e-04
28560.0000000    1.0116735553e-03
28620.0000000    5.1951358028e-04
28680.0000000    9.4984128322e-04
28740.0000000   -1.6187369755e-04
28800.0000000   -3.9249757546e-04
28860.0000000   -1.6499403960e-05
28920.0000000    2.1334907255e-06
28980.0000000    4.1522631113e-05
29040.0000000    9.6294812242e-05
29100.0000000   -3.2365014143e-04
29160.0000000    3.0765356675e-04
29220.0000000    6.6768341771e-05
29280.0000000    1.0480669047e-03
29340.0000000    3.1838934547e-04
29400.0000000    2.5242827621e-04
29460.0000000    1.2946632949e-04
29520.0000000    3.0518497689e-05
29580.0000000   -3.8394862035e-05
29640.0000000    4.7976348619e-05
29700.0000000    5.7808219158e-04
29760.0000000    5.7501425351e-05
29820.0000000    2.5016757009e-04
29880.0000000    6.9807408078e-04
29940.0000000    4.3248242098e-04
30000.0000000    5.3757355901e-04
30060.0000000    1.7952826126e-04
30120.0000000    2.1703342733e-04
30180.0000000    3.2711179113e-05
30240.0000000    1.6891261084e-04
30300.0000000   -2.0685435766e-04
30360.0000000   -7.3406108399e-05
30420.0000000    4.7506950022e-04
