# t    rho at centre
0.000	0.0000
10.000	1.3953
20.000	1.6070
30.000	1.5997
40.000	1.9192
50.000	2.2395
60.000	2.6883
70.000	2.7799
80.000	2.9031
90.000	2.7185
100.000	3.2683
110.000	3.9485
120.000	3.6536
130.000	3.6738
140.000	3.7100
150.000	4.6182
160.000	4.9297
170.000	4.4556
180.000	4.6237
190.000	5.1493
200.000	5.8505
210.000	6.3359
220.000	4.7736
230.000	5.7232
240.000	6.7140
250.000	6.8322
260.000	6.9546
270.000	7.0857
280.000	7.0273
290.000	7.9662
300.000	10.0662
310.000	8.5389
320.000	8.2621
330.000	8.5713
340.000	9.7400
350.000	8.4263
360.000	9.0888
370.000	9.3158
380.000	10.2744
390.000	11.0399
400.000	10.0907
410.000	10.1660
420.000	10.8169
430.000	12.1137
440.000	13.6901
450.000	10.0827
460.000	12.8189
470.000	12.0962
480.000	13.7403
490.000	16.6949
500.000	16.1700
510.000	12.6758
520.000	14.0804
530.000	16.6899
540.000	16.8703
550.000	15.5979
560.000	15.4310
570.000	16.6384
580.000	17.0889
590.000	19.8190
600.000	17.3349
610.000	17.2095
620.000	18.6698
630.000	20.4734
640.000	21.2381
650.000	19.2902
660.000	19.3368
670.000	21.3897
680.000	23.4192
690.000	26.6557
700.000	21.3700
710.000	20.7641
720.000	23.8640
730.000	25.4477
740.000	23.6741
750.000	23.2563
760.000	23.8817
770.000	25.3328
780.000	29.3574
790.000	22.7502
800.000	25.1564
810.000	27.7733
820.000	31.7424
830.000	31.9980
840.000	28.4309
850.000	27.9669
860.000	30.1791
870.000	34.3702
880.000	39.3753
890.000	32.6479
900.000	32.2968
910.000	35.1630
920.000	40.1319
930.000	33.2643
940.000	30.9873
950.000	34.9182
960.000	38.2825
970.000	39.9919
980.000	46.5414
990.000	35.5670
1000.000	38.6723
1010.000	40.6584
1020.000	47.0644
1030.000	39.9789
1040.000	38.1817
1050.000	39.5703
1060.000	42.8714
1070.000	43.8001
1080.000	47.1948
1090.000	40.9114
1100.000	45.9347
1110.000	48.9888
1120.000	53.2614
1130.000	41.3023
1140.000	44.0849
1150.000	50.4053
1160.000	49.6947
1170.000	48.9833
1180.000	44.2639
1190.000	49.6579
1200.000	52.8081
1210.000	64.4709
1220.000	54.4255
1230.000	51.4149
1240.000	49.4214
1250.000	59.2884
1260.000	71.3765
1270.000	63.9227
1280.000	54.2426
1290.000	59.0624
1300.000	64.7828
1310.000	57.4190
1320.000	54.5689
1330.000	57.7299
1340.000	64.1769
1350.000	64.0818
1360.000	55.2178
1370.000	70.2636
1380.000	61.2114
1390.000	69.6477
1400.000	84.8478
1410.000	78.5132
1420.000	65.9407
1430.000	65.2605
1440.000	75.1760
1450.000	63.7799
1460.000	69.8265
1470.000	69.6235
1480.000	71.9996
1490.000	78.0594
1500.000	81.2506
1510.000	77.0868
1520.000	72.8781
1530.000	70.6254
1540.000	86.0234
1550.000	70.2465
1560.000	74.7292
1570.000	75.7989
1580.000	86.0786
1590.000	93.1242
1600.000	100.9731
1610.000	71.0736
1620.000	81.0355
1630.000	91.7509
1640.000	101.2326
1650.000	106.7448
1660.000	92.9285
1670.000	84.4292
1680.000	93.8116
1690.000	105.9815
1700.000	96.3339
1710.000	88.4014
1720.000	96.1631
1730.000	98.3852
1740.000	91.6386
1750.000	93.6045
1760.000	94.6804
1770.000	97.3173
1780.000	109.5532
1790.000	112.9504
1800.000	113.0222
1810.000	97.5605
1820.000	99.9831
1830.000	114.5825
1840.000	114.8314
1850.000	109.4114
1860.000	105.2486
1870.000	115.4235
1880.000	118.3209
1890.000	104.4598
1900.000	102.0294
1910.000	115.8119
1920.000	116.1475
1930.000	133.3569
1940.000	138.9889
1950.000	116.8089
1960.000	110.8624
1970.000	129.0221
1980.000	153.5061
1990.000	139.0140
2000.000	115.5066
2010.000	124.5608
2020.000	132.6361
2030.000	141.2356
2040.000	120.1947
2050.000	124.2814
2060.000	130.8920
2070.000	149.8724
2080.000	183.0433
2090.000	131.0499
2100.000	128.9784
2110.000	135.9013
2120.000	147.8573
2130.000	131.7718
2140.000	132.1298
2150.000	126.7529
2160.000	148.9448
2170.000	159.6287
2180.000	178.6800
2190.000	142.1870
2200.000	133.4439
2210.000	145.5693
2220.000	176.8788
2230.000	133.6751
2240.000	143.1439
2250.000	147.7892
2260.000	157.9618
2270.000	160.5615
2280.000	127.2349
2290.000	140.4923
2300.000	156.0300
2310.000	178.8609
2320.000	172.8556
2330.000	175.5356
2340.000	146.8458
2350.000	158.6383
2360.000	185.0263
2370.000	199.4613
2380.000	176.0940
2390.000	158.5630
2400.000	172.9157
2410.000	162.6558
2420.000	188.8280
2430.000	161.4295
2440.000	162.8766
2450.000	191.2589
2460.000	168.9266
2470.000	200.5652
2480.000	169.9687
2490.000	166.6863
2500.000	200.4332
2510.000	208.8348
2520.000	169.5056
2530.000	174.1792
2540.000	175.7593
2550.000	198.6701
2560.000	206.6960
2570.000	180.3048
2580.000	179.1877
2590.000	189.6705
2600.000	203.6546
2610.000	222.6984
2620.000	249.7290
2630.000	177.1914
2640.000	192.6631
2650.000	215.8624
2660.000	182.1587
2670.000	180.0869
2680.000	191.1038
2690.000	209.2585
2700.000	216.4451
2710.000	190.0589
2720.000	190.3074
2730.000	189.8856
2740.000	212.7750
2750.000	261.4869
2760.000	257.7297
2770.000	201.4612
2780.000	203.5513
2790.000	226.5702
2800.000	229.4048
2810.000	246.3193
2820.000	196.7475
2830.000	213.2879
2840.000	223.0571
2850.000	224.6467
2860.000	222.9219
2870.000	202.9330
2880.000	203.5837
2890.000	211.5544
2900.000	266.4931
2910.000	217.8953
2920.000	203.6409
2930.000	206.9661
2940.000	257.4538
2950.000	250.6764
2960.000	189.3838
2970.000	216.1346
2980.000	234.2981
2990.000	242.9003
3000.000	239.4688
3010.000	213.6146
3020.000	213.8554
3030.000	244.1234
3040.000	304.4862
3050.000	240.4042
3060.000	223.2251
3070.000	239.6040
3080.000	255.9047
3090.000	271.4080
3100.000	241.5385
3110.000	228.1150
3120.000	227.1042
3130.000	257.2681
3140.000	272.6539
3150.000	275.2474
3160.000	229.9951
3170.000	245.0668
3180.000	273.8201
3190.000	277.4132
3200.000	249.1863
3210.000	231.3430
3220.000	256.7890
3230.000	257.4505
3240.000	243.0591
3250.000	230.6595
3260.000	239.1032
3270.000	257.2553
3280.000	293.9887
3290.000	269.1944
3300.000	259.4254
3310.000	220.5337
3320.000	261.8117
3330.000	288.7430
3340.000	260.4666
3350.000	241.1568
3360.000	234.0988
3370.000	278.2330
3380.000	266.1188
3390.000	222.9224
3400.000	238.8291
3410.000	252.5134
3420.000	280.6624
3430.000	305.4652
3440.000	202.7938
3450.000	243.4178
3460.000	261.2645
3470.000	276.0904
3480.000	287.3139
3490.000	269.0649
3500.000	250.0487
3510.000	275.3899
3520.000	328.7348
3530.000	281.1219
3540.000	272.1897
3550.000	257.5241
3560.000	279.0813
3570.000	263.4542
3580.000	266.3055
3590.000	275.5185
3600.000	260.5044
3610.000	277.3824
3620.000	267.9433
3630.000	258.1549
3640.000	253.3040
3650.000	262.6076
3660.000	295.4993
3670.000	242.1019
3680.000	299.9845
3690.000	259.1497
3700.000	246.7330
3710.000	305.5622
3720.000	334.0045
3730.000	251.5337
3740.000	254.5733
3750.000	273.3796
3760.000	279.9767
3770.000	264.6276
3780.000	249.7152
3790.000	260.5590
3800.000	278.7145
3810.000	293.2888
3820.000	278.9099
3830.000	256.9450
3840.000	254.9419
3850.000	279.5364
3860.000	320.3813
3870.000	286.2428
3880.000	272.7300
3890.000	262.1487
3900.000	283.2287
3910.000	344.9782
3920.000	271.8401
3930.000	267.6092
3940.000	270.0118
3950.000	288.1409
