  10.0000000    5.8657818347e+01   -5.9879708776e+01
  20.0000000    1.1553457813e+02   -1.1819434824e+02
  30.0000000    1.7627336585e+02   -1.8056909391e+02
  40.0000000    2.3616149741e+02   -2.4213399195e+02
  50.0000000    2.9440343000e+02   -3.0093438956e+02
  60.0000000    3.5243558663e+02   -3.5913489401e+02
  70.0000000    4.0735202135e+02   -4.1445782685e+02
  80.0000000    4.8838866629e+02   -4.9569152437e+02
  90.0000000    4.9450582310e+02   -4.9761903838e+02
 100.0000000    5.7906705222e+02   -5.8915140960e+02
 110.0000000    6.2923966032e+02   -6.3728731434e+02
 120.0000000    6.6784123617e+02   -6.8031083370e+02
 130.0000000    7.1585409042e+02   -7.3222893144e+02
 140.0000000    7.4098104305e+02   -7.5247512780e+02
 150.0000000    8.0400082045e+02   -8.2527040510e+02
 160.0000000    8.8662901414e+02   -8.9348788664e+02
 170.0000000    9.3048400402e+02   -9.4926267556e+02
 180.0000000    9.2977188136e+02   -9.4383397948e+02
 190.0000000    9.9802542698e+02   -1.0237887508e+03
 200.0000000    9.9867173502e+02   -1.0089050393e+03
 210.0000000    1.0480754807e+03   -1.0587660894e+03
 220.0000000    1.0983357809e+03   -1.1015506714e+03
 230.0000000    1.1735507457e+03   -1.1694882778e+03
 240.0000000    1.1839215140e+03   -1.1799462333e+03
 250.0000000    1.2546252749e+03   -1.2434222740e+03
 260.0000000    1.2958315753e+03   -1.2816362821e+03
 270.0000000    1.3109680770e+03   -1.2930754798e+03
 280.0000000    1.3462857147e+03   -1.3302021884e+03
 290.0000000    1.4194121353e+03   -1.4147780444e+03
 300.0000000    1.4317596046e+03   -1.4253386678e+03
 310.0000000    1.4733648810e+03   -1.4721897246e+03
 320.0000000    1.4779127606e+03   -1.4800183324e+03
 330.0000000    1.5270513916e+03   -1.5125663259e+03
 340.0000000    1.5188237059e+03   -1.5129500564e+03
 350.0000000    1.6236007900e+03   -1.6412397074e+03
 360.0000000    1.6719565781e+03   -1.6672090532e+03
 370.0000000    1.7558040257e+03   -1.7467167039e+03
 380.0000000    1.6975461799e+03   -1.6793788947e+03
 390.0000000    1.7375761936e+03   -1.7229372302e+03
 400.0000000    1.8512926496e+03   -1.8517697338e+03
 410.0000000    1.8152622210e+03   -1.8054547907e+03
 420.0000000    1.8424120537e+03   -1.8265577399e+03
 430.0000000    1.9234140350e+03   -1.9147575118e+03
 440.0000000    1.9404416041e+03   -1.9110205602e+03
 450.0000000    1.9853279056e+03   -1.9511961785e+03
 460.0000000    2.0235927684e+03   -1.9986655365e+03
 470.0000000    2.0747525060e+03   -2.0398932521e+03
 480.0000000    2.0641393367e+03   -2.0250237610e+03
 490.0000000    2.0642340651e+03   -2.0223464354e+03
 500.0000000    2.2177144167e+03   -2.2259759188e+03
 510.0000000    2.2089847438e+03   -2.1962411471e+03
 520.0000000    2.2927744616e+03   -2.2814896448e+03
 530.0000000    2.3274406219e+03   -2.3157050125e+03
 540.0000000    2.3326522207e+03   -2.2887205828e+03
 550.0000000    2.3225156590e+03   -2.2643782073e+03
 560.0000000    2.3646475853e+03   -2.3590340876e+03
 570.0000000    2.3761022451e+03   -2.2952846758e+03
 580.0000000    2.5036053640e+03   -2.4546215447e+03
 590.0000000    2.4337893180e+03   -2.3463956541e+03
 600.0000000    2.5378080697e+03   -2.4764156972e+03
 610.0000000    2.5918725077e+03   -2.5248849124e+03
 620.0000000    2.5308818057e+03   -2.4629043263e+03
 630.0000000    2.5810955009e+03   -2.5064965464e+03
 640.0000000    2.6029335249e+03   -2.5314307153e+03
 650.0000000    2.5709505585e+03   -2.4944661122e+03
 660.0000000    2.7227376944e+03   -2.6998561221e+03
 670.0000000    2.5891711787e+03   -2.4775492296e+03
 680.0000000    2.7011402567e+03   -2.5910586510e+03
 690.0000000    2.6996564201e+03   -2.6210452151e+03
 700.0000000    2.6076404494e+03   -2.4098002132e+03
 710.0000000    2.7145875496e+03   -2.5513018313e+03
 720.0000000    2.7892946388e+03   -2.6827660450e+03
 730.0000000    2.7077364300e+03   -2.5553213764e+03
 740.0000000    2.7927892955e+03   -2.6523411192e+03
 750.0000000    2.7741185024e+03   -2.6645032442e+03
 760.0000000    2.7627085329e+03   -2.6053077616e+03
 770.0000000    2.7998499900e+03   -2.6899555686e+03
 780.0000000    2.7725011321e+03   -2.5676435004e+03
 790.0000000    2.7644805398e+03   -2.6368581915e+03
 800.0000000    2.8456024482e+03   -2.7184399481e+03
 810.0000000    2.8524722506e+03   -2.7320877274e+03
 820.0000000    2.9188751955e+03   -2.7108276140e+03
 830.0000000    2.8982774822e+03   -2.8395483449e+03
 840.0000000    2.9082192233e+03   -2.7021549106e+03
 850.0000000    2.9165765686e+03   -2.7511099138e+03
 860.0000000    3.0007474330e+03   -2.8241275253e+03
 870.0000000    3.0211844635e+03   -2.8214644722e+03
 880.0000000    2.9993871171e+03   -2.7707536208e+03
 890.0000000    3.1139608865e+03   -2.9391893048e+03
 900.0000000    3.0896913875e+03   -2.8263871083e+03
 910.0000000    2.9636949935e+03   -2.6874755500e+03
 920.0000000    3.2430711961e+03   -3.0376857014e+03
 930.0000000    3.2887511037e+03   -3.1328217276e+03
 940.0000000    3.2123327091e+03   -2.9400597307e+03
 950.0000000    3.4137280874e+03   -3.1740652825e+03
 960.0000000    3.4279978762e+03   -3.1061068866e+03
 970.0000000    3.3811275743e+03   -3.0603133307e+03
 980.0000000    3.5631545736e+03   -3.3298432213e+03
 990.0000000    3.5640751865e+03   -3.2483263795e+03
1000.0000000    3.7010297124e+03   -3.4174520551e+03
1010.0000000    3.6661155994e+03   -3.3455349653e+03
1020.0000000    3.9687670645e+03   -3.7298395559e+03
1030.0000000    3.7305944253e+03   -3.4002136082e+03
1040.0000000    3.8886992658e+03   -3.5219694432e+03
1050.0000000    4.0445504422e+03   -3.6833938344e+03
1060.0000000    4.0097531305e+03   -3.6661230718e+03
1070.0000000    4.0706771951e+03   -3.7599548102e+03
1080.0000000    4.1001242097e+03   -3.6923969462e+03
1090.0000000    4.1176415200e+03   -3.7462536927e+03
1100.0000000    4.2897603836e+03   -3.8606758326e+03
1110.0000000    4.3590289323e+03   -4.0650314627e+03
1120.0000000    4.4670352851e+03   -4.1417114102e+03
1130.0000000    4.6065907911e+03   -4.2365723157e+03
1140.0000000    4.4326101979e+03   -4.0490402514e+03
1150.0000000    4.5082946672e+03   -4.1269641801e+03
1160.0000000    4.6665953191e+03   -4.2993373366e+03
1170.0000000    4.4785288995e+03   -4.1676915562e+03
1180.0000000    4.7793662033e+03   -4.3744929929e+03
1190.0000000    4.6112130918e+03   -4.3077100508e+03
1200.0000000    5.0165758359e+03   -4.7794443104e+03
1210.0000000    4.8634217699e+03   -4.4920361816e+03
1220.0000000    4.9456266149e+03   -4.5490733294e+03
1230.0000000    4.9786880485e+03   -4.5498627569e+03
1240.0000000    4.9001546311e+03   -4.3437888080e+03
1250.0000000    4.9793476742e+03   -4.5488401196e+03
1260.0000000    4.9859798200e+03   -4.6122154052e+03
1270.0000000    5.0844319842e+03   -4.7559471692e+03
1280.0000000    4.9968294326e+03   -4.6783195667e+03
1290.0000000    5.1617064998e+03   -4.8884949372e+03
1300.0000000    4.9603639763e+03   -4.5913727955e+03
1310.0000000    4.9807189618e+03   -4.5839452004e+03
1320.0000000    4.7917945010e+03   -4.4119252978e+03
1330.0000000    5.0246425762e+03   -4.7012170045e+03
1340.0000000    4.9183297248e+03   -4.6059344733e+03
1350.0000000    4.8208547460e+03   -4.3848192514e+03
1360.0000000    4.9373839928e+03   -4.5749229959e+03
1370.0000000    4.8849823134e+03   -4.4547895871e+03
1380.0000000    4.8755958190e+03   -4.4773351212e+03
1390.0000000    4.7893482257e+03   -4.4820430853e+03
1400.0000000    4.8489159860e+03   -4.4748034021e+03
1410.0000000    4.6848600330e+03   -4.3404186830e+03
1420.0000000    4.6203644544e+03   -4.2303986333e+03
1430.0000000    4.6929162762e+03   -4.2398051552e+03
1440.0000000    4.7187050648e+03   -4.3691178370e+03
1450.0000000    4.6279588915e+03   -3.9602349390e+03
1460.0000000    4.5536844649e+03   -4.1680789494e+03
1470.0000000    4.7515142480e+03   -4.4083993762e+03
1480.0000000    4.5802277727e+03   -3.9400803388e+03
1490.0000000    4.6809599446e+03   -4.3469263417e+03
1500.0000000    4.7040213173e+03   -4.2012307774e+03
1510.0000000    4.5798219900e+03   -4.0733693476e+03
1520.0000000    4.5874655744e+03   -4.2276781478e+03
1530.0000000    4.7434150609e+03   -4.4668170802e+03
1540.0000000    4.6015411320e+03   -4.2894744765e+03
1550.0000000    4.7348059928e+03   -4.2289259903e+03
1560.0000000    4.7603277933e+03   -4.2982398304e+03
1570.0000000    4.7978251429e+03   -4.2053196590e+03
1580.0000000    4.7065617988e+03   -4.1644689717e+03
1590.0000000    4.7546408772e+03   -4.3559517148e+03
1600.0000000    4.8689851836e+03   -4.5166365007e+03
1610.0000000    4.9715648314e+03   -4.4874418523e+03
1620.0000000    4.9810536483e+03   -4.5709144130e+03
1630.0000000    5.0261666315e+03   -4.5317389831e+03
1640.0000000    4.8993536832e+03   -4.4747219005e+03
1650.0000000    5.1303156234e+03   -4.7404684833e+03
1660.0000000    5.1558016724e+03   -4.6967449504e+03
1670.0000000    5.2149764752e+03   -4.8044369508e+03
1680.0000000    5.3014510476e+03   -4.8124553056e+03
1690.0000000    5.3806498414e+03   -4.8716291988e+03
1700.0000000    5.3897960107e+03   -4.8390452221e+03
1710.0000000    5.5795170756e+03   -4.9840222649e+03
1720.0000000    5.7224291472e+03   -5.3924465753e+03
1730.0000000    5.8436414351e+03   -5.4904078721e+03
1740.0000000    5.9807996769e+03   -5.5707034642e+03
1750.0000000    5.8682147571e+03   -5.4323157429e+03
1760.0000000    5.9120767749e+03   -5.5625173731e+03
1770.0000000    6.0516203851e+03   -5.6710760627e+03
1780.0000000    6.2024248893e+03   -5.7789777401e+03
1790.0000000    6.2669453730e+03   -5.8522968747e+03
1800.0000000    6.4109803204e+03   -6.1772721851e+03
1810.0000000    6.7396166613e+03   -6.5257254351e+03
1820.0000000    6.6536972948e+03   -6.2124388033e+03
1830.0000000    6.7335815544e+03   -6.2309286327e+03
1840.0000000    6.9917888150e+03   -6.5888917233e+03
1850.0000000    6.7729608838e+03   -6.3462691214e+03
1860.0000000    6.9946213318e+03   -6.6163426366e+03
1870.0000000    6.9234836645e+03   -6.6008574737e+03
1880.0000000    7.2244703597e+03   -6.9552464414e+03
1890.0000000    7.2532613827e+03   -7.0673949872e+03
1900.0000000    7.4816363780e+03   -7.2921424340e+03
1910.0000000    7.3121629060e+03   -7.0223033430e+03
1920.0000000    7.3768253227e+03   -7.0534973094e+03
1930.0000000    7.5114407191e+03   -7.1357385105e+03
1940.0000000    7.5053667827e+03   -7.3557960402e+03
1950.0000000    7.5344042223e+03   -7.2298388022e+03
1960.0000000    7.5679850449e+03   -7.2561188849e+03
1970.0000000    7.8161101621e+03   -7.6612064806e+03
1980.0000000    7.5791859692e+03   -7.3495347831e+03
1990.0000000    7.6433316117e+03   -7.5583908323e+03
2000.0000000    7.6073172901e+03   -7.4396094726e+03
2010.0000000    7.7769562747e+03   -7.6317189161e+03
2020.0000000    7.5773462716e+03   -7.4608714681e+03
2030.0000000    7.6757286920e+03   -7.5016338955e+03
2040.0000000    7.5880958443e+03   -7.2899711257e+03
2050.0000000    7.7179114205e+03   -7.5953366036e+03
2060.0000000    7.7118149058e+03   -7.4424813827e+03
2070.0000000    7.6317805887e+03   -7.4629161720e+03
2080.0000000    7.7142754503e+03   -7.4300777760e+03
2090.0000000    7.4211128364e+03   -7.1344274013e+03
2100.0000000    7.5175302286e+03   -7.4525224403e+03
2110.0000000    7.6596162305e+03   -7.4849580871e+03
2120.0000000    7.3970978861e+03   -7.2142275760e+03
2130.0000000    7.6977596560e+03   -7.4294412045e+03
2140.0000000    7.4107562904e+03   -7.1222654321e+03
2150.0000000    7.7881791836e+03   -7.6860175287e+03
2160.0000000    7.4911432943e+03   -7.2056287492e+03
2170.0000000    7.5015788457e+03   -7.3297317186e+03
2180.0000000    7.6293338223e+03   -7.4352005391e+03
2190.0000000    7.4230969717e+03   -7.1201358314e+03
2200.0000000    7.5959544984e+03   -7.3761567571e+03
2210.0000000    7.3797103877e+03   -7.2198640494e+03
2220.0000000    7.5257910925e+03   -7.3664809661e+03
2230.0000000    7.4380540185e+03   -7.3714223652e+03
2240.0000000    7.5057227175e+03   -7.3519468745e+03
2250.0000000    7.3430340564e+03   -7.1004912987e+03
2260.0000000    7.3256520953e+03   -7.1777196352e+03
2270.0000000    7.3451626320e+03   -7.1822760341e+03
2280.0000000    7.4124134617e+03   -7.2298980156e+03
2290.0000000    7.3039811282e+03   -7.1038879340e+03
2300.0000000    7.3738318718e+03   -7.2026053531e+03
2310.0000000    7.3920023510e+03   -7.3208357730e+03
2320.0000000    7.1274132941e+03   -7.0164485439e+03
2330.0000000    7.2164073233e+03   -7.0062911393e+03
2340.0000000    7.2804178483e+03   -7.0974577585e+03
2350.0000000    7.0522659834e+03   -6.6721085063e+03
2360.0000000    7.2449186311e+03   -7.0938264829e+03
2370.0000000    7.3090554941e+03   -7.0183605466e+03
2380.0000000    7.2685496418e+03   -6.9265657212e+03
2390.0000000    7.1683345433e+03   -6.8779099847e+03
2400.0000000    7.3809007394e+03   -7.0777522955e+03
2410.0000000    7.1872555530e+03   -6.8829069585e+03
2420.0000000    7.0149695307e+03   -6.5953421906e+03
2430.0000000    7.3754198418e+03   -7.0457615223e+03
2440.0000000    7.2191364317e+03   -6.9812026743e+03
2450.0000000    7.4226721400e+03   -7.1586798198e+03
2460.0000000    7.5191235164e+03   -7.2176426713e+03
2470.0000000    7.5400967013e+03   -7.2078403491e+03
2480.0000000    7.4106145613e+03   -7.0021706487e+03
2490.0000000    7.6705035338e+03   -7.4203645745e+03
2500.0000000    7.7927628521e+03   -7.3697409938e+03
2510.0000000    7.5939221240e+03   -7.1845414456e+03
2520.0000000    7.9027382287e+03   -7.4816910281e+03
2530.0000000    7.9063046473e+03   -7.7541533061e+03
2540.0000000    7.7568604852e+03   -7.4886530678e+03
2550.0000000    8.1187919200e+03   -7.9751647553e+03
2560.0000000    8.1365216978e+03   -7.8317151859e+03
2570.0000000    8.2596721640e+03   -7.9573791023e+03
2580.0000000    8.3746420761e+03   -8.0572570383e+03
2590.0000000    8.6005997707e+03   -8.3900801907e+03
2600.0000000    8.4803657691e+03   -8.1171449188e+03
2610.0000000    8.5880113523e+03   -8.3296760193e+03
2620.0000000    8.8497982050e+03   -8.7383029092e+03
2630.0000000    8.8067236843e+03   -8.3175618488e+03
2640.0000000    8.8905454984e+03   -8.6128045585e+03
2650.0000000    9.0854058819e+03   -8.7486432875e+03
2660.0000000    9.0827207887e+03   -8.9942612754e+03
2670.0000000    9.4307535996e+03   -9.2014880841e+03
2680.0000000    9.4918884586e+03   -9.2117812093e+03
2690.0000000    9.3576839176e+03   -9.0765540238e+03
2700.0000000    9.6531091318e+03   -9.3359174478e+03
2710.0000000    9.8501345300e+03   -9.6835735460e+03
2720.0000000    9.9444995390e+03   -9.6632501594e+03
2730.0000000    9.8878187786e+03   -9.5223676257e+03
2740.0000000    1.0389031208e+04   -1.0461734962e+04
2750.0000000    1.0056837653e+04   -9.7785884663e+03
2760.0000000    9.9084538650e+03   -9.6466867486e+03
2770.0000000    1.0586615544e+04   -1.0562343925e+04
2780.0000000    1.0380574985e+04   -1.0158852163e+04
2790.0000000    1.0531982380e+04   -1.0267019034e+04
2800.0000000    1.0734373178e+04   -1.0547050239e+04
2810.0000000    1.0713587212e+04   -1.0684364611e+04
2820.0000000    1.0822152943e+04   -1.0503078961e+04
2830.0000000    1.0706273141e+04   -1.0528792853e+04
2840.0000000    1.1242290015e+04   -1.1131078181e+04
2850.0000000    1.0779515723e+04   -1.0377843364e+04
2860.0000000    1.1239204510e+04   -1.1128464437e+04
2870.0000000    1.1133705313e+04   -1.1235448255e+04
2880.0000000    1.0716590927e+04   -1.0599106612e+04
2890.0000000    1.1024686381e+04   -1.0745400735e+04
2900.0000000    1.1290406230e+04   -1.1153227221e+04
2910.0000000    1.1138900066e+04   -1.0896573672e+04
2920.0000000    1.1304694425e+04   -1.0984956926e+04
2930.0000000    1.1494827433e+04   -1.1473600786e+04
2940.0000000    1.1251040564e+04   -1.1115501396e+04
2950.0000000    1.1083413379e+04   -1.0991006251e+04
2960.0000000    1.1295081544e+04   -1.1231230369e+04
2970.0000000    1.1184073058e+04   -1.0934555627e+04
2980.0000000    1.0968608034e+04   -1.0762077286e+04
2990.0000000    1.1215350124e+04   -1.0946650208e+04
3000.0000000    1.1560905563e+04   -1.1660787207e+04
3010.0000000    1.1191114531e+04   -1.0952965152e+04
3020.0000000    1.1024985854e+04   -1.0831587354e+04
3030.0000000    1.1230346280e+04   -1.1455488910e+04
3040.0000000    1.1089411856e+04   -1.0803972237e+04
3050.0000000    1.0944354564e+04   -1.0895633488e+04
3060.0000000    1.1120605407e+04   -1.0911647571e+04
3070.0000000    1.1176183606e+04   -1.1259631765e+04
3080.0000000    1.0965658902e+04   -1.1085238857e+04
3090.0000000    1.0817446112e+04   -1.0827840387e+04
3100.0000000    1.0684279604e+04   -1.0735040221e+04
3110.0000000    1.0961285461e+04   -1.0727301442e+04
3120.0000000    1.0700390699e+04   -1.0513048226e+04
3130.0000000    1.0857181873e+04   -1.0465974753e+04
3140.0000000    1.0645469923e+04   -1.0454972803e+04
3150.0000000    1.0493877113e+04   -1.0431432615e+04
3160.0000000    1.0730972803e+04   -1.0708139620e+04
3170.0000000    1.0268557255e+04   -1.0047917038e+04
3180.0000000    1.0706156158e+04   -1.0587982522e+04
3190.0000000    1.0488533286e+04   -1.0203052865e+04
3200.0000000    1.0227656731e+04   -1.0096149187e+04
3210.0000000    1.0437197619e+04   -1.0355194358e+04
3220.0000000    1.0169791977e+04   -1.0026678125e+04
3230.0000000    1.0132045437e+04   -9.9381846125e+03
3240.0000000    1.0312276288e+04   -1.0122015069e+04
3250.0000000    1.0296091401e+04   -9.8777768453e+03
3260.0000000    1.0180889118e+04   -9.6848332016e+03
3270.0000000    9.9178135578e+03   -9.4623165396e+03
3280.0000000    1.0395131315e+04   -1.0449379491e+04
3290.0000000    1.0305334074e+04   -1.0254876764e+04
3300.0000000    9.8981100216e+03   -9.5221674721e+03
3310.0000000    1.0151255460e+04   -9.9391848219e+03
3320.0000000    1.0020398252e+04   -9.7364646196e+03
3330.0000000    1.0085685134e+04   -9.7393326721e+03
3340.0000000    1.0314535756e+04   -9.8195123892e+03
3350.0000000    1.0262707321e+04   -1.0157882089e+04
3360.0000000    1.0387532302e+04   -1.0225897695e+04
3370.0000000    1.0291449650e+04   -1.0066567590e+04
3380.0000000    1.0295188664e+04   -9.9078289707e+03
3390.0000000    9.9060299870e+03   -9.4437710014e+03
3400.0000000    1.0403313271e+04   -1.0041258747e+04
3410.0000000    1.0449217302e+04   -1.0238486427e+04
3420.0000000    1.0164251323e+04   -9.8647942332e+03
3430.0000000    1.0585149715e+04   -1.0208132023e+04
3440.0000000    1.0587071966e+04   -1.0365069861e+04
3450.0000000    1.0770051502e+04   -1.0504860278e+04
3460.0000000    1.0519377808e+04   -9.9858546010e+03
3470.0000000    1.1073266754e+04   -1.0810774722e+04
3480.0000000    1.0639744578e+04   -1.0395249012e+04
3490.0000000    1.0558067333e+04   -1.0201741545e+04
3500.0000000    1.0866613288e+04   -1.0798342043e+04
3510.0000000    1.1059037017e+04   -1.0680587260e+04
3520.0000000    1.0883381667e+04   -1.0535920200e+04
3530.0000000    1.1441318923e+04   -1.1252308815e+04
3540.0000000    1.1184727552e+04   -1.1017523851e+04
3550.0000000    1.1178906025e+04   -1.0785584553e+04
3560.0000000    1.1272401214e+04   -1.0879736138e+04
3570.0000000    1.1254334900e+04   -1.1172551649e+04
3580.0000000    1.1495745002e+04   -1.1034978062e+04
3590.0000000    1.1264012704e+04   -1.0869727271e+04
3600.0000000    1.1755550144e+04   -1.1499790460e+04
3610.0000000    1.1577862375e+04   -1.1381329598e+04
3620.0000000    1.1803244890e+04   -1.1899903134e+04
3630.0000000    1.1851032790e+04   -1.1616041352e+04
3640.0000000    1.1499197746e+04   -1.1241838549e+04
3650.0000000    1.1927405816e+04   -1.1709176652e+04
3660.0000000    1.1959944524e+04   -1.1837174936e+04
3670.0000000    1.2000559453e+04   -1.1685781907e+04
3680.0000000    1.2158470173e+04   -1.1716081736e+04
3690.0000000    1.2228080814e+04   -1.2252210551e+04
3700.0000000    1.2131415473e+04   -1.1911933283e+04
3710.0000000    1.1678823123e+04   -1.1474518520e+04
3720.0000000    1.2396459611e+04   -1.2208744115e+04
3730.0000000    1.2031621137e+04   -1.1798059096e+04
3740.0000000    1.2483527849e+04   -1.2160530858e+04
3750.0000000    1.2506903364e+04   -1.2287055505e+04
3760.0000000    1.2443105044e+04   -1.2327567468e+04
3770.0000000    1.2584288632e+04   -1.2171069794e+04
3780.0000000    1.2369333737e+04   -1.2245026307e+04
3790.0000000    1.2927809718e+04   -1.2724354893e+04
3800.0000000    1.2499712876e+04   -1.1991296587e+04
3810.0000000    1.2939618376e+04   -1.2681679214e+04
3820.0000000    1.2984773593e+04   -1.3046071888e+04
3830.0000000    1.2679530294e+04   -1.2552959409e+04
3840.0000000    1.2652236414e+04   -1.2295613188e+04
3850.0000000    1.3244132487e+04   -1.3011619045e+04
3860.0000000    1.2944325200e+04   -1.2598736718e+04
3870.0000000    1.3145019790e+04   -1.2663079785e+04
3880.0000000    1.3367157155e+04   -1.3156211096e+04
3890.0000000    1.3407976048e+04   -1.3352431674e+04
3900.0000000    1.3299036374e+04   -1.3287764683e+04
3910.0000000    1.3368777162e+04   -1.3214776536e+04
3920.0000000    1.3387389943e+04   -1.3196943262e+04
3930.0000000    1.3144162365e+04   -1.2860802479e+04
3940.0000000    1.3529896753e+04   -1.3384862954e+04
3950.0000000    1.4196475781e+04   -1.4220527232e+04
3960.0000000    1.3615644915e+04   -1.3345987682e+04
3970.0000000    1.3796014877e+04   -1.3613400235e+04
3980.0000000    1.3930941251e+04   -1.3941600373e+04
3990.0000000    1.3916086388e+04   -1.3762278280e+04
4000.0000000    1.3652846875e+04   -1.3421551678e+04
4010.0000000    1.3990710672e+04   -1.3730037875e+04
