#          t            max rho 
   0.0000000    7.1857215379e-02
   5.0000000    3.4964737115e-02
  10.0000000    3.2842106962e-02
  15.0000000    3.5596491611e-02
  20.0000000    3.5075166075e-02
  25.0000000    3.3125030649e-02
  30.0000000    3.8030294432e-02
  35.0000000    3.3767690231e-02
  40.0000000    3.3588322505e-02
  45.0000000    3.5708214331e-02
  50.0000000    3.2672364978e-02
  55.0000000    3.4586848244e-02
  60.0000000    3.5556677959e-02
  65.0000000    3.2829738591e-02
  70.0000000    4.0735149186e-02
  75.0000000    3.5262596485e-02
  80.0000000    3.3704389296e-02
  85.0000000    3.5218909070e-02
  90.0000000    3.5081418113e-02
  95.0000000    3.4537873417e-02
 100.0000000    3.2586975655e-02
 105.0000000    3.4687402326e-02
 110.0000000    3.5197640092e-02
 115.0000000    3.2564091396e-02
 120.0000000    4.0826583143e-02
 125.0000000    3.5709026414e-02
 130.0000000    3.3011377376e-02
 135.0000000    4.4093874512e-02
 140.0000000    3.5923157789e-02
 145.0000000    3.3771821960e-02
 150.0000000    4.1627916765e-02
 155.0000000    3.5692552887e-02
 160.0000000    3.4732612075e-02
 165.0000000    3.2854254821e-02
 170.0000000    4.0436620436e-02
 175.0000000    3.5714901706e-02
 180.0000000    3.2053615841e-02
 185.0000000    5.1904033718e-02
 190.0000000    3.6478745114e-02
 195.0000000    3.2387979305e-02
 200.0000000    5.7194821373e-02
 205.0000000    3.8248880032e-02
 210.0000000    3.3368775707e-02
 215.0000000    5.4481077522e-02
 220.0000000    4.3289735019e-02
 225.0000000    4.2007747722e-02
 230.0000000    4.8326587409e-02
 235.0000000    4.5718196711e-02
 240.0000000    5.6568777419e-02
 245.0000000    5.4117600146e-02
 250.0000000    6.2628158940e-02
 255.0000000    6.6356827040e-02
 260.0000000    5.6166738511e-02
 265.0000000    7.2009873090e-02
 270.0000000    7.0026972344e-02
 275.0000000    5.1540969388e-02
 280.0000000    8.3285717545e-02
 285.0000000    8.0981526880e-02
 290.0000000    6.7679619839e-02
 295.0000000    9.0502575864e-02
 300.0000000    8.0995621169e-02
 305.0000000    8.7809115643e-02
 310.0000000    9.2911002106e-02
 315.0000000    7.1104127370e-02
 320.0000000    1.1442439582e-01
 325.0000000    1.0395113189e-01
 330.0000000    9.6266562151e-02
 335.0000000    1.2234611329e-01
 340.0000000    1.0328694175e-01
 345.0000000    1.2595903013e-01
 350.0000000    1.2714013902e-01
 355.0000000    8.8454992788e-02
 360.0000000    1.5171357846e-01
 365.0000000    1.4060150684e-01
 370.0000000    1.2735582498e-01
 375.0000000    1.5659403339e-01
 380.0000000    1.3727557849e-01
 385.0000000    1.6765037810e-01
 390.0000000    1.6197497865e-01
 395.0000000    1.2353835902e-01
 400.0000000    1.9692928958e-01
 405.0000000    1.7361906361e-01
 410.0000000    1.6443750932e-01
 415.0000000    2.0103609770e-01
 420.0000000    1.6582656502e-01
 425.0000000    2.1772008997e-01
 430.0000000    2.0957720494e-01
 435.0000000    1.5367153043e-01
 440.0000000    2.4603635205e-01
 445.0000000    2.2004452293e-01
 450.0000000    2.0322830819e-01
 455.0000000    2.4296139399e-01
 460.0000000    2.0819956766e-01
 465.0000000    2.7091945632e-01
 470.0000000    2.5115541468e-01
 475.0000000    1.9618744081e-01
 480.0000000    3.0063923517e-01
 485.0000000    2.5852721224e-01
 490.0000000    2.4613038689e-01
 495.0000000    2.9579818261e-01
 500.0000000    2.4134202890e-01
 505.0000000    3.2915649834e-01
 510.0000000    3.0695251079e-01
 515.0000000    2.2872782700e-01
 520.0000000    3.5676621762e-01
 525.0000000    3.1323634425e-01
 530.0000000    2.8843308627e-01
 535.0000000    3.4986925321e-01
 540.0000000    2.9053675751e-01
 545.0000000    3.8624330187e-01
 550.0000000    3.5112734947e-01
 555.0000000    2.7286629209e-01
 560.0000000    4.1577383205e-01
 565.0000000    3.5410595969e-01
 570.0000000    3.3309513684e-01
 575.0000000    4.0567643817e-01
 580.0000000    3.2624964904e-01
 585.0000000    4.4425635495e-01
 590.0000000    4.0952661151e-01
 595.0000000    3.0062934461e-01
 600.0000000    4.7226798196e-01
 605.0000000    4.1198389512e-01
 610.0000000    3.7190538133e-01
 615.0000000    4.5784897891e-01
 620.0000000    3.7896911828e-01
 625.0000000    4.9524035339e-01
 630.0000000    4.4989410351e-01
 635.0000000    3.3803218989e-01
 640.0000000    5.2750482068e-01
 645.0000000    4.5126914464e-01
 650.0000000    4.1222138176e-01
 655.0000000    5.0688311014e-01
 660.0000000    4.1302409442e-01
 665.0000000    5.4120968582e-01
 670.0000000    5.0237961119e-01
 675.0000000    3.6283172715e-01
 680.0000000    5.7466380751e-01
 685.0000000    5.0571731197e-01
 690.0000000    4.3895012676e-01
 695.0000000    5.4637655091e-01
 700.0000000    4.6304718563e-01
 705.0000000    5.7310016367e-01
 710.0000000    5.2966901063e-01
 715.0000000    3.9303628652e-01
 720.0000000    6.1484503285e-01
 725.0000000    5.3505507944e-01
 730.0000000    4.6638242027e-01
 735.0000000    5.7708292524e-01
 740.0000000    4.8850316888e-01
 745.0000000    5.9363507874e-01
 750.0000000    5.6506356558e-01
 755.0000000    4.0205572510e-01
 760.0000000    6.4041052000e-01
 765.0000000    5.7563739749e-01
 770.0000000    4.7319750557e-01
 775.0000000    6.0221704520e-01
 780.0000000    5.2653827099e-01
 785.0000000    5.9363951059e-01
 790.0000000    5.6855274260e-01
 795.0000000    4.2465148715e-01
 800.0000000    6.5580606691e-01
 805.0000000    5.8454689837e-01
 810.0000000    4.7699668016e-01
 815.0000000    6.2255756015e-01
 820.0000000    5.3387906055e-01
 825.0000000    5.8505898773e-01
 830.0000000    5.8772236722e-01
 835.0000000    4.3523944774e-01
 840.0000000    6.6257442731e-01
 845.0000000    5.9885778243e-01
 850.0000000    4.5605168489e-01
 855.0000000    6.2342931078e-01
 860.0000000    5.4862194890e-01
 865.0000000    5.4705883640e-01
 870.0000000    5.9169881054e-01
 875.0000000    4.5224407097e-01
 880.0000000    6.4792336152e-01
 885.0000000    5.7683388733e-01
 890.0000000    4.3925189679e-01
 895.0000000    6.2890643347e-01
 900.0000000    5.2816684331e-01
 905.0000000    5.0281647628e-01
 910.0000000    5.8144649736e-01
 915.0000000    4.6138543176e-01
 920.0000000    6.1625669399e-01
 925.0000000    5.6146408011e-01
 930.0000000    3.9746038404e-01
 935.0000000    6.1607158922e-01
 940.0000000    5.4209649119e-01
 945.0000000    4.6204872712e-01
 950.0000000    5.5740216925e-01
 955.0000000    4.7808901319e-01
 960.0000000    5.6118895958e-01
 965.0000000    5.2676597345e-01
 970.0000000    3.7384868053e-01
 975.0000000    5.8657251605e-01
 980.0000000    5.2210078381e-01
 985.0000000    4.3216509656e-01
 990.0000000    5.4439513553e-01
 995.0000000    4.6279866405e-01
1000.0000000    4.9717579128e-01
1005.0000000    5.0373463710e-01
1010.0000000    3.6733986056e-01
1015.0000000    5.5716515103e-01
1020.0000000    5.0708322307e-01
1025.0000000    3.8345224671e-01
1030.0000000    5.2925680700e-01
1035.0000000    4.5479023553e-01
1040.0000000    4.2607193208e-01
1045.0000000    4.7997133825e-01
1050.0000000    3.9989064122e-01
1055.0000000    5.0747254646e-01
1060.0000000    4.6347171051e-01
1065.0000000    3.3742526074e-01
1070.0000000    5.1537849555e-01
1075.0000000    4.5189528798e-01
1080.0000000    3.9989241775e-01
1085.0000000    4.7802459511e-01
1090.0000000    4.0055930573e-01
1095.0000000    4.4481032048e-01
1100.0000000    4.4809666228e-01
1105.0000000    3.2249402457e-01
1110.0000000    4.9869001573e-01
1115.0000000    4.6000983736e-01
1120.0000000    3.5903359780e-01
1125.0000000    4.8386822009e-01
1130.0000000    4.1777934486e-01
1135.0000000    4.0604565759e-01
1140.0000000    4.5082170940e-01
1145.0000000    3.7892068943e-01
1150.0000000    4.6901936129e-01
1155.0000000    4.3541559973e-01
1160.0000000    3.2170952676e-01
1165.0000000    4.9707842052e-01
1170.0000000    4.4309293011e-01
1175.0000000    3.9873163929e-01
1180.0000000    4.8452164924e-01
1185.0000000    4.0574388273e-01
1190.0000000    4.3061324685e-01
1195.0000000    4.6137062728e-01
1200.0000000    3.5971381281e-01
1205.0000000    5.1843297375e-01
1210.0000000    4.8128613733e-01
1215.0000000    3.7224637442e-01
1220.0000000    5.3967062025e-01
1225.0000000    4.7729137685e-01
1230.0000000    4.4830744745e-01
1235.0000000    5.1712213363e-01
1240.0000000    4.5149432251e-01
1245.0000000    5.1346457527e-01
1250.0000000    4.9994333406e-01
1255.0000000    3.8110903148e-01
1260.0000000    6.0189236723e-01
1265.0000000    5.3543510042e-01
1270.0000000    4.6585649026e-01
1275.0000000    6.1694899422e-01
1280.0000000    5.2019575963e-01
1285.0000000    5.2872002465e-01
1290.0000000    5.9712387773e-01
1295.0000000    4.9967071300e-01
1300.0000000    6.5862455570e-01
1305.0000000    6.1370314532e-01
1310.0000000    4.5023574393e-01
1315.0000000    7.2459713212e-01
1320.0000000    6.5414638663e-01
1325.0000000    5.7838979098e-01
1330.0000000    7.1541875569e-01
1335.0000000    6.4129548716e-01
1340.0000000    6.7889312721e-01
1345.0000000    7.3883461195e-01
1350.0000000    5.6577295791e-01
1355.0000000    8.4427926386e-01
1360.0000000    7.5304501896e-01
1365.0000000    6.1180123746e-01
1370.0000000    8.8664827927e-01
1375.0000000    7.5366141083e-01
1380.0000000    7.1291798988e-01
1385.0000000    8.8469603162e-01
1390.0000000    7.3748209899e-01
1395.0000000    9.3860450612e-01
1400.0000000    8.7883732724e-01
1405.0000000    6.4525469175e-01
1410.0000000    1.0418480629e+00
1415.0000000    9.4133369937e-01
1420.0000000    7.8503168124e-01
