#          t            max rho 
   0.0000000    1.5145499314e-02
   5.0000000    1.2604758897e-01
  10.0000000    1.8378121624e-01
  15.0000000    9.5122333471e-02
  20.0000000    6.7875649707e-02
  25.0000000    3.5108411170e-02
  30.0000000    6.1692156342e-02
  35.0000000    5.4693911429e-02
  40.0000000    6.7793651166e-02
  45.0000000    5.8088605593e-02
  50.0000000    5.9510484849e-02
  55.0000000    6.0245838283e-02
  60.0000000    6.1082562187e-02
  65.0000000    5.9929398890e-02
  70.0000000    6.0734595825e-02
  75.0000000    6.0344561936e-02
  80.0000000    6.0285197696e-02
  85.0000000    6.0464596658e-02
  90.0000000    6.0346091365e-02
  95.0000000    6.0601500395e-02
 100.0000000    6.0176894019e-02
 105.0000000    6.0475071799e-02
 110.0000000    6.0535990781e-02
 115.0000000    6.0260265101e-02
 120.0000000    6.0390900750e-02
 125.0000000    6.0561930257e-02
 130.0000000    6.0303907892e-02
 135.0000000    6.0337462684e-02
 140.0000000    6.0553964848e-02
 145.0000000    6.0367141929e-02
 150.0000000    6.0293580814e-02
 155.0000000    6.0527471893e-02
 160.0000000    6.0430601878e-02
 165.0000000    6.0268967702e-02
 170.0000000    6.0490654447e-02
 175.0000000    6.0476560591e-02
 180.0000000    6.0269033357e-02
 185.0000000    6.0446415296e-02
 190.0000000    6.0507251290e-02
 195.0000000    6.0303212962e-02
 200.0000000    6.0373359708e-02
 205.0000000    6.0547782752e-02
 210.0000000    6.0325797979e-02
 215.0000000    6.0330574706e-02
 220.0000000    6.0549661684e-02
 225.0000000    6.0366987701e-02
 230.0000000    6.0303506705e-02
 235.0000000    6.0517681964e-02
 240.0000000    6.0434519452e-02
 245.0000000    6.0264836698e-02
 250.0000000    6.0495236340e-02
 255.0000000    6.0475211992e-02
 260.0000000    6.0267991277e-02
 265.0000000    6.0446452383e-02
 270.0000000    6.0514635247e-02
 275.0000000    6.0285276263e-02
 280.0000000    6.0391956338e-02
 285.0000000    6.0540858054e-02
 290.0000000    6.0318780956e-02
 425.0000000    6.0496084406e-02
 430.0000000    6.0494582487e-02
 435.0000000    6.0257180483e-02
 440.0000000    6.0422994013e-02
 445.0000000    6.0560793335e-02
 450.0000000    6.0255817950e-02
 455.0000000    6.0378224195e-02
 460.0000000    6.0582829497e-02
 465.0000000    6.0288874429e-02
 470.0000000    6.0335151478e-02
 475.0000000    6.0569830494e-02
 480.0000000    6.0360163676e-02
 485.0000000    6.0276663613e-02
 490.0000000    6.0551308528e-02
 495.0000000    6.0437143392e-02
 500.0000000    6.0221116835e-02
 505.0000000    6.0537154105e-02
 510.0000000    6.0483773588e-02
 515.0000000    6.0215930427e-02
 520.0000000    6.0482806386e-02
 525.0000000    6.0537090703e-02
 530.0000000    6.0228437052e-02
 535.0000000    6.0416670772e-02
 540.0000000    6.0579732324e-02
 545.0000000    6.0258639834e-02
 550.0000000    6.0353033106e-02
 555.0000000    6.0594799904e-02
 560.0000000    6.0317632860e-02
 565.0000000    6.0283497985e-02
 570.0000000    6.0596808067e-02
 575.0000000    6.0382525156e-02
 580.0000000    6.0230402541e-02
 585.0000000    6.0575669478e-02
 590.0000000    6.0449245360e-02
 595.0000000    6.0202816339e-02
 600.0000000    6.0526627965e-02
 605.0000000    6.0518781662e-02
 610.0000000    6.0195293711e-02
 615.0000000    6.0463429433e-02
 620.0000000    6.0576134103e-02
 625.0000000    6.0213472026e-02
 630.0000000    6.0391870880e-02
 635.0000000    6.0612906691e-02
 640.0000000    6.0259076120e-02
 645.0000000    6.0315669520e-02
 650.0000000    6.0629798283e-02
 655.0000000    6.0320992524e-02
 660.0000000    6.0250387929e-02
 665.0000000    6.0618416871e-02
 670.0000000    6.0396486882e-02
 675.0000000    6.0201975680e-02
 680.0000000    6.0579468138e-02
 685.0000000    6.0478530358e-02
 690.0000000    6.0173591280e-02
 695.0000000    6.0521067252e-02
 700.0000000    6.0552886918e-02
 705.0000000    6.0172916611e-02
 710.0000000    6.0448324289e-02
 715.0000000    6.0608211014e-02
 720.0000000    6.0207187159e-02
 725.0000000    6.0358960388e-02
 730.0000000    6.0651661816e-02
 735.0000000    6.0255842741e-02
 740.0000000    6.0283078905e-02
 745.0000000    6.0656589313e-02
 750.0000000    6.0334377316e-02
 755.0000000    6.0210635920e-02
 760.0000000    6.0638666271e-02
 765.0000000    6.0419347817e-02
 770.0000000    6.0162731112e-02
 775.0000000    6.0589563584e-02
 780.0000000    6.0508194036e-02
 785.0000000    6.0140531827e-02
 790.0000000    6.0518088894e-02
 795.0000000    6.0587185005e-02
 800.0000000    6.0150494121e-02
 805.0000000    6.0428972830e-02
 810.0000000    6.0650047280e-02
 815.0000000    6.0188305272e-02
 820.0000000    6.0337576258e-02
 825.0000000    6.0682117240e-02
 830.0000000    6.0258176009e-02
 835.0000000    6.0246200629e-02
 840.0000000    6.0686951564e-02
 845.0000000    6.0345513950e-02
 850.0000000    6.0171116544e-02
 855.0000000    6.0660466293e-02
 860.0000000    6.0439829350e-02
 865.0000000    6.0125706229e-02
 870.0000000    6.0598597283e-02
 875.0000000    6.0536710740e-02
 880.0000000    6.0111386628e-02
 885.0000000    6.0509332780e-02
 890.0000000    6.0626416556e-02
 895.0000000    6.0126662079e-02
 900.0000000    6.0407303452e-02
 905.0000000    6.0694677792e-02
 910.0000000    6.0685075810e-02
 915.0000000    6.1411900215e-02
 920.0000000    6.2115355082e-02
 925.0000000    6.2718944217e-02
 930.0000000    6.3583194760e-02
 935.0000000    6.4252579058e-02
 940.0000000    6.4973437802e-02
 945.0000000    6.5712314072e-02
 950.0000000    6.6357248417e-02
 955.0000000    6.7243390342e-02
 960.0000000    6.7970529957e-02
 965.0000000    6.8638316449e-02
 970.0000000    6.9464638323e-02
 975.0000000    7.0259772806e-02
 980.0000000    7.1059689943e-02
 985.0000000    7.1832498101e-02
 990.0000000    7.2544102053e-02
 995.0000000    7.3404669522e-02
1000.0000000    7.4234534775e-02
1005.0000000    7.5017568112e-02
1010.0000000    7.5906216847e-02
1015.0000000    7.6748294136e-02
1020.0000000    7.7516945592e-02
1025.0000000    7.8417535837e-02
1030.0000000    7.9321806874e-02
1035.0000000    8.0135824299e-02
1040.0000000    8.1017026979e-02
1045.0000000    8.1784185789e-02
1050.0000000    8.2791266648e-02
1055.0000000    8.3666417777e-02
1060.0000000    8.4533819891e-02
1065.0000000    8.5487444036e-02
1070.0000000    8.6335669193e-02
1075.0000000    8.7362943026e-02
1080.0000000    8.8242313568e-02
1085.0000000    8.9185382351e-02
1090.0000000    9.0163461839e-02
1095.0000000    9.1094318121e-02
1100.0000000    9.2092477957e-02
1105.0000000    9.3034677238e-02
1110.0000000    9.4084134844e-02
1115.0000000    9.4998797714e-02
1120.0000000    9.6006623879e-02
1125.0000000    9.7103620935e-02
1130.0000000    9.8015363872e-02
1135.0000000    9.9085485045e-02
1140.0000000    1.0007133724e-01
1145.0000000    1.0113911286e-01
1150.0000000    1.0220229642e-01
1155.0000000    1.0321496297e-01
1160.0000000    1.0435489494e-01
1165.0000000    1.0534198332e-01
1170.0000000    1.0643562939e-01
1175.0000000    1.0758247438e-01
1180.0000000    1.0857915943e-01
1185.0000000    1.0979291958e-01
1190.0000000    1.1086022639e-01
1195.0000000    1.1202886606e-01
1200.0000000    1.1310807187e-01
1205.0000000    1.1424064269e-01
1210.0000000    1.1548386108e-01
1215.0000000    1.1650304016e-01
1220.0000000    1.1779320589e-01
1225.0000000    1.1891825815e-01
1230.0000000    1.2005648747e-01
