#          t            max rho 
   0.0000000    4.6123529236e-02
   5.0000000    1.0382818866e-02
  10.0000000    1.3982948773e-02
  15.0000000    2.3768272592e-02
  20.0000000    1.6925022484e-02
  25.0000000    1.6129477012e-02
  30.0000000    1.5173008236e-02
  35.0000000    1.4312680897e-02
  40.0000000    9.9394696900e-03
  45.0000000    1.2643700751e-02
  50.0000000    1.1467737161e-02
  55.0000000    1.0703391360e-02
  60.0000000    1.3412454529e-02
  65.0000000    1.4171348049e-02
  70.0000000    1.3041119621e-02
  75.0000000    1.9349698699e-02
  80.0000000    1.4538485230e-02
  85.0000000    2.0092991175e-02
  90.0000000    2.3344653542e-02
  95.0000000    1.8726735419e-02
 100.0000000    2.8709306020e-02
 105.0000000    2.3749505456e-02
 110.0000000    2.8305307058e-02
 115.0000000    3.5287425904e-02
 120.0000000    2.3310313758e-02
 125.0000000    4.1007313578e-02
 130.0000000    3.9203832274e-02
 135.0000000    3.6156407366e-02
 140.0000000    5.0179819729e-02
 145.0000000    3.5845069739e-02
 150.0000000    5.4202989918e-02
 155.0000000    5.9490202214e-02
 160.0000000    4.7384163627e-02
 165.0000000    7.0818097043e-02
 170.0000000    5.7528751561e-02
 175.0000000    6.6129627617e-02
 180.0000000    8.3299414332e-02
 185.0000000    5.2438092106e-02
 190.0000000    9.2087520338e-02
 195.0000000    9.0438712803e-02
 200.0000000    7.7414693134e-02
 205.0000000    1.1142869984e-01
 210.0000000    8.2897093230e-02
 215.0000000    1.0842884945e-01
 220.0000000    1.2788468879e-01
 225.0000000    9.0437266049e-02
 230.0000000    1.4513042958e-01
 235.0000000    1.2827580442e-01
 240.0000000    1.2745568281e-01
 245.0000000    1.6349397719e-01
 250.0000000    1.1298837569e-01
 255.0000000    1.7112588893e-01
 260.0000000    1.8569305170e-01
 265.0000000    1.3650536160e-01
 270.0000000    2.0816695427e-01
 275.0000000    1.7299436669e-01
 280.0000000    1.8291580749e-01
 285.0000000    2.3445170652e-01
 290.0000000    1.5000773594e-01
 295.0000000    2.5183333792e-01
 300.0000000    2.5149032329e-01
 305.0000000    2.0450210435e-01
 310.0000000    2.9489479992e-01
 315.0000000    2.2731706537e-01
 320.0000000    2.6426809310e-01
 325.0000000    3.2599741623e-01
 330.0000000    2.0385521579e-01
 335.0000000    3.4699816514e-01
 340.0000000    3.3118111184e-01
 345.0000000    2.7956114289e-01
 350.0000000    3.9476271762e-01
 355.0000000    2.9299815643e-01
 360.0000000    3.5638743494e-01
 365.0000000    4.3179510142e-01
 370.0000000    2.8606430612e-01
 375.0000000    4.6475322006e-01
 380.0000000    4.2411450757e-01
 385.0000000    3.8217078344e-01
 390.0000000    5.1230769469e-01
 395.0000000    3.6336851850e-01
 400.0000000    4.7837982396e-01
 405.0000000    5.5494886174e-01
 410.0000000    3.7194796535e-01
 415.0000000    5.9667290018e-01
 420.0000000    5.3105777861e-01
 425.0000000    4.8368669253e-01
 430.0000000    6.3910400303e-01
 435.0000000    4.5055100855e-01
 440.0000000    6.1876527626e-01
 445.0000000    6.8881753912e-01
 450.0000000    4.7835235166e-01
 455.0000000    7.4646537646e-01
 460.0000000    6.4361211882e-01
 465.0000000    6.1226963564e-01
 470.0000000    7.8401792426e-01
 475.0000000    5.4491136647e-01
 480.0000000    7.6856694077e-01
 485.0000000    8.3924639618e-01
 490.0000000    5.8259440711e-01
 495.0000000    9.0201155672e-01
 500.0000000    7.6829302123e-01
 505.0000000    7.3233114150e-01
 510.0000000    9.3393662289e-01
 515.0000000    6.4541892731e-01
 520.0000000    9.2844528018e-01
 525.0000000    9.9237638556e-01
 530.0000000    7.0509972837e-01
 535.0000000    1.0683179143e+00
 540.0000000    8.9421204491e-01
 545.0000000    8.7381937944e-01
 550.0000000    1.0949151184e+00
 555.0000000    7.4901551080e-01
 560.0000000    1.0841754635e+00
 565.0000000    1.1528081465e+00
 570.0000000    8.1023756239e-01
 575.0000000    1.2291078647e+00
 580.0000000    1.0288466736e+00
 585.0000000    9.9062508966e-01
 590.0000000    1.2454601331e+00
 595.0000000    8.5381802287e-01
 600.0000000    1.2355199974e+00
 605.0000000    1.3060711581e+00
 610.0000000    9.2536982466e-01
 615.0000000    1.3888208730e+00
 620.0000000    1.1548146227e+00
 625.0000000    1.1191944406e+00
 630.0000000    1.3958903947e+00
 635.0000000    9.5526609742e-01
 640.0000000    1.3646359422e+00
 645.0000000    1.4577840296e+00
 650.0000000    1.0097005568e+00
 655.0000000    1.5272120947e+00
 660.0000000    1.2813598731e+00
 665.0000000    1.2088738432e+00
 670.0000000    1.5204202393e+00
 675.0000000    1.0503184886e+00
 680.0000000    1.4708909394e+00
 685.0000000    1.5859704525e+00
 690.0000000    1.0865186496e+00
 695.0000000    1.6483547633e+00
 700.0000000    1.3876195995e+00
 705.0000000    1.2963370476e+00
 710.0000000    1.6336986018e+00
 715.0000000    1.1396482520e+00
 720.0000000    1.5352126186e+00
 725.0000000    1.6973723167e+00
 730.0000000    1.1325153672e+00
 735.0000000    1.7297184109e+00
 740.0000000    1.4838439314e+00
 745.0000000    1.3314788220e+00
 750.0000000    1.7178862255e+00
 755.0000000    1.2139731066e+00
 760.0000000    1.5595937001e+00
 765.0000000    1.7676511044e+00
 770.0000000    1.1533205361e+00
 775.0000000    1.7781381620e+00
 780.0000000    1.5590367746e+00
 785.0000000    1.3574576251e+00
 790.0000000    1.7728439949e+00
 795.0000000    1.2672734815e+00
 800.0000000    1.5335634306e+00
 805.0000000    1.8043181507e+00
 810.0000000    1.1344689388e+00
 815.0000000    1.7935323364e+00
 820.0000000    1.6287854443e+00
 825.0000000    1.3312966200e+00
 830.0000000    1.7796156059e+00
 835.0000000    1.2936257775e+00
 840.0000000    1.4663482765e+00
 845.0000000    1.7894402812e+00
 850.0000000    1.0828179255e+00
 855.0000000    1.7632767663e+00
 860.0000000    1.6553906634e+00
 865.0000000    1.2830202930e+00
 870.0000000    1.7638353804e+00
 875.0000000    1.3276512830e+00
 880.0000000    1.4198821353e+00
 885.0000000    1.7265918822e+00
 890.0000000    1.0764589525e+00
 895.0000000    1.6725691241e+00
 900.0000000    1.6509720500e+00
 905.0000000    1.2034561421e+00
 910.0000000    1.7019034129e+00
 915.0000000    1.3668298539e+00
 920.0000000    1.3254350699e+00
 925.0000000    1.6050886461e+00
 930.0000000    1.0978456014e+00
 935.0000000    1.5311245211e+00
 940.0000000    1.6168704379e+00
 945.0000000    1.0909016480e+00
 950.0000000    1.6229353072e+00
 955.0000000    1.3736790893e+00
 960.0000000    1.2203777179e+00
 965.0000000    1.5601568050e+00
 970.0000000    1.1061581168e+00
 975.0000000    1.3421855759e+00
 980.0000000    1.5528895765e+00
 985.0000000    9.6321146175e-01
 990.0000000    1.5117671386e+00
 995.0000000    1.3891690038e+00
1000.0000000    1.0951836556e+00
1005.0000000    1.4781595847e+00
1010.0000000    1.1112382481e+00
1015.0000000    1.1815740056e+00
1020.0000000    1.4396248864e+00
1025.0000000    9.0877207117e-01
1030.0000000    1.3746488244e+00
1035.0000000    1.3788150281e+00
1040.0000000    9.7377630831e-01
1045.0000000    1.4107241418e+00
1050.0000000    1.1759548270e+00
1055.0000000    1.0814254361e+00
1060.0000000    1.3567714401e+00
1065.0000000    9.5490294937e-01
1070.0000000    1.1916365779e+00
1075.0000000    1.3596726287e+00
1080.0000000    8.4378602543e-01
1085.0000000    1.3291158207e+00
1090.0000000    1.2373178323e+00
1095.0000000    9.6491872865e-01
1100.0000000    1.3297055115e+00
1105.0000000    1.0345426325e+00
1110.0000000    1.0678932251e+00
1115.0000000    1.3059266632e+00
1120.0000000    8.6928617758e-01
1125.0000000    1.2475759957e+00
1130.0000000    1.3127946170e+00
1135.0000000    8.8551902317e-01
1140.0000000    1.3479911430e+00
1145.0000000    1.1878500101e+00
1150.0000000    1.0306198472e+00
1155.0000000    1.3683592785e+00
1160.0000000    1.0039331875e+00
1165.0000000    1.1481764669e+00
1170.0000000    1.3893593767e+00
1175.0000000    8.5386864425e-01
1180.0000000    1.3666390787e+00
1185.0000000    1.3768119755e+00
1190.0000000    9.9489398509e-01
1195.0000000    1.4601436558e+00
1200.0000000    1.2436029927e+00
1205.0000000    1.1691513681e+00
1210.0000000    1.4947014931e+00
1215.0000000    1.0662481140e+00
1220.0000000    1.3667303703e+00
1225.0000000    1.5785008645e+00
1230.0000000    1.0015762378e+00
1235.0000000    1.6125732520e+00
1240.0000000    1.5300014202e+00
1245.0000000    1.2339647371e+00
1250.0000000    1.7380986794e+00
1255.0000000    1.3565255396e+00
1260.0000000    1.4523045396e+00
1265.0000000    1.7920705089e+00
1270.0000000    1.2121053017e+00
1275.0000000    1.7769872345e+00
1280.0000000    1.9018931890e+00
1285.0000000    1.3018267205e+00
1290.0000000    2.0228931060e+00
1295.0000000    1.7904244514e+00
1300.0000000    1.6065665359e+00
1305.0000000    2.1393992210e+00
1310.0000000    1.5619167420e+00
1315.0000000    1.8843935680e+00
1320.0000000    2.2862689280e+00
1325.0000000    1.4105967483e+00
1330.0000000    2.3424549948e+00
1335.0000000    2.2794381084e+00
1340.0000000    1.7913953276e+00
1345.0000000    2.5536362229e+00
1350.0000000    2.0234254479e+00
1355.0000000    2.1449874360e+00
1360.0000000    2.6509954337e+00
1365.0000000    1.8020663527e+00
1370.0000000    2.6479267884e+00
