#          t            max rho 
   0.0000000    1.2679318590e-03
   5.0000000    5.8438491431e-03
  10.0000000    2.4066961902e-02
  15.0000000    2.8974720812e-02
  20.0000000    2.2649945251e-02
  25.0000000    1.0019148331e-02
  30.0000000    1.3543548686e-02
  35.0000000    1.4201994125e-02
  40.0000000    8.4360043719e-03
  45.0000000    6.8704141140e-03
  50.0000000    1.2735895286e-02
  55.0000000    1.3765736721e-02
  60.0000000    8.4605811683e-03
  65.0000000    1.4181669676e-02
  70.0000000    1.8168461587e-02
  75.0000000    9.0024940715e-03
  80.0000000    1.4634828012e-02
  85.0000000    1.9426103139e-02
  90.0000000    1.6311950376e-02
  95.0000000    1.4791098252e-02
 100.0000000    2.2208166573e-02
 105.0000000    2.1381813152e-02
 110.0000000    1.7604438258e-02
 115.0000000    2.6276617749e-02
 120.0000000    3.0830463175e-02
 125.0000000    1.9244807950e-02
 130.0000000    2.8370657533e-02
 135.0000000    3.8053867580e-02
 140.0000000    2.8046375545e-02
 145.0000000    3.1066159048e-02
 150.0000000    3.9478050590e-02
 155.0000000    4.0550919880e-02
 160.0000000    3.6576954506e-02
 165.0000000    4.5962733511e-02
 170.0000000    4.8383801163e-02
 175.0000000    4.1326326816e-02
 180.0000000    5.5145832788e-02
 185.0000000    6.1048844600e-02
 190.0000000    4.3143772545e-02
 195.0000000    6.0461501124e-02
 200.0000000    7.4950936936e-02
 205.0000000    5.7024174740e-02
 210.0000000    6.5085938507e-02
 215.0000000    8.0079242852e-02
 220.0000000    7.9638496761e-02
 225.0000000    7.6332211679e-02
 230.0000000    8.0985532105e-02
 235.0000000    9.5187135798e-02
 240.0000000    8.5737617444e-02
 245.0000000    1.0686744793e-01
 250.0000000    1.0467899669e-01
 255.0000000    8.7763698397e-02
 260.0000000    1.1939801546e-01
 265.0000000    1.3154757385e-01
 270.0000000    9.6095343821e-02
 275.0000000    1.2394081001e-01
 280.0000000    1.4467829075e-01
 285.0000000    1.3896340166e-01
 290.0000000    1.3403510861e-01
 295.0000000    1.4258341859e-01
 300.0000000    1.6942878256e-01
 305.0000000    1.5686420898e-01
 310.0000000    1.7362033915e-01
 315.0000000    1.8387818214e-01
 320.0000000    1.6855588218e-01
 325.0000000    2.0873678654e-01
 330.0000000    2.0572600175e-01
 335.0000000    1.6635205568e-01
 340.0000000    2.1782157598e-01
 345.0000000    2.4543043914e-01
 350.0000000    2.0572528286e-01
 355.0000000    2.2374942816e-01
 360.0000000    2.5682177703e-01
 365.0000000    2.6925771603e-01
 370.0000000    2.5158090428e-01
 375.0000000    2.3881660524e-01
 380.0000000    3.0547041940e-01
 385.0000000    2.8405197597e-01
 390.0000000    3.1283979487e-01
 395.0000000    3.0840635047e-01
 400.0000000    2.9538333009e-01
 405.0000000    3.5841345690e-01
 410.0000000    3.5421264277e-01
 415.0000000    2.8029608604e-01
 420.0000000    3.6682135367e-01
 425.0000000    4.0778350388e-01
 430.0000000    3.6586548570e-01
 435.0000000    3.6208159948e-01
 440.0000000    4.1368770879e-01
 445.0000000    4.4942647206e-01
 450.0000000    4.1317101923e-01
 455.0000000    3.7654435920e-01
 460.0000000    4.8731960455e-01
 465.0000000    4.6000458476e-01
 470.0000000    5.0041997561e-01
 475.0000000    4.7043989259e-01
 480.0000000    4.6525612916e-01
 485.0000000    5.6310246075e-01
 490.0000000    5.4916485204e-01
 495.0000000    4.3140538693e-01
 500.0000000    5.6407779679e-01
 505.0000000    6.1492119930e-01
 510.0000000    5.6934633374e-01
 515.0000000    5.3707508668e-01
 520.0000000    6.1212343094e-01
 525.0000000    6.7289614666e-01
 530.0000000    6.1489854996e-01
 535.0000000    5.6073217624e-01
 540.0000000    7.0830498212e-01
 545.0000000    6.7550546844e-01
 550.0000000    7.2651561788e-01
 555.0000000    6.6642150100e-01
 560.0000000    6.7207568119e-01
 565.0000000    8.0281614693e-01
 570.0000000    7.7218835288e-01
 575.0000000    6.1763251961e-01
 580.0000000    7.9284959065e-01
 585.0000000    8.5241311277e-01
 590.0000000    7.9484127208e-01
 595.0000000    7.4089948408e-01
 600.0000000    8.3925146561e-01
 605.0000000    9.1888644288e-01
 610.0000000    8.3367832652e-01
 615.0000000    7.5635583447e-01
 620.0000000    9.4875089296e-01
 625.0000000    9.0886182123e-01
 630.0000000    9.5658911184e-01
 635.0000000    8.8259141737e-01
 640.0000000    8.9606424369e-01
 645.0000000    1.0481184754e+00
 650.0000000    9.9047861208e-01
 655.0000000    8.2409270224e-01
 660.0000000    1.0258391610e+00
 665.0000000    1.0888757503e+00
 670.0000000    1.0036830008e+00
 675.0000000    9.5331342007e-01
 680.0000000    1.0661301874e+00
 685.0000000    1.1489511703e+00
 690.0000000    1.0376767659e+00
 695.0000000    9.6746307346e-01
 700.0000000    1.1721569237e+00
 705.0000000    1.1202748471e+00
 710.0000000    1.1556664276e+00
 715.0000000    1.0904197770e+00
 720.0000000    1.1000944702e+00
 725.0000000    1.2517131429e+00
 730.0000000    1.1635997657e+00
 735.0000000    1.0204710679e+00
 740.0000000    1.2187918709e+00
 745.0000000    1.2750523994e+00
 750.0000000    1.1436224858e+00
 755.0000000    1.1383287212e+00
 760.0000000    1.2464600622e+00
 765.0000000    1.3088137712e+00
 770.0000000    1.1770456625e+00
 775.0000000    1.1461496258e+00
 780.0000000    1.3267456331e+00
 785.0000000    1.2601820514e+00
 790.0000000    1.2730052331e+00
 795.0000000    1.2459794258e+00
 800.0000000    1.2330825155e+00
 805.0000000    1.3881713839e+00
 810.0000000    1.2509501246e+00
 815.0000000    1.1608451662e+00
 820.0000000    1.3623064569e+00
 825.0000000    1.3746335254e+00
 830.0000000    1.1948302680e+00
 835.0000000    1.2463648425e+00
 840.0000000    1.3722015703e+00
 845.0000000    1.3559553015e+00
 850.0000000    1.1967215605e+00
 855.0000000    1.2600691579e+00
 860.0000000    1.3948173455e+00
 865.0000000    1.3263676253e+00
 870.0000000    1.2512749464e+00
 875.0000000    1.3233952662e+00
 880.0000000    1.3258009012e+00
 885.0000000    1.4095606938e+00
 890.0000000    1.1929787401e+00
 895.0000000    1.2261752219e+00
 900.0000000    1.4097440104e+00
 905.0000000    1.3655817351e+00
 910.0000000    1.0929177544e+00
 915.0000000    1.2875614231e+00
 920.0000000    1.3961889616e+00
 925.0000000    1.2935914653e+00
 930.0000000    1.1092521027e+00
 935.0000000    1.2951021142e+00
 940.0000000    1.3619107374e+00
 945.0000000    1.2331514009e+00
 950.0000000    1.1201774980e+00
 955.0000000    1.3019526369e+00
 960.0000000    1.2679511692e+00
 965.0000000    1.2668068591e+00
 970.0000000    1.1470899893e+00
 975.0000000    1.1859482113e+00
 980.0000000    1.2886342207e+00
 985.0000000    1.1910926639e+00
 990.0000000    1.0629396351e+00
 995.0000000    1.1941567003e+00
1000.0000000    1.2448690312e+00
1005.0000000    1.0739051012e+00
1010.0000000    1.0696737566e+00
1015.0000000    1.1944288162e+00
1020.0000000    1.1530401738e+00
1025.0000000    1.0237085948e+00
1030.0000000    1.0731286782e+00
1035.0000000    1.1466717068e+00
1040.0000000    1.0954045794e+00
1045.0000000    1.0053832471e+00
1050.0000000    1.0643248259e+00
1055.0000000    1.0714767666e+00
1060.0000000    1.0966532476e+00
1065.0000000    9.0794783280e-01
1070.0000000    9.7728507288e-01
1075.0000000    1.0734915350e+00
1080.0000000    1.0249764616e+00
1085.0000000    8.4580493248e-01
1090.0000000    9.6262645346e-01
1095.0000000    1.0441369382e+00
1100.0000000    8.8869893894e-01
1105.0000000    8.4948819713e-01
1110.0000000    9.6349617243e-01
1115.0000000    9.3933821785e-01
1120.0000000    8.4442398144e-01
1125.0000000    8.5801241567e-01
1130.0000000    9.1133814234e-01
1135.0000000    8.8564018744e-01
1140.0000000    8.1439478334e-01
1145.0000000    8.5535730139e-01
1150.0000000    8.6667109159e-01
1155.0000000    8.8142367257e-01
1160.0000000    7.4352415593e-01
1165.0000000    8.0160851844e-01
1170.0000000    8.7057071640e-01
1175.0000000    8.3125426456e-01
1180.0000000    7.1167466272e-01
1185.0000000    7.9505240227e-01
1190.0000000    8.6393350635e-01
1195.0000000    7.1733208167e-01
1200.0000000    7.3586180159e-01
1205.0000000    8.4829420203e-01
1210.0000000    7.8984389304e-01
1215.0000000    6.9694501512e-01
1220.0000000    8.0018147089e-01
1225.0000000    8.3006164290e-01
1230.0000000    7.8064019786e-01
1235.0000000    7.0655579885e-01
1240.0000000    8.2349540957e-01
1245.0000000    8.1343362265e-01
1250.0000000    8.0825481333e-01
1255.0000000    7.8037233220e-01
1260.0000000    7.9521709409e-01
1265.0000000    8.7672542018e-01
1270.0000000    7.9687553651e-01
1275.0000000    7.7677220395e-01
1280.0000000    9.0312632938e-01
1285.0000000    9.1590279358e-01
1290.0000000    7.2737459968e-01
1295.0000000    8.8333968881e-01
1300.0000000    9.8876659552e-01
1305.0000000    8.7677815734e-01
1310.0000000    8.5732613224e-01
1315.0000000    9.9252225848e-01
1320.0000000    1.0076869131e+00
1325.0000000    9.3259258915e-01
1330.0000000    9.6043823641e-01
1335.0000000    1.0769298888e+00
1340.0000000    1.0676839004e+00
1345.0000000    1.0046899853e+00
1350.0000000    1.1294286537e+00
1355.0000000    1.1558250994e+00
1360.0000000    1.2129146298e+00
