#          t            max rho 
   0.0000000    1.5513858788e-03
   5.0000000    4.1716236141e-03
  10.0000000    1.3541652333e-02
  15.0000000    3.0357804880e-02
  20.0000000    2.7485130000e-02
  25.0000000    4.5316786886e-02
  30.0000000    4.5777544195e-02
  35.0000000    4.4411819760e-02
  40.0000000    5.1825043086e-02
  45.0000000    6.3847043237e-02
  50.0000000    6.0131125152e-02
  55.0000000    6.6994538281e-02
  60.0000000    7.7265440346e-02
  65.0000000    8.4825067291e-02
  70.0000000    8.7901108662e-02
  75.0000000    9.8228065299e-02
  80.0000000    9.9709005711e-02
  85.0000000    1.1448513696e-01
  90.0000000    1.2366715921e-01
  95.0000000    1.3630857949e-01
 100.0000000    1.3845857810e-01
 105.0000000    1.4472221957e-01
 110.0000000    1.6806223731e-01
 115.0000000    1.7406463079e-01
 120.0000000    1.8704040935e-01
 125.0000000    1.8773017835e-01
 130.0000000    2.1402607102e-01
 135.0000000    2.2875600281e-01
 140.0000000    2.4371778238e-01
 145.0000000    2.4663768478e-01
 150.0000000    2.6189070384e-01
 155.0000000    2.8738542745e-01
 160.0000000    3.0291000462e-01
 165.0000000    3.1061042115e-01
 170.0000000    3.1707664277e-01
 175.0000000    3.6364306924e-01
 180.0000000    3.7110430362e-01
 185.0000000    3.9390753234e-01
 190.0000000    3.8868752465e-01
 195.0000000    4.3919111109e-01
 200.0000000    4.5753054090e-01
 205.0000000    4.8487714266e-01
 210.0000000    1.8309259875e+00
 215.0000000    3.9623208883e+01
 220.0000000    3.1324623595e+02
 225.0000000    1.5288063868e+03
 230.0000000    5.0383171091e+03
 235.0000000    1.3711013131e+04
 240.0000000    3.3242113691e+04
 245.0000000    7.0152497263e+04
 250.0000000    1.3619644384e+05
 255.0000000    2.5163031142e+05
 260.0000000    4.3386375475e+05
 265.0000000    7.1302207272e+05
 270.0000000    1.1399227057e+06
 275.0000000    1.7507577933e+06
 280.0000000    2.6050304734e+06
 285.0000000    3.8070056822e+06
 290.0000000    5.4240345184e+06
 295.0000000    7.5553181625e+06
 300.0000000    1.0386549789e+07
 305.0000000    1.4037230884e+07
 310.0000000    1.8654975787e+07
 315.0000000    2.4536975356e+07
 320.0000000    3.1888651626e+07
 325.0000000    4.0907037797e+07
 330.0000000    5.2041812313e+07
 335.0000000    6.5627438189e+07
 340.0000000    8.1893806748e+07
 345.0000000    1.0151743453e+08
 350.0000000    2.1260453259e+08
 355.0000000    2.1702336429e+08
 360.0000000    1.2139541866e+09
 365.0000000    6.6561544396e+09
 370.0000000    8.3269472150e+09
 375.0000000    1.7260815383e+10
 380.0000000    1.9848709252e+11
 385.0000000    5.2287364224e+11
 390.0000000    5.3394132678e+11
 395.0000000    8.0421752512e+12
 400.0000000    4.0989065372e+13
 405.0000000    4.1027883804e+13
 410.0000000    4.1042319783e+13
 415.0000000    4.0906529573e+13
 420.0000000    4.1083921750e+13
 425.0000000    4.0965903515e+13
 430.0000000    4.0947419374e+13
 435.0000000    4.1063870171e+13
 440.0000000    4.0948402213e+13
 445.0000000    4.0979489397e+13
 450.0000000    4.1033844676e+13
 455.0000000    4.0957557128e+13
 460.0000000    4.0989715207e+13
 465.0000000    4.1015554992e+13
 470.0000000    4.0968861942e+13
 475.0000000    4.0991078057e+13
 480.0000000    4.1005904434e+13
 485.0000000    4.0977156477e+13
 490.0000000    4.0990077846e+13
 495.0000000    4.1000793472e+13
 500.0000000    4.0982523102e+13
 505.0000000    4.0988973141e+13
 510.0000000    4.0997813221e+13
 515.0000000    4.0985914980e+13
 520.0000000    4.0988292693e+13
 525.0000000    4.0995822573e+13
 530.0000000    4.0988095773e+13
 535.0000000    4.0988016971e+13
 540.0000000    4.0994345956e+13
 545.0000000    4.0989522577e+13
 550.0000000    4.0988026859e+13
 555.0000000    4.0993189524e+13
 560.0000000    4.0990452376e+13
 565.0000000    4.0988219274e+13
 570.0000000    4.0992267120e+13
 575.0000000    4.0991036365e+13
 580.0000000    4.0988519491e+13
 585.0000000    4.0991533969e+13
 590.0000000    4.0991371400e+13
 595.0000000    4.0988874280e+13
 600.0000000    4.0990962177e+13
 605.0000000    4.0991524902e+13
 610.0000000    4.0989245355e+13
 615.0000000    4.0990531031e+13
 620.0000000    4.0991546996e+13
 625.0000000    4.0989605196e+13
 630.0000000    4.0990222814e+13
 635.0000000    4.0991476699e+13
 640.0000000    4.0989934491e+13
 645.0000000    4.0990020938e+13
 650.0000000    4.0991345211e+13
 655.0000000    4.0990220485e+13
 660.0000000    4.0989909172e+13
 665.0000000    4.0991177749e+13
 670.0000000    4.0990455818e+13
 675.0000000    4.0989871435e+13
 680.0000000    4.0990994619e+13
 685.0000000    4.0990637584e+13
 690.0000000    4.0989891904e+13
 695.0000000    4.0990811911e+13
 700.0000000    4.0990766486e+13
 705.0000000    4.0989955298e+13
 710.0000000    4.0990641975e+13
 715.0000000    4.0990846035e+13
 720.0000000    4.0990047276e+13
 725.0000000    4.0990493787e+13
 730.0000000    4.0990881796e+13
 735.0000000    4.0990154842e+13
 740.0000000    4.0990373253e+13
 745.0000000    4.0990880705e+13
 750.0000000    4.0990266727e+13
 755.0000000    4.0990283497e+13
 760.0000000    4.0990850461e+13
 765.0000000    4.0990373656e+13
 770.0000000    4.0990225168e+13
 775.0000000    4.0990799014e+13
 780.0000000    4.0990468499e+13
 785.0000000    4.0990196800e+13
 790.0000000    4.0990734131e+13
 795.0000000    4.0990546286e+13
 800.0000000    4.0990195222e+13
 805.0000000    4.0990663032e+13
 810.0000000    4.0990604111e+13
 815.0000000    4.0990216000e+13
 820.0000000    4.0990592096e+13
 825.0000000    4.0990640942e+13
 830.0000000    4.0990253908e+13
 835.0000000    4.0990526638e+13
 840.0000000    4.0990657364e+13
 845.0000000    4.0990303371e+13
 850.0000000    4.0990470757e+13
 855.0000000    4.0990655275e+13
 860.0000000    4.0990358880e+13
 865.0000000    4.0990427263e+13
 870.0000000    4.0990637568e+13
 875.0000000    4.0990415338e+13
 880.0000000    4.0990397682e+13
 885.0000000    4.0990607792e+13
 890.0000000    4.0990468338e+13
 895.0000000    4.0990382334e+13
 900.0000000    4.0990569836e+13
 905.0000000    4.0990514357e+13
 910.0000000    4.0990380471e+13
 915.0000000    4.0990527630e+13
 920.0000000    4.0990550868e+13
 925.0000000    4.0990390469e+13
 930.0000000    4.0990484882e+13
 935.0000000    4.0990576372e+13
 940.0000000    4.0990410051e+13
 945.0000000    4.0990444863e+13
 950.0000000    4.0990590363e+13
 955.0000000    4.0990436525e+13
 960.0000000    4.0990410244e+13
 965.0000000    5.7998921189e+13
 970.0000000    8.5344277770e+13
 975.0000000    1.1795982088e+14
 980.0000000    1.5604342024e+14
 985.0000000    1.9912966410e+14
 990.0000000    2.4763107091e+14
 995.0000000    3.0158727577e+14
