#          tintegral inside 1.14106 < R < 300
   0.0000000    9.0029772638e+06
   5.0000000    8.8421898303e+06
  10.0000000    8.7064082251e+06
  15.0000000    8.5744395724e+06
  20.0000000    8.4420157929e+06
  25.0000000    8.3133381341e+06
  30.0000000    8.1934938546e+06
  35.0000000    8.0853409687e+06
  40.0000000    7.9901847938e+06
  45.0000000    7.9077858124e+06
  50.0000000    7.8346334784e+06
  55.0000000    7.7638865507e+06
  60.0000000    7.6894510016e+06
  65.0000000    7.6114490853e+06
  70.0000000    7.5371016316e+06
  75.0000000    7.4746398344e+06
  80.0000000    7.4251797060e+06
  85.0000000    7.3806202879e+06
  90.0000000    7.3304529593e+06
  95.0000000    7.2714698821e+06
 100.0000000    7.2108857534e+06
 105.0000000    7.1594327925e+06
 110.0000000    7.1208916900e+06
 115.0000000    7.0882992011e+06
 120.0000000    7.0506418542e+06
 125.0000000    7.0034632385e+06
 130.0000000    6.9529166590e+06
 135.0000000    6.9093619754e+06
 140.0000000    6.8770258209e+06
 145.0000000    6.8500313079e+06
 150.0000000    6.8185309674e+06
 155.0000000    6.7785164409e+06
 160.0000000    6.7354190501e+06
 165.0000000    6.6981715036e+06
 170.0000000    6.6700807600e+06
 175.0000000    6.6457986962e+06
 180.0000000    6.6171374184e+06
 185.0000000    6.5814305244e+06
 190.0000000    6.5438617555e+06
 195.0000000    6.5117111630e+06
 200.0000000    6.4867892398e+06
 205.0000000    6.4638715751e+06
 210.0000000    6.4364258248e+06
 215.0000000    6.4033789851e+06
 220.0000000    6.3699055089e+06
 225.0000000    6.3417190939e+06
 230.0000000    6.3190917518e+06
 235.0000000    6.2968181319e+06
 240.0000000    6.2698862856e+06
 245.0000000    6.2386882597e+06
 250.0000000    6.2083516909e+06
 255.0000000    6.1831437579e+06
 260.0000000    6.1620138397e+06
 265.0000000    6.1399023394e+06
 270.0000000    6.1132115177e+06
 275.0000000    6.0835255515e+06
 280.0000000    6.0557320386e+06
 285.0000000    6.0327322524e+06
 290.0000000    6.0124414002e+06
 295.0000000    5.9901619228e+06
 300.0000000    5.9636344527e+06
 305.0000000    5.9353355856e+06
 310.0000000    5.9096856052e+06
 315.0000000    5.8882919978e+06
 320.0000000    5.8683323166e+06
 325.0000000    5.8456895271e+06
 330.0000000    5.8193617344e+06
 335.0000000    5.7924228590e+06
 340.0000000    5.7686183170e+06
 345.0000000    5.7483489594e+06
 350.0000000    5.7283393777e+06
 355.0000000    5.7052398104e+06
 360.0000000    5.6792077360e+06
 365.0000000    5.6536407348e+06
 370.0000000    5.6314439237e+06
 375.0000000    5.6119159320e+06
 380.0000000    5.5915816406e+06
 385.0000000    5.5679936505e+06
 390.0000000    5.5423542190e+06
 395.0000000    5.5181532952e+06
 400.0000000    5.4973538348e+06
 405.0000000    5.4782767017e+06
 410.0000000    5.4574515373e+06
 415.0000000    5.4333948819e+06
 420.0000000    5.4082138479e+06
 425.0000000    5.3853113028e+06
 430.0000000    5.3656887510e+06
 435.0000000    5.3468484743e+06
 440.0000000    5.3254818343e+06
 445.0000000    5.3010448848e+06
 450.0000000    5.2763652262e+06
 455.0000000    5.2546165445e+06
 460.0000000    5.2359027973e+06
 465.0000000    5.2171202634e+06
 470.0000000    5.1952584362e+06
 475.0000000    5.1706183298e+06
 480.0000000    5.1465083120e+06
 485.0000000    5.1257334294e+06
 490.0000000    5.1076127498e+06
 495.0000000    5.0886969942e+06
 500.0000000    5.0664217399e+06
 505.0000000    5.0418157424e+06
 510.0000000    5.0183979306e+06
 515.0000000    4.9984478766e+06
 520.0000000    4.9806104690e+06
 525.0000000    4.9613588135e+06
 530.0000000    4.9387378954e+06
 535.0000000    4.9144096237e+06
 540.0000000    4.8918514332e+06
 545.0000000    4.8726534937e+06
 550.0000000    4.8548574548e+06
 555.0000000    4.8350792495e+06
 560.0000000    4.8121258978e+06
 565.0000000    4.7882464316e+06
 570.0000000    4.7667018064e+06
 575.0000000    4.7482678044e+06
 580.0000000    4.7304106088e+06
 585.0000000    4.7100098365e+06
 590.0000000    4.6867125515e+06
 595.0000000    4.6633270030e+06
 600.0000000    4.6428243089e+06
 605.0000000    4.6251430920e+06
 610.0000000    4.6072189338e+06
 615.0000000    4.5862348046e+06
 620.0000000    4.5626467015e+06
 625.0000000    4.5397478135e+06
 630.0000000    4.5201946078e+06
 635.0000000    4.5031595113e+06
 640.0000000    4.4851494176e+06
 645.0000000    4.4636700169e+06
 650.0000000    4.4398877270e+06
 655.0000000    4.4174571656e+06
 660.0000000    4.3987025912e+06
 665.0000000    4.3821471391e+06
 670.0000000    4.3640070869e+06
 675.0000000    4.3421264259e+06
 680.0000000    4.3182519163e+06
 685.0000000    4.2962520923e+06
 690.0000000    4.2781062848e+06
 695.0000000    4.2618290019e+06
 700.0000000    4.2435012087e+06
 705.0000000    4.2213178521e+06
 710.0000000    4.1974612789e+06
 715.0000000    4.1758568856e+06
 720.0000000    4.1581285786e+06
 725.0000000    4.1419296671e+06
 730.0000000    4.1233634289e+06
 735.0000000    4.1009865521e+06
 740.0000000    4.0772727512e+06
 745.0000000    4.0560519263e+06
 750.0000000    4.0385838752e+06
 755.0000000    4.0223004862e+06
 760.0000000    4.0034727425e+06
 765.0000000    3.9810270107e+06
 770.0000000    3.9575981612e+06
 775.0000000    3.9367883614e+06
 780.0000000    3.9194894953e+06
 785.0000000    3.9030312592e+06
 790.0000000    3.8839663648e+06
 795.0000000    3.8615850148e+06
 800.0000000    3.8385719142e+06
 805.0000000    3.8182060153e+06
 810.0000000    3.8010293967e+06
 815.0000000    3.7843756170e+06
 820.0000000    3.7651564695e+06
 825.0000000    3.7429925134e+06
 830.0000000    3.7205111412e+06
 835.0000000    3.7006011143e+06
 840.0000000    3.6834970743e+06
 845.0000000    3.6666414451e+06
 850.0000000    3.6473616889e+06
 855.0000000    3.6255586289e+06
 860.0000000    3.6036992306e+06
 865.0000000    3.5842329697e+06
 870.0000000    3.5671402675e+06
 875.0000000    3.5500694188e+06
 880.0000000    3.5308027137e+06
 885.0000000    3.5094639681e+06
 890.0000000    3.4882681997e+06
 895.0000000    3.4691954597e+06
 900.0000000    3.4520328034e+06
 905.0000000    3.4347215947e+06
 910.0000000    3.4155229414e+06
 915.0000000    3.3947222177e+06
 920.0000000    3.3742007730e+06
 925.0000000    3.3554502730e+06
 930.0000000    3.3381249158e+06
 935.0000000    3.3205363139e+06
 940.0000000    3.3014430026e+06
 945.0000000    3.2812391330e+06
 950.0000000    3.2614051391e+06
 955.0000000    3.2429272811e+06
 960.0000000    3.2253693122e+06
 965.0000000    3.2074671154e+06
 970.0000000    3.1884919974e+06
 975.0000000    3.1689196007e+06
 980.0000000    3.1497963502e+06
 985.0000000    3.1315957919e+06
 990.0000000    3.1138045223e+06
 995.0000000    3.0955898964e+06
1000.0000000    3.0767271573e+06
1005.0000000    3.0577680058e+06
1010.0000000    3.0393434827e+06
1015.0000000    3.0214456694e+06
1020.0000000    3.0034900166e+06
1025.0000000    2.9850352830e+06
1030.0000000    2.9663031863e+06
1035.0000000    2.9479040432e+06
1040.0000000    2.9301032383e+06
1045.0000000    2.9124895564e+06
1050.0000000    2.8944401609e+06
1055.0000000    2.8758559931e+06
1060.0000000    2.8573150185e+06
1065.0000000    2.8394383862e+06
1070.0000000    2.8221661154e+06
1075.0000000    2.8047743251e+06
1080.0000000    2.7866577028e+06
1085.0000000    2.7680304507e+06
1090.0000000    2.7497456392e+06
1095.0000000    2.7323821056e+06
1100.0000000    2.7155770277e+06
1105.0000000    2.6983627221e+06
1110.0000000    2.6801946154e+06
1115.0000000    2.6615781350e+06
1120.0000000    2.6435846073e+06
1125.0000000    2.6267229390e+06
1130.0000000    2.6103573354e+06
1135.0000000    2.5933277464e+06
1140.0000000    2.5751644383e+06
1145.0000000    2.5566239775e+06
1150.0000000    2.5389455197e+06
1155.0000000    2.5225641951e+06
1160.0000000    2.5066214388e+06
1165.0000000    2.4898171639e+06
1170.0000000    2.4717539056e+06
1175.0000000    2.4533811871e+06
1180.0000000    2.4360507318e+06
1185.0000000    2.4201292857e+06
1190.0000000    2.4045976530e+06
1195.0000000    2.3880715273e+06
1200.0000000    2.3702173422e+06
1205.0000000    2.3521123913e+06
1210.0000000    2.3351647792e+06
1215.0000000    2.3196826741e+06
1220.0000000    2.3045515697e+06
1225.0000000    2.2883563650e+06
1230.0000000    2.2708137375e+06
1235.0000000    2.2530618410e+06
1240.0000000    2.2365138684e+06
1245.0000000    2.2214371216e+06
