#          tintegral inside 1.71414 < R < 300
   0.0000000    1.1407999603e+06
   1.2500000    1.1407955903e+06
   2.5000000    1.1407914623e+06
   3.7500000    1.1407874413e+06
   5.0000000    1.1407835436e+06
   6.2500000    1.1407797791e+06
   7.5000000    1.1407761442e+06
   8.7500000    1.1407726302e+06
  10.0000000    1.1407692251e+06
  11.2500000    1.1407659168e+06
  12.5000000    1.1407627450e+06
  13.7500000    1.1407596768e+06
  15.0000000    1.1407567306e+06
  16.2500000    1.1407538759e+06
  17.5000000    1.1407511169e+06
  18.7500000    1.1407484869e+06
  20.0000000    1.1407459594e+06
  21.2500000    1.1407435321e+06
  22.5000000    1.1407412057e+06
  23.7500000    1.1407389672e+06
  25.0000000    1.1407368436e+06
  26.2500000    1.1407348367e+06
  27.5000000    1.1407329118e+06
  28.7500000    1.1407310751e+06
  30.0000000    1.1407293469e+06
  31.2500000    1.1407277191e+06
  32.5000000    1.1407261910e+06
  33.7500000    1.1407247615e+06
  35.0000000    1.1407234132e+06
  36.2500000    1.1407221559e+06
  37.5000000    1.1407210143e+06
  38.7500000    1.1407199721e+06
  40.0000000    1.1407190033e+06
  41.2500000    1.1407181232e+06
  42.5000000    1.1407173501e+06
  43.7500000    1.1407166741e+06
  45.0000000    1.1407160868e+06
  46.2500000    1.1407155901e+06
  47.5000000    1.1407151797e+06
  48.7500000    1.1407148593e+06
  50.0000000    1.1407146440e+06
  51.2500000    1.1407145265e+06
  52.5000000    1.1407144824e+06
  53.7500000    1.1407145186e+06
  55.0000000    1.1407146628e+06
  56.2500000    1.1407149108e+06
  57.5000000    1.1407152358e+06
  58.7500000    1.1407156381e+06
  60.0000000    1.1407161380e+06
  61.2500000    1.1407167380e+06
  62.5000000    1.1407174264e+06
  63.7500000    1.1407182006e+06
  65.0000000    1.1407190621e+06
  66.2500000    1.1407200095e+06
  67.5000000    1.1407210502e+06
  68.7500000    1.1407221914e+06
  70.0000000    1.1407234200e+06
  71.2500000    1.1407247210e+06
  72.5000000    1.1407261089e+06
  73.7500000    1.1407276048e+06
  75.0000000    1.1407291974e+06
  76.2500000    1.1407308609e+06
  77.5000000    1.1407326009e+06
  78.7500000    1.1407344438e+06
  80.0000000    1.1407363896e+06
  81.2500000    1.1407384160e+06
  82.5000000    1.1407405177e+06
  83.7500000    1.1407427102e+06
  85.0000000    1.1407450006e+06
  86.2500000    1.1407473812e+06
  87.5000000    1.1407498468e+06
  88.7500000    1.1407523984e+06
  90.0000000    1.1407550352e+06
  91.2500000    1.1407577605e+06
  92.5000000    1.1407605827e+06
  93.7500000    1.1407634978e+06
  95.0000000    1.1407664903e+06
  96.2500000    1.1407695604e+06
  97.5000000    1.1407727284e+06
  98.7500000    1.1407760013e+06
 100.0000000    1.1407793567e+06
 101.2500000    1.1407827802e+06
 102.5000000    1.1407862916e+06
 103.7500000    1.1407899115e+06
 105.0000000    1.1407936264e+06
 106.2500000    1.1407974120e+06
 107.5000000    1.1408012742e+06
 108.7500000    1.1408052368e+06
 110.0000000    1.1408093014e+06
 111.2500000    1.1408134483e+06
 112.5000000    1.1408176709e+06
 113.7500000    1.1408219820e+06
 115.0000000    1.1408263900e+06
 116.2500000    1.1408308892e+06
 117.5000000    1.1408354733e+06
 118.7500000    1.1408401429e+06
 120.0000000    1.1408448989e+06
 121.2500000    1.1408497428e+06
 122.5000000    1.1408546806e+06
 123.7500000    1.1408597117e+06
 125.0000000    1.1408648256e+06
 126.2500000    1.1408700169e+06
 127.5000000    1.1408752989e+06
 128.7500000    1.1408806846e+06
 130.0000000    1.1408861613e+06
 131.2500000    1.1408917095e+06
 132.5000000    1.1408973365e+06
 133.7500000    1.1409030663e+06
 135.0000000    1.1409089002e+06
 136.2500000    1.1409148126e+06
 137.5000000    1.1409207932e+06
 138.7500000    1.1409268650e+06
 140.0000000    1.1409330452e+06
 141.2500000    1.1409393180e+06
 142.5000000    1.1409456614e+06
 143.7500000    1.1409520824e+06
 145.0000000    1.1409586040e+06
 146.2500000    1.1409652270e+06
 147.5000000    1.1409719321e+06
 148.7500000    1.1409787121e+06
 150.0000000    1.1409855802e+06
 151.2500000    1.1409925465e+06
 152.5000000    1.1409996043e+06
 153.7500000    1.1410067445e+06
 155.0000000    1.1410139687e+06
 156.2500000    1.1410212815e+06
 157.5000000    1.1410286842e+06
 158.7500000    1.1410361772e+06
 160.0000000    1.1410437601e+06
 161.2500000    1.1410514286e+06
 162.5000000    1.1410591783e+06
 163.7500000    1.1410670155e+06
 165.0000000    1.1410749506e+06
 166.2500000    1.1410829787e+06
 167.5000000    1.1410910844e+06
 168.7500000    1.1410992670e+06
 170.0000000    1.1411075447e+06
 171.2500000    1.1411159266e+06
 172.5000000    1.1411243944e+06
 173.7500000    1.1411329315e+06
 175.0000000    1.1411415509e+06
 176.2500000    1.1411502756e+06
 177.5000000    1.1411591011e+06
 178.7500000    1.1411680013e+06
 180.0000000    1.1411769707e+06
 181.2500000    1.1411860343e+06
 182.5000000    1.1411952061e+06
 183.7500000    1.1412044676e+06
 185.0000000    1.1412137978e+06
 186.2500000    1.1412232064e+06
 187.5000000    1.1412327175e+06
 188.7500000    1.1412423301e+06
 190.0000000    1.1412520224e+06
 191.2500000    1.1412617872e+06
 192.5000000    1.1412716405e+06
 193.7500000    1.1412815954e+06
 195.0000000    1.1412916422e+06
 196.2500000    1.1413017668e+06
 197.5000000    1.1413119724e+06
 198.7500000    1.1413222701e+06
 200.0000000    1.1413326620e+06
 201.2500000    1.1413431413e+06
 202.5000000    1.1413537040e+06
 203.7500000    1.1413643528e+06
 205.0000000    1.1413750893e+06
 206.2500000    1.1413859144e+06
 207.5000000    1.1413968303e+06
 208.7500000    1.1414078354e+06
 210.0000000    1.1414189238e+06
 211.2500000    1.1414300937e+06
 212.5000000    1.1414413539e+06
 213.7500000    1.1414527118e+06
 215.0000000    1.1414641582e+06
 216.2500000    1.1414756803e+06
 217.5000000    1.1414872829e+06
 218.7500000    1.1414989835e+06
 220.0000000    1.1415107850e+06
 221.2500000    1.1415226674e+06
 222.5000000    1.1415346196e+06
 223.7500000    1.1415466590e+06
 225.0000000    1.1415588044e+06
 226.2500000    1.1415710459e+06
 227.5000000    1.1415833585e+06
 228.7500000    1.1415957426e+06
 230.0000000    1.1416082247e+06
 231.2500000    1.1416208143e+06
 232.5000000    1.1416334895e+06
 233.7500000    1.1416462308e+06
 235.0000000    1.1416590524e+06
 236.2500000    1.1416719798e+06
 237.5000000    1.1416850087e+06
 238.7500000    1.1416981130e+06
 240.0000000    1.1417112863e+06
 241.2500000    1.1417245504e+06
 242.5000000    1.1417379210e+06
 243.7500000    1.1417513832e+06
 245.0000000    1.1417649166e+06
 246.2500000    1.1417785274e+06
 247.5000000    1.1417922353e+06
 248.7500000    1.1418060437e+06
 250.0000000    1.1418199360e+06
 251.2500000    1.1418339025e+06
 252.5000000    1.1418479544e+06
