#          tintegral inside 1.14106 < R < 300
   0.0000000    2.2627597544e+06
   1.2500000    2.2627457361e+06
   2.5000000    2.2627317090e+06
   3.7500000    2.2627184150e+06
   5.0000000    2.2627059634e+06
   6.2500000    2.2626935663e+06
   7.5000000    2.2626808155e+06
   8.7500000    2.2626683443e+06
  10.0000000    2.2626568170e+06
  11.2500000    2.2626459977e+06
  12.5000000    2.2626351316e+06
  13.7500000    2.2626240523e+06
  15.0000000    2.2626134396e+06
  16.2500000    2.2626038278e+06
  17.5000000    2.2625948289e+06
  18.7500000    2.2625857103e+06
  20.0000000    2.2625764651e+06
  21.2500000    2.2625678094e+06
  22.5000000    2.2625601293e+06
  23.7500000    2.2625529203e+06
  25.0000000    2.2625455356e+06
  26.2500000    2.2625381357e+06
  27.5000000    2.2625314550e+06
  28.7500000    2.2625257306e+06
  30.0000000    2.2625203518e+06
  31.2500000    2.2625147477e+06
  32.5000000    2.2625092321e+06
  33.7500000    2.2625045370e+06
  35.0000000    2.2625007020e+06
  36.2500000    2.2624969903e+06
  37.5000000    2.2624929896e+06
  38.7500000    2.2624892088e+06
  40.0000000    2.2624863085e+06
  41.2500000    2.2624841936e+06
  42.5000000    2.2624821870e+06
  43.7500000    2.2624799537e+06
  45.0000000    2.2624780025e+06
  46.2500000    2.2624769911e+06
  47.5000000    2.2624767190e+06
  48.7500000    2.2624764057e+06
  50.0000000    2.2624758754e+06
  51.2500000    2.2624758071e+06
  52.5000000    2.2624767241e+06
  53.7500000    2.2624782428e+06
  55.0000000    2.2624796104e+06
  56.2500000    2.2624807696e+06
  57.5000000    2.2624824855e+06
  58.7500000    2.2624853010e+06
  60.0000000    2.2624887458e+06
  61.2500000    2.2624919694e+06
  62.5000000    2.2624949192e+06
  63.7500000    2.2624983431e+06
  65.0000000    2.2625026537e+06
  66.2500000    2.2625073754e+06
  67.5000000    2.2625119618e+06
  68.7500000    2.2625166903e+06
  70.0000000    2.2625222684e+06
  71.2500000    2.2625287577e+06
  72.5000000    2.2625354265e+06
  73.7500000    2.2625417661e+06
  75.0000000    2.2625482038e+06
  76.2500000    2.2625554762e+06
  77.5000000    2.2625635581e+06
  78.7500000    2.2625717057e+06
  80.0000000    2.2625795597e+06
  81.2500000    2.2625876832e+06
  82.5000000    2.2625967450e+06
  83.7500000    2.2626065581e+06
  85.0000000    2.2626163745e+06
  86.2500000    2.2626259796e+06
  87.5000000    2.2626359994e+06
  88.7500000    2.2626469846e+06
  90.0000000    2.2626585997e+06
  91.2500000    2.2626701123e+06
  92.5000000    2.2626814738e+06
  93.7500000    2.2626933929e+06
  95.0000000    2.2627062928e+06
  96.2500000    2.2627196869e+06
  97.5000000    2.2627328849e+06
  98.7500000    2.2627459989e+06
 100.0000000    2.2627597813e+06
 101.2500000    2.2627745247e+06
 102.5000000    2.2627896300e+06
 103.7500000    2.2628044803e+06
 105.0000000    2.2628193437e+06
 106.2500000    2.2628349832e+06
 107.5000000    2.2628515446e+06
 108.7500000    2.2628683419e+06
 110.0000000    2.2628848554e+06
 111.2500000    2.2629014886e+06
 112.5000000    2.2629189788e+06
 113.7500000    2.2629373189e+06
 115.0000000    2.2629557665e+06
 116.2500000    2.2629739331e+06
 117.5000000    2.2629923595e+06
 118.7500000    2.2630117334e+06
