#          tintegral inside 5 < r < 500
   0.0000000    6.5421246574e+03
   3.2000000    6.5421316183e+03
   6.4000000    6.5421888046e+03
   9.6000000    6.5423406621e+03
  12.8000000    6.5426216024e+03
  16.0000000    6.5430555681e+03
  19.2000000    6.5436515774e+03
  22.4000000    6.5444009635e+03
  25.6000000    6.5452796099e+03
  28.8000000    6.5462509087e+03
  32.0000000    6.5472686682e+03
  35.2000000    6.5482815790e+03
  38.4000000    6.5492387053e+03
  41.6000000    6.5500946929e+03
  44.8000000    6.5508143191e+03
  48.0000000    6.5513761464e+03
  51.2000000    6.5517748150e+03
  54.4000000    6.5520216800e+03
  57.6000000    6.5521437533e+03
  60.8000000    6.5521810533e+03
  64.0000000    6.5521826139e+03
  67.2000000    6.5522015574e+03
  70.4000000    6.5522897206e+03
  73.6000000    6.5524923824e+03
  76.8000000    6.5528436242e+03
  80.0000000    6.5533627964e+03
  83.2000000    6.5540524704e+03
  86.4000000    6.5548980782e+03
  89.6000000    6.5558692879e+03
  92.8000000    6.5569229924e+03
  96.0000000    6.5580076134e+03
  99.2000000    6.5590682919e+03
 102.4000000    6.5600524409e+03
 105.6000000    6.5609151014e+03
 108.8000000    6.5616235524e+03
 112.0000000    6.5621607052e+03
 115.2000000    6.5625269291e+03
 118.4000000    6.5627401171e+03
 121.6000000    6.5628339685e+03
 124.8000000    6.5628546557e+03
 128.0000000    6.5628562046e+03
 131.2000000    6.5628950562e+03
 134.4000000    6.5630243518e+03
 137.6000000    6.5632885144e+03
 140.8000000    6.5637186822e+03
 144.0000000    6.5643294692e+03
