#          tintegral inside 2 < R < 500
   0.0000000    4.1998512197e+05
   5.0000000    4.1998248426e+05
  10.0000000    4.1998003315e+05
  15.0000000    4.1997776767e+05
  20.0000000    4.1997580642e+05
  25.0000000    4.1997400844e+05
  30.0000000    4.1997247691e+05
  35.0000000    4.1997120966e+05
  40.0000000    4.1997010644e+05
  45.0000000    4.1996930732e+05
  50.0000000    4.1996871663e+05
  55.0000000    4.1996832968e+05
  60.0000000    4.1996823961e+05
  65.0000000    4.1996832391e+05
  70.0000000    4.1996865808e+05
  75.0000000    4.1996925107e+05
  80.0000000    4.1997001841e+05
  85.0000000    4.1997106189e+05
  90.0000000    4.1997232162e+05
  95.0000000    4.1997377960e+05
 100.0000000    4.1997551174e+05
 105.0000000    4.1997743408e+05
 110.0000000    4.1997957938e+05
 115.0000000    4.1998198019e+05
 120.0000000    4.1998456603e+05
 125.0000000    4.1998738628e+05
 130.0000000    4.1999044299e+05
 135.0000000    4.1999368846e+05
 140.0000000    4.1999716886e+05
 145.0000000    4.2000087350e+05
 150.0000000    4.2000476777e+05
