#          tintegral inside 4 < r < 450
   0.0000000    7.6315615037e+05
   5.0000000    7.6329521800e+05
  10.0000000    7.6339216249e+05
  15.0000000    7.6348073073e+05
  20.0000000    7.6363230434e+05
  25.0000000    7.6371226926e+05
  30.0000000    7.6382488249e+05
  35.0000000    7.6396695962e+05
  40.0000000    7.6403927771e+05
  45.0000000    7.6417617254e+05
  50.0000000    7.6429958865e+05
  55.0000000    7.6437791893e+05
  60.0000000    7.6453108739e+05
  65.0000000    7.6463266637e+05
  70.0000000    7.6472919286e+05
  75.0000000    7.6488592593e+05
  80.0000000    7.6497029138e+05
  85.0000000    7.6509163056e+05
  90.0000000    7.6523858047e+05
  95.0000000    7.6531667710e+05
 100.0000000    7.6546176049e+05
 105.0000000    7.6558942314e+05
 110.0000000    7.6567489138e+05
 115.0000000    7.6583524954e+05
 120.0000000    7.6594102596e+05
 125.0000000    7.6604563781e+05
 130.0000000    7.6620835283e+05
 135.0000000    7.6629764199e+05
 140.0000000    7.6642738334e+05
 145.0000000    7.6657912014e+05
 150.0000000    7.6666327691e+05
 155.0000000    7.6681639456e+05
 160.0000000    7.6694816105e+05
 165.0000000    7.6704092249e+05
 170.0000000    7.6720838138e+05
 175.0000000    7.6731831651e+05
 180.0000000    7.6743112373e+05
 185.0000000    7.6759970560e+05
 190.0000000    7.6769403045e+05
 195.0000000    7.6783239151e+05
 200.0000000    7.6798858723e+05
 205.0000000    7.6807846469e+05
 210.0000000    7.6823982550e+05
 215.0000000    7.6837612451e+05
 220.0000000    7.6847634530e+05
 225.0000000    7.6865077444e+05
 230.0000000    7.6876498831e+05
 235.0000000    7.6888613556e+05
 240.0000000    7.6906002028e+05
 245.0000000    7.6915877200e+05
 250.0000000    7.6930579209e+05
 255.0000000    7.6946680714e+05
 260.0000000    7.6956283779e+05
 265.0000000    7.6973239338e+05
 270.0000000    7.6987246172e+05
 275.0000000    7.6997969616e+05
 280.0000000    7.7016135814e+05
 285.0000000    7.7027983142e+05
 290.0000000    7.7040905599e+05
 295.0000000    7.7058908188e+05
 300.0000000    7.7069334935e+05
