#          tintegral inside 2 < r < 500
   0.0000000    1.0467409234e+06
   2.5000000    1.0467999685e+06
   5.0000000    1.0468591419e+06
   7.5000000    1.0469183340e+06
  10.0000000    1.0469777378e+06
  12.5000000    1.0470372607e+06
  15.0000000    1.0470968055e+06
  17.5000000    1.0471565703e+06
  20.0000000    1.0472164923e+06
  22.5000000    1.0472764346e+06
  25.0000000    1.0473365805e+06
  27.5000000    1.0473969168e+06
  30.0000000    1.0474572733e+06
  32.5000000    1.0475178047e+06
  35.0000000    1.0475785539e+06
  37.5000000    1.0476393306e+06
  40.0000000    1.0477002491e+06
  42.5000000    1.0477614054e+06
  45.0000000    1.0478226050e+06
  47.5000000    1.0478839122e+06
  50.0000000    1.0479454680e+06
  52.5000000    1.0480070904e+06
  55.0000000    1.0480687877e+06
  57.5000000    1.0481307341e+06
  60.0000000    1.0481927760e+06
  62.5000000    1.0482548647e+06
  65.0000000    1.0483171929e+06
  67.5000000    1.0483796486e+06
  70.0000000    1.0484421304e+06
  72.5000000    1.0485048319e+06
  75.0000000    1.0485676939e+06
  77.5000000    1.0486305694e+06
  80.0000000    1.0486936379e+06
  82.5000000    1.0487568966e+06
  85.0000000    1.0488201663e+06
  87.5000000    1.0488835967e+06
  90.0000000    1.0489472417e+06
  92.5000000    1.0490109058e+06
  95.0000000    1.0490746946e+06
  97.5000000    1.0491387152e+06
 100.0000000    1.0492027715e+06
 102.5000000    1.0492669164e+06
 105.0000000    1.0493313010e+06
 107.5000000    1.0493957453e+06
 110.0000000    1.0494602454e+06
 112.5000000    1.0495249830e+06
 115.0000000    1.0495898099e+06
