#          tintegral inside 1.71414 < r < 450
   0.0000000    1.5214468678e+05
   5.0000000    1.5216629184e+05
  10.0000000    1.5218799606e+05
  15.0000000    1.5220986993e+05
  20.0000000    1.5223184369e+05
  25.0000000    1.5225391741e+05
  30.0000000    1.5227617295e+05
  35.0000000    1.5229850632e+05
  40.0000000    1.5232096695e+05
  45.0000000    1.5234359191e+05
  50.0000000    1.5236628327e+05
  55.0000000    1.5238912971e+05
  60.0000000    1.5241210896e+05
  65.0000000    1.5243516227e+05
  70.0000000    1.5245838550e+05
  75.0000000    1.5248170903e+05
  80.0000000    1.5250512955e+05
  85.0000000    1.5252871662e+05
  90.0000000    1.5255238231e+05
  95.0000000    1.5257617280e+05
 100.0000000    1.5260011202e+05
 105.0000000    1.5262412430e+05
 110.0000000    1.5264828279e+05
 115.0000000    1.5267256590e+05
 120.0000000    1.5269693071e+05
 125.0000000    1.5272145148e+05
 130.0000000    1.5274607475e+05
 135.0000000    1.5277079581e+05
 140.0000000    1.5279567169e+05
 145.0000000    1.5282063494e+05
 150.0000000    1.5284571403e+05
 155.0000000    1.5287093922e+05
 160.0000000    1.5289624359e+05
 165.0000000    1.5292168085e+05
 170.0000000    1.5294725017e+05
 175.0000000    1.5297289710e+05
 180.0000000    1.5299869187e+05
 185.0000000    1.5302459932e+05
 190.0000000    1.5305059013e+05
 195.0000000    1.5307673966e+05
 200.0000000    1.5310298002e+05
 205.0000000    1.5312932149e+05
 210.0000000    1.5315582275e+05
 215.0000000    1.5318239151e+05
 220.0000000    1.5320908667e+05
 225.0000000    1.5323592582e+05
 230.0000000    1.5326282104e+05
 235.0000000    1.5328987480e+05
 240.0000000    1.5331704252e+05
 245.0000000    1.5334427624e+05
 250.0000000    1.5337169001e+05
 255.0000000    1.5339917688e+05
 260.0000000    1.5342676101e+05
 265.0000000    1.5345452102e+05
 270.0000000    1.5348232045e+05
 275.0000000    1.5351026298e+05
 280.0000000    1.5353834816e+05
 285.0000000    1.5356646641e+05
 290.0000000    1.5359476933e+05
 295.0000000    1.5362316171e+05
 300.0000000    1.5365161646e+05
 305.0000000    1.5368027035e+05
 310.0000000    1.5370896245e+05
 315.0000000    1.5373777305e+05
 320.0000000    1.5376675792e+05
 325.0000000    1.5379575695e+05
 330.0000000    1.5382493291e+05
 335.0000000    1.5385422541e+05
 340.0000000    1.5388355010e+05
 345.0000000    1.5391308429e+05
