#          tintegral inside 4 < r < 450
   0.0000000    1.5162610237e+05
   5.0000000    1.5164334005e+05
  10.0000000    1.5167463317e+05
  15.0000000    1.5168748468e+05
  20.0000000    1.5171056683e+05
  25.0000000    1.5173898101e+05
  30.0000000    1.5174992269e+05
  35.0000000    1.5177880954e+05
  40.0000000    1.5180170051e+05
  45.0000000    1.5181427365e+05
  50.0000000    1.5184698187e+05
  55.0000000    1.5186319122e+05
  60.0000000    1.5188117769e+05
  65.0000000    1.5191361918e+05
  70.0000000    1.5192490112e+05
  75.0000000    1.5195011468e+05
  80.0000000    1.5197797986e+05
  85.0000000    1.5198847997e+05
  90.0000000    1.5201956184e+05
  95.0000000    1.5204063360e+05
 100.0000000    1.5205470790e+05
 105.0000000    1.5208799073e+05
 110.0000000    1.5210299753e+05
 115.0000000    1.5212320929e+05
 120.0000000    1.5215467218e+05
 125.0000000    1.5216645546e+05
 130.0000000    1.5219293506e+05
 135.0000000    1.5221977706e+05
 140.0000000    1.5223179965e+05
 145.0000000    1.5226280684e+05
 150.0000000    1.5228399247e+05
 155.0000000    1.5229919767e+05
 160.0000000    1.5233206006e+05
 165.0000000    1.5234811922e+05
 170.0000000    1.5236842595e+05
 175.0000000    1.5240025353e+05
 180.0000000    1.5241290578e+05
 185.0000000    1.5243904547e+05
 190.0000000    1.5246718342e+05
 195.0000000    1.5247905387e+05
 200.0000000    1.5251040971e+05
 205.0000000    1.5253291189e+05
 210.0000000    1.5254718344e+05
 215.0000000    1.5258163367e+05
 220.0000000    1.5259791351e+05
 225.0000000    1.5261762900e+05
 230.0000000    1.5265171937e+05
 235.0000000    1.5266315869e+05
 240.0000000    1.5269014535e+05
 245.0000000    1.5271991095e+05
 250.0000000    1.5272993898e+05
 255.0000000    1.5276375046e+05
 260.0000000    1.5278613742e+05
 265.0000000    1.5279939489e+05
 270.0000000    1.5283691446e+05
 275.0000000    1.5285126846e+05
 280.0000000    1.5287193488e+05
 285.0000000    1.5290811780e+05
 290.0000000    1.5291695065e+05
 295.0000000    1.5294686584e+05
 300.0000000    1.5297655814e+05
 305.0000000    1.5298500104e+05
 310.0000000    1.5302249962e+05
 315.0000000    1.5304264551e+05
 320.0000000    1.5305659699e+05
 325.0000000    1.5309677191e+05
 330.0000000    1.5310798389e+05
 335.0000000    1.5313165510e+05
 340.0000000    1.5316812974e+05
