#          tintegral inside 4 < r < 450
   0.0000000    1.5263114317e+06
   2.5000000    1.5264748484e+06
   5.0000000    1.5265547521e+06
   7.5000000    1.5266163927e+06
  10.0000000    1.5268000354e+06
  12.5000000    1.5268421621e+06
  15.0000000    1.5269485697e+06
  17.5000000    1.5271131926e+06
  20.0000000    1.5271379743e+06
  22.5000000    1.5272892203e+06
  25.0000000    1.5274146999e+06
  27.5000000    1.5274487951e+06
  30.0000000    1.5276297584e+06
  32.5000000    1.5277093897e+06
  35.0000000    1.5277767793e+06
  37.5000000    1.5279624550e+06
  40.0000000    1.5280051634e+06
  42.5000000    1.5281190680e+06
  45.0000000    1.5282829601e+06
  47.5000000    1.5283103650e+06
  50.0000000    1.5284687337e+06
  52.5000000    1.5285917694e+06
  55.0000000    1.5286309799e+06
  57.5000000    1.5288170728e+06
  60.0000000    1.5288940690e+06
  62.5000000    1.5289685777e+06
  65.0000000    1.5291564951e+06
  67.5000000    1.5291979787e+06
  70.0000000    1.5293197308e+06
  72.5000000    1.5294830731e+06
  75.0000000    1.5295117940e+06
  77.5000000    1.5296771114e+06
  80.0000000    1.5297978452e+06
  82.5000000    1.5298411626e+06
  85.0000000    1.5300319177e+06
  87.5000000    1.5301064466e+06
  90.0000000    1.5301871497e+06
  92.5000000    1.5303767942e+06
  95.0000000    1.5304171992e+06
  97.5000000    1.5305458486e+06
 100.0000000    1.5307082673e+06
 102.5000000    1.5307383092e+06
 105.0000000    1.5309096480e+06
 107.5000000    1.5310278805e+06
 110.0000000    1.5310751033e+06
 112.5000000    1.5312697321e+06
 115.0000000    1.5313416764e+06
 117.5000000    1.5314282209e+06
 120.0000000    1.5316189914e+06
 122.5000000    1.5316581921e+06
 125.0000000    1.5317933544e+06
 127.5000000    1.5319543803e+06
 130.0000000    1.5319856111e+06
 132.5000000    1.5321626306e+06
 135.0000000    1.5322779521e+06
 137.5000000    1.5323290136e+06
 140.0000000    1.5325271963e+06
 142.5000000    1.5325962117e+06
 145.0000000    1.5326886406e+06
 147.5000000    1.5328801723e+06
 150.0000000    1.5329179837e+06
 152.5000000    1.5330597623e+06
 155.0000000    1.5332189821e+06
 157.5000000    1.5332514738e+06
 160.0000000    1.5334342147e+06
 162.5000000    1.5335462672e+06
 165.0000000    1.5336015031e+06
 167.5000000    1.5338031145e+06
 170.0000000    1.5338690665e+06
 172.5000000    1.5339678613e+06
 175.0000000    1.5341598670e+06
 177.5000000    1.5341965068e+06
 180.0000000    1.5343453317e+06
 182.5000000    1.5345024274e+06
 185.0000000    1.5345367593e+06
 187.5000000    1.5347254371e+06
