#          tintegral inside 4 < r < 450
   0.0000000    1.5217229722e+05
   5.0000000    1.5219385568e+05
  10.0000000    1.5221565054e+05
  15.0000000    1.5223769833e+05
  20.0000000    1.5225986541e+05
  25.0000000    1.5228205878e+05
  30.0000000    1.5230437501e+05
  35.0000000    1.5232676380e+05
  40.0000000    1.5234925665e+05
  45.0000000    1.5237191100e+05
  50.0000000    1.5239462683e+05
  55.0000000    1.5241747069e+05
  60.0000000    1.5244045519e+05
  65.0000000    1.5246350320e+05
  70.0000000    1.5248670709e+05
  75.0000000    1.5251002111e+05
  80.0000000    1.5253341206e+05
  85.0000000    1.5255696869e+05
  90.0000000    1.5258060585e+05
  95.0000000    1.5260434882e+05
 100.0000000    1.5262825509e+05
 105.0000000    1.5265222550e+05
 110.0000000    1.5267632471e+05
 115.0000000    1.5270055492e+05
 120.0000000    1.5272485228e+05
 125.0000000    1.5274931551e+05
 130.0000000    1.5277388214e+05
 135.0000000    1.5279852317e+05
 140.0000000    1.5282332978e+05
 145.0000000    1.5284821359e+05
 150.0000000    1.5287320838e+05
 155.0000000    1.5289836045e+05
 160.0000000    1.5292357139e+05
 165.0000000    1.5294892646e+05
 170.0000000    1.5297441424e+05
 175.0000000    1.5299995877e+05
 180.0000000    1.5302566732e+05
 185.0000000    1.5305149126e+05
 190.0000000    1.5307741345e+05
 195.0000000    1.5310348555e+05
 200.0000000    1.5312958156e+05
 205.0000000    1.5315578468e+05
 210.0000000    1.5318219637e+05
 215.0000000    1.5320870945e+05
 220.0000000    1.5323536366e+05
 225.0000000    1.5326211672e+05
 230.0000000    1.5328890738e+05
 235.0000000    1.5331584693e+05
 240.0000000    1.5334286678e+05
 245.0000000    1.5336997805e+05
 250.0000000    1.5339727840e+05
 255.0000000    1.5342464630e+05
 260.0000000    1.5345213573e+05
 265.0000000    1.5347980059e+05
 270.0000000    1.5350752203e+05
 275.0000000    1.5353538331e+05
 280.0000000    1.5356337310e+05
 285.0000000    1.5359142597e+05
 290.0000000    1.5361964653e+05
 295.0000000    1.5364796240e+05
 300.0000000    1.5367636309e+05
