#          tintegral inside 1.71414 < r < 450
   0.0000000    1.5264687663e+06
   5.0000000    1.5264851939e+06
  10.0000000    1.5267770979e+06
  15.0000000    1.5271197120e+06
  20.0000000    1.5271086876e+06
  25.0000000    1.5275130415e+06
  30.0000000    1.5277266194e+06
  35.0000000    1.5277805446e+06
  40.0000000    1.5282382656e+06
  45.0000000    1.5283255427e+06
  50.0000000    1.5285006427e+06
  55.0000000    1.5289336009e+06
  60.0000000    1.5289414185e+06
  65.0000000    1.5292542484e+06
  70.0000000    1.5295925968e+06
  75.0000000    1.5295951342e+06
  80.0000000    1.5300181217e+06
  85.0000000    1.5302256268e+06
  90.0000000    1.5302999442e+06
  95.0000000    1.5307680001e+06
 100.0000000    1.5308535230e+06
 105.0000000    1.5310520425e+06
 110.0000000    1.5314866786e+06
 115.0000000    1.5314985952e+06
 120.0000000    1.5318347228e+06
 125.0000000    1.5321691621e+06
 130.0000000    1.5321847024e+06
 135.0000000    1.5326258607e+06
 140.0000000    1.5328283649e+06
 145.0000000    1.5329229860e+06
 150.0000000    1.5334017666e+06
 155.0000000    1.5334851651e+06
 160.0000000    1.5337085098e+06
 165.0000000    1.5341459499e+06
 170.0000000    1.5341645237e+06
 175.0000000    1.5345234260e+06
 180.0000000    1.5348538935e+06
 185.0000000    1.5348848045e+06
 190.0000000    1.5353457604e+06
