#          tintegral inside 1.71414 < r < 450
   0.0000000    1.5162616368e+05
   5.0000000    1.5164345906e+05
  10.0000000    1.5167487919e+05
  15.0000000    1.5168773874e+05
  20.0000000    1.5171097076e+05
  25.0000000    1.5173945793e+05
  30.0000000    1.5175041215e+05
  35.0000000    1.5177955238e+05
  40.0000000    1.5180232299e+05
  45.0000000    1.5181515129e+05
  50.0000000    1.5184791707e+05
  55.0000000    1.5186405893e+05
  60.0000000    1.5188244468e+05
  65.0000000    1.5191462089e+05
  70.0000000    1.5192621804e+05
  75.0000000    1.5195154248e+05
  80.0000000    1.5197918050e+05
  85.0000000    1.5199024826e+05
  90.0000000    1.5202096906e+05
  95.0000000    1.5204229458e+05
 100.0000000    1.5205666445e+05
 105.0000000    1.5208948596e+05
 110.0000000    1.5210519262e+05
 115.0000000    1.5212508841e+05
 120.0000000    1.5215656522e+05
 125.0000000    1.5216894918e+05
 130.0000000    1.5219475033e+05
 135.0000000    1.5222226827e+05
 140.0000000    1.5223424458e+05
 145.0000000    1.5226486236e+05
 150.0000000    1.5228695902e+05
 155.0000000    1.5230144802e+05
 160.0000000    1.5233469077e+05
 165.0000000    1.5235119222e+05
 170.0000000    1.5237068176e+05
 175.0000000    1.5240353170e+05
 180.0000000    1.5241576316e+05
