#          tintegral inside 1.14106 < R < 300
   0.0000000    2.2750820329e+05
   5.0000000    2.2750835446e+05
  10.0000000    2.2750905569e+05
  15.0000000    2.2751028593e+05
  20.0000000    2.2751223415e+05
  25.0000000    2.2751459295e+05
  30.0000000    2.2751761499e+05
  35.0000000    2.2752126335e+05
  40.0000000    2.2752537787e+05
  45.0000000    2.2753020425e+05
  50.0000000    2.2753558097e+05
  55.0000000    2.2754149457e+05
  60.0000000    2.2754811924e+05
  65.0000000    2.2755523707e+05
  70.0000000    2.2756295952e+05
  75.0000000    2.2757135643e+05
  80.0000000    2.2758022118e+05
  85.0000000    2.2758975197e+05
  90.0000000    2.2759990561e+05
  95.0000000    2.2761053888e+05
 100.0000000    2.2762187906e+05
 105.0000000    2.2763377710e+05
 110.0000000    2.2764619601e+05
 115.0000000    2.2765933227e+05
 120.0000000    2.2767296879e+05
 125.0000000    2.2768719267e+05
 130.0000000    2.2770210591e+05
 135.0000000    2.2771748341e+05
 140.0000000    2.2773352457e+05
 145.0000000    2.2775018898e+05
 150.0000000    2.2776732280e+05
 155.0000000    2.2778518168e+05
 160.0000000    2.2780357412e+05
 165.0000000    2.2782249217e+05
 170.0000000    2.2784215203e+05
 175.0000000    2.2786226858e+05
 180.0000000    2.2788300247e+05
 185.0000000    2.2790442993e+05
 190.0000000    2.2792627652e+05
 195.0000000    2.2794882615e+05
 200.0000000    2.2797198196e+05
 205.0000000    2.2799560617e+05
 210.0000000    2.2801998784e+05
 215.0000000    2.2804487114e+05
 220.0000000    2.2807030714e+05
 225.0000000    2.2809646355e+05
 230.0000000    2.2812304722e+05
 235.0000000    2.2815029211e+05
 240.0000000    2.2817817412e+05
 245.0000000    2.2820649752e+05
 250.0000000    2.2823556852e+05
 255.0000000    2.2826517191e+05
 260.0000000    2.2829529360e+05
 265.0000000    2.2832617585e+05
 270.0000000    2.2835750677e+05
 275.0000000    2.2838944901e+05
 280.0000000    2.2842208578e+05
 285.0000000    2.2845515223e+05
 290.0000000    2.2848890693e+05
 295.0000000    2.2852325850e+05
 300.0000000    2.2855809108e+05
 305.0000000    2.2859363734e+05
 310.0000000    2.2862969688e+05
 315.0000000    2.2866632590e+05
 320.0000000    2.2870363926e+05
 325.0000000    2.2874143069e+05
 330.0000000    2.2877986852e+05
 335.0000000    2.2881892095e+05
 340.0000000    2.2885846238e+05
 345.0000000    2.2889869690e+05
 350.0000000    2.2893949062e+05
 355.0000000    2.2898080801e+05
 360.0000000    2.2902280785e+05
 365.0000000    2.2906533255e+05
 370.0000000    2.2910842529e+05
 375.0000000    2.2915217959e+05
 380.0000000    2.2919645686e+05
 385.0000000    2.2924132805e+05
 390.0000000    2.2928683535e+05
 395.0000000    2.2933287346e+05
 400.0000000    2.2937950583e+05
 405.0000000    2.2942673577e+05
 410.0000000    2.2947451001e+05
 415.0000000    2.2952292508e+05
 420.0000000    2.2957195919e+05
 425.0000000    2.2962159636e+05
 430.0000000    2.2967188634e+05
 435.0000000    2.2972260283e+05
 440.0000000    2.2977371961e+05
 445.0000000    2.2982543125e+05
 450.0000000    2.2987771019e+05
 455.0000000    2.2993076030e+05
 460.0000000    2.2998466370e+05
 465.0000000    2.3003926059e+05
 470.0000000    2.3009465111e+05
 475.0000000    2.3015040214e+05
 480.0000000    2.3020616381e+05
 485.0000000    2.3026232691e+05
 490.0000000    2.3031877785e+05
 495.0000000    2.3037559621e+05
 500.0000000    2.3043338864e+05
 505.0000000    2.3049230442e+05
 510.0000000    2.3055245451e+05
 515.0000000    2.3061362737e+05
 520.0000000    2.3067560027e+05
 525.0000000    2.3073832873e+05
 530.0000000    2.3080089924e+05
 535.0000000    2.3086317401e+05
 540.0000000    2.3092560286e+05
 545.0000000    2.3098756552e+05
 550.0000000    2.3104950842e+05
 555.0000000    2.3111233370e+05
 560.0000000    2.3117586241e+05
 565.0000000    2.3124056992e+05
 570.0000000    2.3130693097e+05
 575.0000000    2.3137480650e+05
 580.0000000    2.3144407189e+05
 585.0000000    2.3151442882e+05
 590.0000000    2.3158587169e+05
 595.0000000    2.3165778282e+05
 600.0000000    2.3172958704e+05
 605.0000000    2.3180179701e+05
 610.0000000    2.3187369027e+05
 615.0000000    2.3194494397e+05
 620.0000000    2.3201657264e+05
 625.0000000    2.3208789420e+05
 630.0000000    2.3215893687e+05
 635.0000000    2.3223081252e+05
 640.0000000    2.3230289159e+05
 645.0000000    2.3237539088e+05
 650.0000000    2.3244915320e+05
 655.0000000    2.3252367377e+05
 660.0000000    2.3259912455e+05
 665.0000000    2.3267596621e+05
 670.0000000    2.3275391715e+05
 675.0000000    2.3283287647e+05
 680.0000000    2.3291304069e+05
 685.0000000    2.3299439148e+05
 690.0000000    2.3307642961e+05
 695.0000000    2.3315933092e+05
 700.0000000    2.3324328663e+05
 705.0000000    2.3332743971e+05
 710.0000000    2.3341216942e+05
 715.0000000    2.3349772796e+05
 720.0000000    2.3358306482e+05
 725.0000000    2.3366885667e+05
 730.0000000    2.3375524626e+05
 735.0000000    2.3384120145e+05
 740.0000000    2.3392764726e+05
 745.0000000    2.3401452016e+05
 750.0000000    2.3410098338e+05
 755.0000000    2.3418806850e+05
 760.0000000    2.3427551638e+05
 765.0000000    2.3436276358e+05
 770.0000000    2.3445078799e+05
 775.0000000    2.3453921695e+05
 780.0000000    2.3462773056e+05
 785.0000000    2.3471714515e+05
 790.0000000    2.3480706453e+05
 795.0000000    2.3489732625e+05
 800.0000000    2.3498857214e+05
 805.0000000    2.3508043012e+05
 810.0000000    2.3517280955e+05
 815.0000000    2.3526623928e+05
 820.0000000    2.3536035714e+05
 825.0000000    2.3545508677e+05
 830.0000000    2.3555091299e+05
 835.0000000    2.3564743485e+05
 840.0000000    2.3574458911e+05
 845.0000000    2.3584285183e+05
 850.0000000    2.3594174102e+05
 855.0000000    2.3604126034e+05
 860.0000000    2.3614187277e+05
 865.0000000    2.3624299080e+05
 870.0000000    2.3634473896e+05
 875.0000000    2.3644753503e+05
 880.0000000    2.3655068948e+05
 885.0000000    2.3665446929e+05
 890.0000000    2.3675921676e+05
 895.0000000    2.3686418515e+05
 900.0000000    2.3696977860e+05
 905.0000000    2.3707624187e+05
 910.0000000    2.3718283509e+05
 915.0000000    2.3729007447e+05
 920.0000000    2.3739807848e+05
 925.0000000    2.3750617011e+05
 930.0000000    2.3761494449e+05
 935.0000000    2.3772436032e+05
 940.0000000    2.3783385869e+05
 945.0000000    2.3794408269e+05
 950.0000000    2.3805480121e+05
 955.0000000    2.3816563728e+05
 960.0000000    2.3827724829e+05
 965.0000000    2.3838919812e+05
 970.0000000    2.3850135267e+05
 975.0000000    2.3861432944e+05
 980.0000000    2.3872750747e+05
 985.0000000    2.3884103459e+05
 990.0000000    2.3895540111e+05
 995.0000000    2.3906986597e+05
1000.0000000    2.3918485930e+05
1005.0000000    2.3930064499e+05
1010.0000000    2.3941647050e+05
1015.0000000    2.3953300492e+05
1020.0000000    2.3965022084e+05
1025.0000000    2.3976748700e+05
1030.0000000    2.3988561802e+05
1035.0000000    2.4000428909e+05
1040.0000000    2.4012310389e+05
1045.0000000    2.4024288420e+05
1050.0000000    2.4036306313e+05
1055.0000000    2.4048354160e+05
1060.0000000    2.4060500309e+05
1065.0000000    2.4072674900e+05
1070.0000000    2.4084897848e+05
1075.0000000    2.4097212679e+05
1080.0000000    2.4109550149e+05
1085.0000000    2.4121954062e+05
1090.0000000    2.4134437738e+05
1095.0000000    2.4146945030e+05
1100.0000000    2.4159533336e+05
1105.0000000    2.4172186516e+05
1110.0000000    2.4184869855e+05
1115.0000000    2.4197642659e+05
1120.0000000    2.4210465684e+05
1125.0000000    2.4223328986e+05
1130.0000000    2.4236283378e+05
1135.0000000    2.4249276510e+05
1140.0000000    2.4262321978e+05
1145.0000000    2.4275454543e+05
1150.0000000    2.4288619482e+05
1155.0000000    2.4301848969e+05
1160.0000000    2.4315157578e+05
1165.0000000    2.4328497274e+05
1170.0000000    2.4341911450e+05
1175.0000000    2.4355394115e+05
1180.0000000    2.4368910408e+05
1185.0000000    2.4382506942e+05
1190.0000000    2.4396160456e+05
1195.0000000    2.4409853000e+05
1200.0000000    2.4423627079e+05
1205.0000000    2.4437448093e+05
1210.0000000    2.4451315752e+05
1215.0000000    2.4465262402e+05
1220.0000000    2.4479249168e+05
1225.0000000    2.4493291383e+05
1230.0000000    2.4507406968e+05
1235.0000000    2.4521559650e+05
