#          tintegral inside 5 < R < 500
   0.0000000    2.9451397164e+05
   5.0000000    2.9451194471e+05
  10.0000000    2.9451015270e+05
  15.0000000    2.9450843455e+05
  20.0000000    2.9450667529e+05
  25.0000000    2.9450520831e+05
  30.0000000    2.9450366543e+05
  35.0000000    2.9450225791e+05
  40.0000000    2.9450104436e+05
  45.0000000    2.9449973023e+05
  50.0000000    2.9449868304e+05
  55.0000000    2.9449766046e+05
  60.0000000    2.9449664795e+05
  65.0000000    2.9449589254e+05
  70.0000000    2.9449504906e+05
  75.0000000    2.9449437534e+05
  80.0000000    2.9449383194e+05
  85.0000000    2.9449322321e+05
  90.0000000    2.9449286044e+05
  95.0000000    2.9449248152e+05
 100.0000000    2.9449216780e+05
 105.0000000    2.9449204229e+05
 110.0000000    2.9449184206e+05
 115.0000000    2.9449183395e+05
 120.0000000    2.9449188771e+05
 125.0000000    2.9449194527e+05
 130.0000000    2.9449220728e+05
 135.0000000    2.9449241533e+05
 140.0000000    2.9449275729e+05
 145.0000000    2.9449321054e+05
 150.0000000    2.9449362231e+05
 155.0000000    2.9449424300e+05
 160.0000000    2.9449484284e+05
 165.0000000    2.9449551727e+05
 170.0000000    2.9449635352e+05
 175.0000000    2.9449711589e+05
 180.0000000    2.9449807694e+05
 185.0000000    2.9449906137e+05
 190.0000000    2.9450004319e+05
 195.0000000    2.9450124316e+05
 200.0000000    2.9450235180e+05
 205.0000000    2.9450361392e+05
 210.0000000    2.9450498683e+05
 215.0000000    2.9450626660e+05
 220.0000000    2.9450779702e+05
 225.0000000    2.9450926827e+05
 230.0000000    2.9451078320e+05
