#          tintegral inside 1.14106 < R < 300
   0.0000000    2.2653074818e+06
   0.6250000    2.2653074014e+06
   1.2500000    2.2653072348e+06
   1.8750000    2.2653072435e+06
   2.5000000    2.2653075698e+06
   3.1250000    2.2653075455e+06
   3.7500000    2.2653079596e+06
   4.3750000    2.2653083436e+06
   5.0000000    2.2653086281e+06
   5.6250000    2.2653093405e+06
   6.2500000    2.2653097365e+06
   6.8750000    2.2653105414e+06
   7.5000000    2.2653112948e+06
   8.1250000    2.2653120404e+06
   8.7500000    2.2653131921e+06
   9.3750000    2.2653139959e+06
  10.0000000    2.2653153135e+06
  10.6250000    2.2653164494e+06
  11.2500000    2.2653177255e+06
  11.8750000    2.2653192559e+06
  12.5000000    2.2653206035e+06
  13.1250000    2.2653222934e+06
  13.7500000    2.2653239801e+06
  14.3750000    2.2653256439e+06
  15.0000000    2.2653277033e+06
  15.6250000    2.2653294785e+06
  16.2500000    2.2653316624e+06
  16.8750000    2.2653338115e+06
  17.5000000    2.2653359524e+06
  18.1250000    2.2653384802e+06
  18.7500000    2.2653407379e+06
  19.3750000    2.2653433817e+06
  20.0000000    2.2653460138e+06
  20.6250000    2.2653486226e+06
  21.2500000    2.2653516082e+06
  21.8750000    2.2653543605e+06
  22.5000000    2.2653574342e+06
  23.1250000    2.2653605729e+06
  23.7500000    2.2653636159e+06
  24.3750000    2.2653670891e+06
  25.0000000    2.2653703066e+06
  25.6250000    2.2653738411e+06
  26.2500000    2.2653774631e+06
  26.8750000    2.2653809643e+06
  27.5000000    2.2653849069e+06
  28.1250000    2.2653885985e+06
  28.7500000    2.2653925851e+06
  29.3750000    2.2653966823e+06
  30.0000000    2.2654006455e+06
  30.6250000    2.2654050409e+06
  31.2500000    2.2654092177e+06
  31.8750000    2.2654136399e+06
  32.5000000    2.2654182222e+06
  33.1250000    2.2654226348e+06
  33.7500000    2.2654274855e+06
  34.3750000    2.2654321382e+06
  35.0000000    2.2654369910e+06
  35.6250000    2.2654420493e+06
  36.2500000    2.2654469002e+06
  36.8750000    2.2654522009e+06
  37.5000000    2.2654573161e+06
  38.1250000    2.2654626052e+06
  38.7500000    2.2654681303e+06
  39.3750000    2.2654734349e+06
  40.0000000    2.2654791816e+06
  40.6250000    2.2654847723e+06
  41.2500000    2.2654904976e+06
  41.8750000    2.2654964936e+06
  42.5000000    2.2655022561e+06
  43.1250000    2.2655084485e+06
  43.7500000    2.2655145190e+06
  44.3750000    2.2655206775e+06
  45.0000000    2.2655271427e+06
  45.6250000    2.2655333576e+06
  46.2500000    2.2655399935e+06
  46.8750000    2.2655465416e+06
  47.5000000    2.2655531389e+06
  48.1250000    2.2655600744e+06
  48.7500000    2.2655667476e+06
  49.3750000    2.2655738253e+06
  50.0000000    2.2655808483e+06
  50.6250000    2.2655878831e+06
  51.2500000    2.2655952835e+06
  51.8750000    2.2656024184e+06
  52.5000000    2.2656099373e+06
  53.1250000    2.2656174375e+06
  53.7500000    2.2656249152e+06
  54.3750000    2.2656327800e+06
  55.0000000    2.2656403857e+06
  55.6250000    2.2656483391e+06
  56.2500000    2.2656563141e+06
  56.8750000    2.2656642095e+06
  57.5000000    2.2656725238e+06
  58.1250000    2.2656805748e+06
  58.7500000    2.2656889822e+06
  59.3750000    2.2656974449e+06
  60.0000000    2.2657058288e+06
  60.6250000    2.2657146038e+06
  61.2500000    2.2657231353e+06
  61.8750000    2.2657319161e+06
  62.5000000    2.2657408160e+06
  63.1250000    2.2657495541e+06
  63.7500000    2.2657587652e+06
  64.3750000    2.2657677274e+06
  65.0000000    2.2657769757e+06
  65.6250000    2.2657863496e+06
  66.2500000    2.2657955625e+06
