#          tintegral inside 1.14106 < R < 300
   0.0000000    2.2606630576e+06
   5.0000000    2.2162947274e+06
  10.0000000    2.1762156136e+06
  15.0000000    2.1398883976e+06
  20.0000000    2.1068255863e+06
  25.0000000    2.0766061695e+06
  30.0000000    2.0488759407e+06
  35.0000000    2.0233284817e+06
  40.0000000    1.9997004035e+06
  45.0000000    1.9777656514e+06
  50.0000000    1.9573258498e+06
  55.0000000    1.9382082912e+06
  60.0000000    1.9202648226e+06
  65.0000000    1.9033678222e+06
  70.0000000    1.8874067368e+06
  75.0000000    1.8722852076e+06
  80.0000000    1.8579187170e+06
  85.0000000    1.8442320508e+06
  90.0000000    1.8311583674e+06
  95.0000000    1.8186395373e+06
 100.0000000    1.8066256664e+06
 105.0000000    1.7950730442e+06
 110.0000000    1.7839415068e+06
 115.0000000    1.7731932392e+06
 120.0000000    1.7627939675e+06
 125.0000000    1.7527148586e+06
 130.0000000    1.7429323522e+06
 135.0000000    1.7334254265e+06
 140.0000000    1.7241728429e+06
 145.0000000    1.7151531340e+06
 150.0000000    1.7063471767e+06
 155.0000000    1.6977403368e+06
 160.0000000    1.6893215264e+06
 165.0000000    1.6810798590e+06
 170.0000000    1.6730023176e+06
 175.0000000    1.6650749056e+06
 180.0000000    1.6572860684e+06
 185.0000000    1.6496286078e+06
 190.0000000    1.6420977752e+06
 195.0000000    1.6346873502e+06
 200.0000000    1.6273878325e+06
 205.0000000    1.6201887600e+06
 210.0000000    1.6130827588e+06
 215.0000000    1.6060669572e+06
 220.0000000    1.5991400970e+06
 225.0000000    1.5922982625e+06
 230.0000000    1.5855337412e+06
 235.0000000    1.5788382910e+06
 240.0000000    1.5722073972e+06
 245.0000000    1.5656409712e+06
 250.0000000    1.5591396517e+06
 255.0000000    1.5527005461e+06
 260.0000000    1.5463169195e+06
 265.0000000    1.5399821953e+06
 270.0000000    1.5336940389e+06
 275.0000000    1.5274541563e+06
 280.0000000    1.5212639691e+06
 285.0000000    1.5151207254e+06
 290.0000000    1.5090181835e+06
