#          tintegral inside 1.71414 < r < 450
   0.0000000    7.6315683076e+05
   5.0000000    7.6329621911e+05
  10.0000000    7.6339312823e+05
  15.0000000    7.6348133280e+05
  20.0000000    7.6363250562e+05
  25.0000000    7.6371228976e+05
  30.0000000    7.6382489807e+05
  35.0000000    7.6396698764e+05
  40.0000000    7.6403929316e+05
  45.0000000    7.6417617641e+05
  50.0000000    7.6429959043e+05
  55.0000000    7.6437792347e+05
  60.0000000    7.6453109301e+05
  65.0000000    7.6463266993e+05
  70.0000000    7.6472919544e+05
  75.0000000    7.6488592894e+05
  80.0000000    7.6497029461e+05
  85.0000000    7.6509163357e+05
  90.0000000    7.6523858302e+05
  95.0000000    7.6531667969e+05
 100.0000000    7.6546176317e+05
 105.0000000    7.6558942560e+05
 110.0000000    7.6567489390e+05
 115.0000000    7.6583525198e+05
 120.0000000    7.6594102830e+05
 125.0000000    7.6604564025e+05
 130.0000000    7.6620835515e+05
 135.0000000    7.6629764430e+05
 140.0000000    7.6642738571e+05
 145.0000000    7.6657912238e+05
 150.0000000    7.6666327923e+05
 155.0000000    7.6681639685e+05
 160.0000000    7.6694816328e+05
 165.0000000    7.6704092482e+05
 170.0000000    7.6720838362e+05
 175.0000000    7.6731831878e+05
 180.0000000    7.6743112605e+05
 185.0000000    7.6759970781e+05
 190.0000000    7.6769403277e+05
 195.0000000    7.6783239389e+05
 200.0000000    7.6798858954e+05
 205.0000000    7.6807846703e+05
 210.0000000    7.6823982776e+05
 215.0000000    7.6837612685e+05
 220.0000000    7.6847634776e+05
 225.0000000    7.6865077680e+05
 230.0000000    7.6876499073e+05
 235.0000000    7.6888613800e+05
 240.0000000    7.6906002268e+05
 245.0000000    7.6915877451e+05
 250.0000000    7.6930579456e+05
 255.0000000    7.6946680962e+05
 260.0000000    7.6956284038e+05
