#          tintegral inside 4 < r < 450
   0.0000000    1.5214450651e+05
   5.0000000    1.5216604397e+05
  10.0000000    1.5218769962e+05
  15.0000000    1.5220951209e+05
  20.0000000    1.5223145196e+05
  25.0000000    1.5225351454e+05
  30.0000000    1.5227574094e+05
  35.0000000    1.5229807376e+05
  40.0000000    1.5232053100e+05
  45.0000000    1.5234313852e+05
  50.0000000    1.5236583662e+05
  55.0000000    1.5238866696e+05
  60.0000000    1.5241163300e+05
  65.0000000    1.5243468352e+05
  70.0000000    1.5245787715e+05
  75.0000000    1.5248119045e+05
  80.0000000    1.5250459037e+05
  85.0000000    1.5252814359e+05
  90.0000000    1.5255179734e+05
  95.0000000    1.5257554937e+05
 100.0000000    1.5259945951e+05
 105.0000000    1.5262344939e+05
 110.0000000    1.5264755927e+05
 115.0000000    1.5267181951e+05
 120.0000000    1.5269614450e+05
 125.0000000    1.5272061787e+05
 130.0000000    1.5274521696e+05
 135.0000000    1.5276988157e+05
 140.0000000    1.5279471895e+05
 145.0000000    1.5281964521e+05
 150.0000000    1.5284466059e+05
 155.0000000    1.5286985441e+05
 160.0000000    1.5289510172e+05
 165.0000000    1.5292048028e+05
 170.0000000    1.5294601444e+05
 175.0000000    1.5297158723e+05
 180.0000000    1.5299733489e+05
 185.0000000    1.5302319012e+05
 190.0000000    1.5304910188e+05
 195.0000000    1.5307521123e+05
 200.0000000    1.5310137605e+05
 205.0000000    1.5312764728e+05
 210.0000000    1.5315410131e+05
 215.0000000    1.5318057722e+05
 220.0000000    1.5320721632e+05
 225.0000000    1.5323398674e+05
 230.0000000    1.5326078713e+05
 235.0000000    1.5328779128e+05
 240.0000000    1.5331486399e+05
 245.0000000    1.5334201577e+05
 250.0000000    1.5336936945e+05
 255.0000000    1.5339674434e+05
 260.0000000    1.5342426335e+05
 265.0000000    1.5345193749e+05
 270.0000000    1.5347962643e+05
 275.0000000    1.5350750976e+05
 280.0000000    1.5353548037e+05
 285.0000000    1.5356350542e+05
 290.0000000    1.5359173538e+05
