#          tintegral inside 0 < r < 450
   0.0000000    6.4100687708e+09
   2.5000000    6.4102640085e+09
   5.0000000    6.4104593076e+09
   7.5000000    6.4106540775e+09
  10.0000000    6.4108500731e+09
  12.5000000    6.4110464502e+09
  15.0000000    6.4112421454e+09
  17.5000000    6.4114387856e+09
  20.0000000    6.4116360419e+09
  22.5000000    6.4118325019e+09
  25.0000000    6.4120295683e+09
  27.5000000    6.4122274735e+09
  30.0000000    6.4124245652e+09
  32.5000000    6.4126219228e+09
  35.0000000    6.4128203135e+09
  37.5000000    6.4130179884e+09
  40.0000000    6.4132155987e+09
  42.5000000    6.4134143733e+09
  45.0000000    6.4136126258e+09
  47.5000000    6.4138104985e+09
  50.0000000    6.4140095778e+09
  52.5000000    6.4142083992e+09
  55.0000000    6.4144065599e+09
  57.5000000    6.4146058712e+09
  60.0000000    6.4148052349e+09
  62.5000000    6.4150037173e+09
  65.0000000    6.4152031978e+09
  67.5000000    6.4154030610e+09
  70.0000000    6.4156019051e+09
  72.5000000    6.4158015084e+09
  75.0000000    6.4160018153e+09
  77.5000000    6.4162010640e+09
  80.0000000    6.4164007640e+09
  82.5000000    6.4166014492e+09
  85.0000000    6.4168011427e+09
  87.5000000    6.4170009347e+09
  90.0000000    6.4172019262e+09
  92.5000000    6.4174020960e+09
  95.0000000    6.4176019960e+09
  97.5000000    6.4178032198e+09
 100.0000000    6.4180038844e+09
 102.5000000    6.4182039270e+09
 105.0000000    6.4184053118e+09
 107.5000000    6.4186064727e+09
 110.0000000    6.4188067076e+09
 112.5000000    6.4190081909e+09
 115.0000000    6.4192098310e+09
 117.5000000    6.4194103187e+09
 120.0000000    6.4196118514e+09
 122.5000000    6.4198139350e+09
 125.0000000    6.4200147405e+09
 127.5000000    6.4202162919e+09
 130.0000000    6.4204187665e+09
 132.5000000    6.4206199538e+09
 135.0000000    6.4208215137e+09
 137.5000000    6.4210243132e+09
 140.0000000    6.4212259382e+09
 142.5000000    6.4214275186e+09
 145.0000000    6.4216305685e+09
 147.5000000    6.4218326738e+09
 150.0000000    6.4220343086e+09
 152.5000000    6.4222375316e+09
 155.0000000    6.4224401414e+09
 157.5000000    6.4226418839e+09
 160.0000000    6.4228452071e+09
 162.5000000    6.4230483247e+09
 165.0000000    6.4232502436e+09
 167.5000000    6.4234536048e+09
 170.0000000    6.4236572107e+09
