#          tintegral inside 1.71414 < r < 450
   0.0000000    1.5227264780e+05
   5.0000000    1.5229402334e+05
  10.0000000    1.5231574672e+05
  15.0000000    1.5233771039e+05
  20.0000000    1.5235975203e+05
  25.0000000    1.5238185746e+05
  30.0000000    1.5240411487e+05
  35.0000000    1.5242641294e+05
  40.0000000    1.5244879597e+05
  45.0000000    1.5247131206e+05
  50.0000000    1.5249386802e+05
  55.0000000    1.5251654660e+05
  60.0000000    1.5253929047e+05
  65.0000000    1.5256202012e+05
  70.0000000    1.5258491421e+05
  75.0000000    1.5260788863e+05
  80.0000000    1.5263093042e+05
  85.0000000    1.5265412912e+05
  90.0000000    1.5267738851e+05
  95.0000000    1.5270066675e+05
 100.0000000    1.5272417938e+05
 105.0000000    1.5274756014e+05
 110.0000000    1.5277105055e+05
 115.0000000    1.5279462096e+05
 120.0000000    1.5281824623e+05
 125.0000000    1.5284203424e+05
 130.0000000    1.5286591511e+05
 135.0000000    1.5288988536e+05
 140.0000000    1.5291401796e+05
 145.0000000    1.5293820142e+05
 150.0000000    1.5296249657e+05
 155.0000000    1.5298691853e+05
 160.0000000    1.5301136852e+05
 165.0000000    1.5303597690e+05
 170.0000000    1.5306069039e+05
 175.0000000    1.5308536543e+05
 180.0000000    1.5311015894e+05
 185.0000000    1.5313514905e+05
 190.0000000    1.5316031971e+05
