#          tintegral inside 2 < r < 500
   0.0000000    6.5421307808e+03
   3.2000000    6.5421377784e+03
   6.4000000    6.5421952141e+03
   9.6000000    6.5423476827e+03
  12.8000000    6.5426296260e+03
  16.0000000    6.5430648913e+03
  19.2000000    6.5436623196e+03
  22.4000000    6.5444130471e+03
  25.6000000    6.5452927909e+03
  28.8000000    6.5462648348e+03
  32.0000000    6.5472829408e+03
  35.2000000    6.5482958073e+03
  38.4000000    6.5492525474e+03
  41.6000000    6.5501078843e+03
  44.8000000    6.5508266901e+03
  48.0000000    6.5513876301e+03
  51.2000000    6.5517854476e+03
  54.4000000    6.5520315927e+03
  57.6000000    6.5521531575e+03
  60.8000000    6.5521902182e+03
  64.0000000    6.5521918399e+03
  67.2000000    6.5522111458e+03
  70.4000000    6.5522999432e+03
  73.6000000    6.5525034538e+03
  76.8000000    6.5528556797e+03
  80.0000000    6.5533758779e+03
  83.2000000    6.5540665210e+03
  86.4000000    6.5549129480e+03
  89.6000000    6.5558847483e+03
  92.8000000    6.5569387590e+03
  96.0000000    6.5580233750e+03
  99.2000000    6.5590837418e+03
 102.4000000    6.5600673088e+03
 105.6000000    6.5609291804e+03
 108.8000000    6.5616367213e+03
 112.0000000    6.5621729406e+03
 115.2000000    6.5625383091e+03
 118.4000000    6.5627508132e+03
 121.6000000    6.5628442292e+03
 124.8000000    6.5628647809e+03
 128.0000000    6.5628665160e+03
 131.2000000    6.5629058643e+03
 134.4000000    6.5630359240e+03
 137.6000000    6.5633010474e+03
 140.8000000    6.5637322819e+03
 144.0000000    6.5643441386e+03
 147.2000000    6.5651330331e+03
 150.4000000    6.5660775528e+03
 153.6000000    6.5671405326e+03
 156.8000000    6.5682727353e+03
 160.0000000    6.5694177811e+03
 163.2000000    6.5705178353e+03
 166.4000000    6.5715194754e+03
 169.6000000    6.5723791392e+03
 172.8000000    6.5730675970e+03
 176.0000000    6.5735729949e+03
 179.2000000    6.5739021567e+03
 182.4000000    6.5740799956e+03
 185.6000000    6.5741470855e+03
 188.8000000    6.5741556272e+03
 192.0000000    6.5741642114e+03
 195.2000000    6.5742319060e+03
 198.4000000    6.5744122615e+03
 201.6000000    6.5747478463e+03
 204.8000000    6.5752658676e+03
 208.0000000    6.5759753246e+03
 211.2000000    6.5768659987e+03
 214.4000000    6.5779093875e+03
 217.6000000    6.5790615004e+03
 220.8000000    6.5802672416e+03
 224.0000000    6.5814659438e+03
 227.2000000    6.5825974964e+03
 230.4000000    6.5836084492e+03
