#          tintegral inside 4 < r < 450
   0.0000000    6.0856219105e+05
   2.5000000    6.0860337722e+05
   5.0000000    6.0864468060e+05
   7.5000000    6.0868610279e+05
  10.0000000    6.0872763109e+05
  12.5000000    6.0876925636e+05
  15.0000000    6.0881099943e+05
  17.5000000    6.0885285764e+05
  20.0000000    6.0889479359e+05
  22.5000000    6.0893687434e+05
  25.0000000    6.0897904935e+05
  27.5000000    6.0902130231e+05
  30.0000000    6.0906373103e+05
  32.5000000    6.0910619847e+05
  35.0000000    6.0914879317e+05
  37.5000000    6.0919154478e+05
  40.0000000    6.0923429383e+05
  42.5000000    6.0927724768e+05
  45.0000000    6.0932026993e+05
  47.5000000    6.0936332360e+05
  50.0000000    6.0940661560e+05
  52.5000000    6.0944987027e+05
  55.0000000    6.0949326704e+05
  57.5000000    6.0953683438e+05
  60.0000000    6.0958033077e+05
  62.5000000    6.0962407768e+05
  65.0000000    6.0966785283e+05
  67.5000000    6.0971164044e+05
  70.0000000    6.0975568879e+05
  72.5000000    6.0979964897e+05
  75.0000000    6.0984376809e+05
  77.5000000    6.0988803675e+05
  80.0000000    6.0993221781e+05
  82.5000000    6.0997665423e+05
  85.0000000    6.1002108565e+05
  87.5000000    6.1006554444e+05
  90.0000000    6.1011022965e+05
  92.5000000    6.1015482698e+05
  95.0000000    6.1019958542e+05
  97.5000000    6.1024444501e+05
 100.0000000    6.1028925733e+05
 102.5000000    6.1033427785e+05
 105.0000000    6.1037928326e+05
 107.5000000    6.1042435286e+05
 110.0000000    6.1046956759e+05
 112.5000000    6.1051474668e+05
 115.0000000    6.1056006736e+05
 117.5000000    6.1060543179e+05
 120.0000000    6.1065083042e+05
 122.5000000    6.1069635232e+05
 125.0000000    6.1074187494e+05
 127.5000000    6.1078750712e+05
 130.0000000    6.1083318162e+05
 132.5000000    6.1087890498e+05
 135.0000000    6.1092473718e+05
 137.5000000    6.1097055959e+05
 140.0000000    6.1101651334e+05
 142.5000000    6.1106249556e+05
 145.0000000    6.1110850784e+05
 147.5000000    6.1115467633e+05
 150.0000000    6.1120078999e+05
 152.5000000    6.1124704219e+05
 155.0000000    6.1129337512e+05
 157.5000000    6.1133965565e+05
 160.0000000    6.1138616035e+05
 162.5000000    6.1143261676e+05
 165.0000000    6.1147913180e+05
 167.5000000    6.1152585027e+05
 170.0000000    6.1157243950e+05
 172.5000000    6.1161924070e+05
 175.0000000    6.1166611294e+05
 177.5000000    6.1171289950e+05
 180.0000000    6.1175998491e+05
 182.5000000    6.1180697850e+05
 185.0000000    6.1185404588e+05
 187.5000000    6.1190136298e+05
