#          tintegral inside 1.14106 < R < 300
   0.0000000    9.1026547444e+06
   1.2500000    9.0958701559e+06
   2.5000000    9.0855347313e+06
   3.7500000    9.0866682457e+06
   5.0000000    9.0975346628e+06
   6.2500000    9.1021482722e+06
   7.5000000    9.0936819161e+06
   8.7500000    9.0844641419e+06
  10.0000000    9.0879254069e+06
  11.2500000    9.0989309471e+06
  12.5000000    9.1013003283e+06
  13.7500000    9.0915016373e+06
  15.0000000    9.0838233130e+06
  16.2500000    9.0894506354e+06
  17.5000000    9.1000867734e+06
  18.7500000    9.1001026234e+06
  20.0000000    9.0894230248e+06
  21.2500000    9.0836361738e+06
  22.5000000    9.0911672008e+06
  23.7500000    9.1009418631e+06
  25.0000000    9.0986035053e+06
  26.2500000    9.0875351332e+06
  27.5000000    9.0839044174e+06
  28.7500000    9.0929892806e+06
  30.0000000    9.1014508831e+06
  31.2500000    9.0968665500e+06
  32.5000000    9.0859191251e+06
  33.7500000    9.0846096242e+06
  35.0000000    9.0948272609e+06
  36.2500000    9.1015850221e+06
  37.5000000    9.0949658684e+06
  38.7500000    9.0846423709e+06
