#          tintegral inside 2 < r < 500
   0.0000000    1.0467409234e+06
   2.5000000    1.0467999685e+06
   5.0000000    1.0468591419e+06
   7.5000000    1.0469183340e+06
  10.0000000    1.0469777378e+06
  12.5000000    1.0470372607e+06
  15.0000000    1.0470968055e+06
  17.5000000    1.0471565703e+06
  20.0000000    1.0472164923e+06
  22.5000000    1.0472764346e+06
  25.0000000    1.0473365805e+06
  27.5000000    1.0473969168e+06
  30.0000000    1.0474572733e+06
  32.5000000    1.0475178047e+06
  35.0000000    1.0475785539e+06
  37.5000000    1.0476393306e+06
  40.0000000    1.0477002491e+06
  42.5000000    1.0477614054e+06
  45.0000000    1.0478226050e+06
  47.5000000    1.0478839122e+06
