#          tintegral inside 2 < R < 300
   0.0000000    2.2848506713e+05
   5.0000000    2.2848510947e+05
  10.0000000    2.2848563658e+05
  15.0000000    2.2848667426e+05
  20.0000000    2.2848838823e+05
  25.0000000    2.2849055455e+05
  30.0000000    2.2849334670e+05
  35.0000000    2.2849676766e+05
  40.0000000    2.2850062759e+05
  45.0000000    2.2850517744e+05
  50.0000000    2.2851027160e+05
  55.0000000    2.2851584642e+05
  60.0000000    2.2852212264e+05
  65.0000000    2.2852886614e+05
  70.0000000    2.2853616394e+05
  75.0000000    2.2854412253e+05
  80.0000000    2.2855250600e+05
  85.0000000    2.2856152101e+05
  90.0000000    2.2857111742e+05
  95.0000000    2.2858114580e+05
 100.0000000    2.2859185269e+05
 105.0000000    2.2860304774e+05
 110.0000000    2.2861472562e+05
 115.0000000    2.2862708211e+05
 120.0000000    2.2863985380e+05
 125.0000000    2.2865317784e+05
 130.0000000    2.2866713059e+05
 135.0000000    2.2868146815e+05
 140.0000000    2.2869642006e+05
 145.0000000    2.2871191694e+05
 150.0000000    2.2872781954e+05
 155.0000000    2.2874436335e+05
 160.0000000    2.2876136171e+05
 165.0000000    2.2877882707e+05
 170.0000000    2.2879691634e+05
 175.0000000    2.2881538967e+05
 180.0000000    2.2883440250e+05
 185.0000000    2.2885397229e+05
 190.0000000    2.2887390154e+05
 195.0000000    2.2889443739e+05
 200.0000000    2.2891544777e+05
 205.0000000    2.2893683588e+05
 210.0000000    2.2895884471e+05
 215.0000000    2.2898123770e+05
 220.0000000    2.2900405936e+05
 225.0000000    2.2902747520e+05
 230.0000000    2.2905122487e+05
 235.0000000    2.2907546723e+05
 240.0000000    2.2910023185e+05
 245.0000000    2.2912532493e+05
 250.0000000    2.2915095549e+05
 255.0000000    2.2917700676e+05
 260.0000000    2.2920342116e+05
 265.0000000    2.2923038529e+05
 270.0000000    2.2925767999e+05
 275.0000000    2.2928539967e+05
 280.0000000    2.2931363289e+05
 285.0000000    2.2934213575e+05
 290.0000000    2.2937112726e+05
 295.0000000    2.2940056282e+05
 300.0000000    2.2943025625e+05
 305.0000000    2.2946047782e+05
 310.0000000    2.2949105841e+05
 315.0000000    2.2952192846e+05
 320.0000000    2.2955332153e+05
 325.0000000    2.2958500243e+05
 330.0000000    2.2961703273e+05
 335.0000000    2.2964952636e+05
 340.0000000    2.2968226772e+05
 345.0000000    2.2971543001e+05
 350.0000000    2.2974897132e+05
 355.0000000    2.2978276342e+05
 360.0000000    2.2981700968e+05
 365.0000000    2.2985152720e+05
 370.0000000    2.2988634092e+05
 375.0000000    2.2992161736e+05
 380.0000000    2.2995709175e+05
 385.0000000    2.2999292961e+05
 390.0000000    2.3002918060e+05
 395.0000000    2.3006557153e+05
 400.0000000    2.3010236250e+05
 405.0000000    2.3013950475e+05
 410.0000000    2.3017684486e+05
 415.0000000    2.3021463157e+05
 420.0000000    2.3025266752e+05
 425.0000000    2.3029091676e+05
 430.0000000    2.3032953029e+05
 435.0000000    2.3036826758e+05
 440.0000000    2.3040729997e+05
 445.0000000    2.3044677947e+05
 450.0000000    2.3048657503e+05
 455.0000000    2.3052677346e+05
 460.0000000    2.3056714806e+05
 465.0000000    2.3060769999e+05
 470.0000000    2.3064860681e+05
 475.0000000    2.3068944610e+05
 480.0000000    2.3073041321e+05
 485.0000000    2.3077195462e+05
 490.0000000    2.3081375582e+05
 495.0000000    2.3085587112e+05
 500.0000000    2.3089851614e+05
 505.0000000    2.3094156598e+05
 510.0000000    2.3098489854e+05
 515.0000000    2.3102825208e+05
 520.0000000    2.3107181587e+05
 525.0000000    2.3111565933e+05
