#          tintegral inside 5 < r < 500
   0.0000000    0.0000000000e+00
   3.2000000   -7.5485879419e-16
   6.4000000    3.5304758365e-14
   9.6000000   -2.8981397529e-14
  12.8000000   -1.0601608165e-14
  16.0000000   -2.9689163527e-13
  19.2000000   -3.3871137601e-15
  22.4000000    1.7994109684e-13
  25.6000000   -1.2862390270e-13
  28.8000000    1.3324058948e-13
  32.0000000   -7.6141481826e-14
  35.2000000   -7.3565363346e-14
  38.4000000   -1.2197887029e-13
  41.6000000   -3.1540669639e-13
  44.8000000    2.0438150713e-14
  48.0000000   -1.2128202662e-13
  51.2000000   -2.2395247112e-13
  54.4000000    2.4860960758e-13
  57.6000000   -6.7468115352e-15
  60.8000000   -3.3965347783e-14
  64.0000000    2.8753961008e-14
  67.2000000   -3.5183099475e-14
  70.4000000   -1.1783150175e-15
  73.6000000   -1.4340284693e-13
  76.8000000    1.5894773812e-13
  80.0000000    2.5310598104e-13
  83.2000000    3.6076857185e-13
  86.4000000    8.5617632235e-14
  89.6000000   -1.2570960607e-13
  92.8000000   -1.2735874692e-13
  96.0000000    7.3811867062e-14
  99.2000000   -2.5780222794e-13
 102.4000000    8.7901271878e-14
 105.6000000    3.2393216940e-13
 108.8000000   -3.9380198113e-13
 112.0000000   -4.9503499098e-13
 115.2000000   -5.8185154555e-14
 118.4000000    3.0736771394e-13
 121.6000000    2.9895754214e-14
 124.8000000   -4.0844549007e-14
 128.0000000    1.0706894878e-13
 131.2000000   -1.6384921601e-13
 134.4000000    2.6615016736e-13
 137.6000000    4.3120087976e-13
 140.8000000    2.5371219032e-13
 144.0000000   -3.7143999650e-13
 147.2000000    3.2617302958e-13
 150.4000000   -1.5881234596e-13
 153.6000000   -2.8094509883e-13
 156.8000000   -7.3089855402e-14
 160.0000000   -1.2786642769e-13
 163.2000000   -3.0815280332e-13
 166.4000000   -2.1899968606e-13
