#          tintegral inside 1.71414 < R < 300
   0.0000000    9.0848363762e+04
   2.5000000    9.0848411673e+04
   5.0000000    9.0848484042e+04
   7.5000000    9.0848593332e+04
  10.0000000    9.0848822020e+04
  12.5000000    9.0849089054e+04
  15.0000000    9.0849370922e+04
  17.5000000    9.0849767077e+04
  20.0000000    9.0850229626e+04
  22.5000000    9.0850694564e+04
  25.0000000    9.0851255442e+04
  27.5000000    9.0851905777e+04
  30.0000000    9.0852558219e+04
  32.5000000    9.0853283919e+04
  35.0000000    9.0854113938e+04
  37.5000000    9.0854954786e+04
  40.0000000    9.0855848019e+04
  42.5000000    9.0856853911e+04
  45.0000000    9.0857885508e+04
  47.5000000    9.0858950264e+04
  50.0000000    9.0860126425e+04
  52.5000000    9.0861345662e+04
  55.0000000    9.0862585241e+04
  57.5000000    9.0863930382e+04
  60.0000000    9.0865337321e+04
  62.5000000    9.0866757078e+04
  65.0000000    9.0868269564e+04
  67.5000000    9.0869858733e+04
  70.0000000    9.0871459546e+04
  72.5000000    9.0873139672e+04
  75.0000000    9.0874909844e+04
  77.5000000    9.0876696272e+04
  80.0000000    9.0878546234e+04
  82.5000000    9.0880492281e+04
  85.0000000    9.0882462196e+04
  87.5000000    9.0884482562e+04
  90.0000000    9.0886603142e+04
  92.5000000    9.0888759240e+04
  95.0000000    9.0890954550e+04
  97.5000000    9.0893247270e+04
 100.0000000    9.0895585451e+04
 102.5000000    9.0897954878e+04
 105.0000000    9.0900418523e+04
 107.5000000    9.0902940083e+04
 110.0000000    9.0905488730e+04
 112.5000000    9.0908124075e+04
 115.0000000    9.0910825099e+04
 117.5000000    9.0913550242e+04
 120.0000000    9.0916355340e+04
 122.5000000    9.0919235974e+04
 125.0000000    9.0922142241e+04
 127.5000000    9.0925120233e+04
 130.0000000    9.0928178452e+04
 132.5000000    9.0931262278e+04
 135.0000000    9.0934409697e+04
 137.5000000    9.0937644289e+04
 140.0000000    9.0940909513e+04
 142.5000000    9.0944230744e+04
 145.0000000    9.0947641943e+04
 147.5000000    9.0951085861e+04
 150.0000000    9.0954576245e+04
 152.5000000    9.0958160718e+04
 155.0000000    9.0961786220e+04
 157.5000000    9.0965450693e+04
 160.0000000    9.0969210162e+04
 162.5000000    9.0973016026e+04
 165.0000000    9.0976850236e+04
 167.5000000    9.0980778784e+04
 170.0000000    9.0984766217e+04
 172.5000000    9.0988775976e+04
 175.0000000    9.0992876753e+04
 177.5000000    9.0997046446e+04
 180.0000000    9.1001228990e+04
 182.5000000    9.1005493882e+04
 185.0000000    9.1009842331e+04
